0	28	0	0	0	0	10042206	
1	28	0	0	0	0	10042212	
2	28	0	0	0	0	10042224	
3	28	0	0	0	0	10042306	
4	28	0	0	0	0	10042312	
5	28	0	0	0	0	10042324	
6	28	0	0	0	0	10042406	
7	28	0	0	0	0	10042412	
8	28	0	0	0	0	10042424	
9	28	0	0	0	0	10042506	
10	28	0	0	0	0	10042512	
11	28	0	0	0	0	10042524	
12	28	0	0	0	0	10042606	
13	28	0	0	0	0	10042612	
14	28	0	0	0	0	10042624	
15	28	0	0	0	0	10042706	
16	28	0	0	0	0	10042712	
17	28	0	0	0	0	10042724	
18	28	0	0	0	0	10042806	
19	28	0	0	0	0	10042812	
20	28	0	0	0	0	10042824	
21	28	0	0	0	0	10042906	
22	28	0	0	0	0	10042912	
23	28	0	0	0	0	10042924	
24	28	0	0	0	0	10043006	
25	28	0	0	0	0	10043012	
26	28	0	0	0	0	10043024	
27	28	0	0	0	0	10050106	
28	28	0	0	0	0	10050112	
29	28	0	0	0	0	10050124	
30	28	0	0	0	0	10050206	
31	28	0	0	0	0	10050212	
32	28	0	0	0	0	10050224	
33	28	0	0	0	0	10050306	
34	28	0	0	0	0	10050312	
35	28	0	0	0	0	10050324	
36	28	0	0	0	0	10050406	
37	28	0	0	0	0	10050412	
38	28	0	0	0	0	10050424	
39	28	0	0	0	0	10050506	
40	28	0	0	0	0	10050512	
41	28	0	0	0	0	10050524	
42	28	0	0	0	0	10050606	
43	28	0	0	0	0	10050612	
44	28	0	0	0	0	10050624	
45	28	0	0	0	0	10050706	
46	28	0	0	0	0	10050712	
47	28	0	0	0	0	10050724	
48	28	0	0	0	0	10050806	
49	28	0	0	0	0	10050812	
50	28	0	0	0	0	10050824	
51	28	0	0	0	0	10050906	
52	28	0	0	0	0	10050912	
53	28	0	0	0	0	10050924	
54	28	0	0	0	0	10051006	
55	28	0	0	0	0	10051012	
56	28	0	0	0	0	10051024	
57	28	0	0	0	0	10051106	
58	28	0	0	0	0	10051112	
59	28	0	0	0	0	10051124	
60	28	0	0	0	0	10051206	
61	28	0	0	0	0	10051212	
62	28	0	0	0	0	10051224	
63	28	0	0	0	0	10051306	
64	28	0	0	0	0	10051312	
65	28	0	0	0	0	10051324	
66	28	0	0	0	0	10051406	
67	28	0	0	0	0	10051412	
68	28	0	0	0	0	10051424	
69	28	0	0	0	0	10051506	
70	28	0	0	0	0	10051512	
71	28	0	0	0	0	10051524	
72	28	0	0	0	0	10051606	
73	28	0	0	0	0	10051612	
74	28	0	0	0	0	10051624	
75	28	0	0	0	0	10051706	
76	28	0	0	0	0	10051712	
77	28	0	0	0	0	10051724	
78	28	0	0	0	0	10051806	
79	28	0	0	0	0	10051812	
80	28	0	0	0	0	10051824	
81	28	0	0	0	0	10051906	
82	28	0	0	0	0	10051912	
83	28	0	0	0	0	10051924	
84	28	0	0	0	0	10052006	
85	28	0	0	0	0	10052012	
86	28	0	0	0	0	10052024	
87	28	0	0	0	0	10052106	
88	28	0	0	0	0	10052112	
89	28	0	0	0	0	10052124	
90	28	0	0	0	0	10052206	
91	28	0	0	0	0	10052212	
92	28	0	0	0	0	10052224	
93	28	0	0	0	0	10052306	
94	28	0	0	0	0	10052312	
95	28	0	0	0	0	10052324	
96	28	0	0	0	0	10052406	
97	28	0	0	0	0	10052412	
98	28	0	0	0	0	10052424	
99	28	0	0	0	0	10052506	
100	28	0	0	0	0	10052512	
101	28	0	0	0	0	10052524	
102	28	0	0	0	0	10052606	
103	28	0	0	0	0	10052612	
104	28	0	0	0	0	10052624	
105	28	0	0	0	0	10052706	
106	28	0	0	0	0	10052712	
107	28	0	0	0	0	10052724	
108	28	0	0	0	0	10052806	
109	28	0	0	0	0	10052812	
110	28	0	0	0	0	10052824	
111	28	0	0	0	0	10052906	
112	28	0	0	0	0	10052912	
113	28	0	0	0	0	10052924	
114	28	0	0	0	0	10053006	
115	28	0	0	0	0	10053012	
116	28	0	0	0	0	10053024	
117	28	0	0	0	0	10053106	
118	28	0	0	0	0	10053112	
119	28	0	0	0	0	10053124	
120	28	0	0	0	0	10060106	
121	28	0	0	0	0	10060112	
122	28	0	0	0	0	10060124	
123	28	0	0	0	0	10060206	
124	28	0	0	0	0	10060212	
125	28	0	0	0	0	10060224	
126	28	0	0	0	0	10060306	
127	28	0	0	0	0	10060312	
128	28	0	0	0	0	10060324	
129	28	0	0	0	0	10060406	
130	28	0	0	0	0	10060412	
131	28	0	0	0	0	10060424	
132	28	0	0	0	0	10060506	
133	28	0	0	0	0	10060512	
134	28	0	0	0	0	10060524	
135	28	0	0	0	0	10060606	
136	28	0	0	0	0	10060612	
137	28	0	0	0	0	10060624	
138	28	0	0	0	0	10060706	
139	28	0	0	0	0	10060712	
140	28	0	0	0	0	10060724	
141	28	0	0	0	0	10060806	
142	28	0	0	0	0	10060812	
143	28	0	0	0	0	10060824	
144	28	0	0	0	0	10060906	
145	28	0	0	0	0	10060912	
146	28	0	0	0	0	10060924	
147	28	0	0	0	0	10061006	
148	28	0	0	0	0	10061012	
149	28	0	0	0	0	10061024	
150	28	0	0	0	0	10061106	
151	28	0	0	0	0	10061112	
152	28	0	0	0	0	10061124	
153	28	0	0	0	0	10061206	
154	28	0	0	0	0	10061212	
155	28	0	0	0	0	10061224	
156	28	0	0	0	0	10061306	
157	28	0	0	0	0	10061312	
158	28	0	0	0	0	10061324	
159	28	0	0	0	0	10061406	
160	28	0	0	0	0	10061412	
161	28	0	0	0	0	10061424	
162	28	0	0	0	0	10061506	
163	28	0	0	0	0	10061512	
164	28	0	0	0	0	10061524	
165	28	0	0	0	0	10061606	
166	28	0	0	0	0	10061612	
167	28	0	0	0	0	10061624	
168	28	0	0	0	0	10061706	
169	28	0	0	0	0	10061712	
170	28	0	0	0	0	10061724	
171	28	0	0	0	0	10061806	
172	28	0	0	0	0	10061812	
173	28	0	0	0	0	10061824	
174	28	0	0	0	0	10061906	
175	28	0	0	0	0	10061912	
176	28	0	0	0	0	10061924	
177	28	0	0	0	0	10062006	
178	28	0	0	0	0	10062012	
179	28	0	0	0	0	10062024	
180	28	0	0	0	0	10062106	
181	28	0	0	0	0	10062112	
182	28	0	0	0	0	10062124	
183	28	0	0	0	0	10062206	
184	28	0	0	0	0	10062212	
185	28	0	0	0	0	10062224	
186	28	0	0	0	0	10062306	
187	28	0	0	0	0	10062312	
188	28	0	0	0	0	10062324	
189	28	0	0	0	0	10062406	
190	28	0	0	0	0	10062412	
191	28	0	0	0	0	10062424	
192	28	0	0	0	0	10062506	
193	28	0	0	0	0	10062512	
194	28	0	0	0	0	10062524	
195	28	0	0	0	0	10062606	
196	28	0	0	0	0	10062612	
197	28	0	0	0	0	10062624	
198	28	0	0	0	0	10062706	
199	28	0	0	0	0	10062712	
200	28	0	0	0	0	10062724	
201	28	0	0	0	0	10062806	
202	28	0	0	0	0	10062812	
203	28	0	0	0	0	10062824	
204	28	0	0	0	0	10062906	
205	28	0	0	0	0	10062912	
206	28	0	0	0	0	10062924	
207	28	0	0	0	0	10063006	
208	28	0	0	0	0	10063012	
209	28	0	0	0	0	10063024	
210	28	0	0	0	0	10070106	
211	28	0	0	0	0	10070112	
212	28	0	0	0	0	10070124	
213	28	0	0	0	0	10070206	
214	28	0	0	0	0	10070212	
215	28	0	0	0	0	10070224	
216	28	0	0	0	0	10070306	
217	28	0	0	0	0	10070312	
218	28	0	0	0	0	10070324	
219	28	0	0	0	0	10070406	
220	28	0	0	0	0	10070412	
221	28	0	0	0	0	10070424	
222	28	0	0	0	0	10070506	
223	28	0	0	0	0	10070512	
224	28	0	0	0	0	10070524	
225	28	0	0	0	0	10070606	
226	28	0	0	0	0	10070612	
227	28	0	0	0	0	10070624	
228	28	0	0	0	0	10070706	
229	28	0	0	0	0	10070712	
230	28	0	0	0	0	10070724	
231	28	0	0	0	0	10070806	
232	28	0	0	0	0	10070812	
233	28	0	0	0	0	10070824	
234	28	0	0	0	0	10070906	
235	28	0	0	0	0	10070912	
236	28	0	0	0	0	10070924	
237	28	0	0	0	0	10071006	
238	28	0	0	0	0	10071012	
239	28	0	0	0	0	10071024	
240	28	0	0	0	0	10071106	
241	28	0	0	0	0	10071112	
242	28	0	0	0	0	10071124	
243	28	0	0	0	0	10071206	
244	28	0	0	0	0	10071212	
245	28	0	0	0	0	10071224	
246	28	0	0	0	0	10071306	
247	28	0	0	0	0	10071312	
248	28	0	0	0	0	10071324	
249	28	0	0	0	0	10071406	
250	28	0	0	0	0	10071412	
251	28	0	0	0	0	10071424	
252	28	0	0	0	0	10071506	
253	28	0	0	0	0	10071512	
254	28	0	0	0	0	10071524	
255	28	0	0	0	0	10071606	
256	28	0	0	0	0	10071612	
257	28	0	0	0	0	10071624	
258	28	0	0	0	0	10071706	
259	28	0	0	0	0	10071712	
260	28	0	0	0	0	10071724	
261	28	0	0	0	0	10071806	
262	28	0	0	0	0	10071812	
263	28	0	0	0	0	10071824	
264	28	0	0	0	0	10071906	
265	28	0	0	0	0	10071912	
266	28	0	0	0	0	10071924	
267	28	0	0	0	0	10072006	
268	28	0	0	0	0	10072012	
269	28	0	0	0	0	10072024	
270	28	0	0	0	0	10072106	
271	28	0	0	0	0	10072112	
272	28	0	0	0	0	10072124	
273	28	0	0	0	0	10072206	
274	28	0	0	0	0	10072212	
275	28	0	0	0	0	10072224	
276	28	0	0	0	0	10072306	
277	28	0	0	0	0	10072312	
278	28	0	0	0	0	10072324	
279	28	0	0	0	0	10072406	
280	28	0	0	0	0	10072412	
281	28	0	0	0	0	10072424	
282	28	0	0	0	0	10072506	
283	28	0	0	0	0	10072512	
284	28	0	0	0	0	10072524	
285	28	0	0	0	0	10072606	
286	28	0	0	0	0	10072612	
287	28	0	0	0	0	10072624	
288	28	0	0	0	0	10072706	
289	28	0	0	0	0	10072712	
290	28	0	0	0	0	10072724	
291	28	0	0	0	0	10072806	
292	28	0	0	0	0	10072812	
293	28	0	0	0	0	10072824	
294	28	0	0	0	0	10072906	
295	28	0	0	0	0	10072912	
296	28	0	0	0	0	10072924	
297	28	0	0	0	0	10073006	
298	28	0	0	0	0	10073012	
299	28	0	0	0	0	10073024	
300	28	0	0	0	0	10073106	
301	28	0	0	0	0	10073112	
302	28	0	0	0	0	10073124	
303	28	0	0	0	0	10080106	
304	28	0	0	0	0	10080112	
305	28	0	0	0	0	10080124	
306	28	0	0	0	0	10080206	
307	28	0	0	0	0	10080212	
308	28	0	0	0	0	10080224	
309	28	0	0	0	0	10080306	
310	28	0	0	0	0	10080312	
311	28	0	0	0	0	10080324	
312	28	0	0	0	0	10080406	
313	28	0	0	0	0	10080412	
314	28	0	0	0	0	10080424	
315	28	0	0	0	0	10080506	
316	28	0	0	0	0	10080512	
317	28	0	0	0	0	10080524	
318	28	0	0	0	0	10080606	
319	28	0	0	0	0	10080612	
320	28	0	0	0	0	10080624	
321	28	0	0	0	0	10080706	
322	28	0	0	0	0	10080712	
323	28	0	0	0	0	10080724	
324	28	0	0	0	0	10080806	
325	28	0	0	0	0	10080812	
326	28	0	0	0	0	10080824	
327	28	0	0	0	0	10080906	
328	28	0	0	0	0	10080912	
329	28	0	0	0	0	10080924	
330	28	0	0	0	0	10081006	
331	28	0	0	0	0	10081012	
332	28	0	0	0	0	10081024	
333	28	0	0	0	0	10081106	
334	28	0	0	0	0	10081112	
335	28	0	0	0	0	10081124	
336	28	0	0	0	0	10081206	
337	28	0	0	0	0	10081212	
338	28	0	0	0	0	10081224	
339	28	0	0	0	0	10081306	
340	28	0	0	0	0	10081312	
341	28	0	0	0	0	10081324	
342	28	0	0	0	0	10081406	
343	28	0	0	0	0	10081412	
344	28	0	0	0	0	10081424	
345	28	0	0	0	0	10081506	
346	28	0	0	0	0	10081512	
347	28	0	0	0	0	10081524	
348	28	0	0	0	0	10081606	
349	28	0	0	0	0	10081612	
350	28	0	0	0	0	10081624	
351	28	0	0	0	0	10081706	
352	28	0	0	0	0	10081712	
353	28	0	0	0	0	10081724	
354	28	0	0	0	0	10081806	
355	28	0	0	0	0	10081812	
356	28	0	0	0	0	10081824	
357	28	0	0	0	0	10081906	
358	28	0	0	0	0	10081912	
359	28	0	0	0	0	10081924	
360	28	0	0	0	0	10082006	
361	28	0	0	0	0	10082012	
362	28	0	0	0	0	10082024	
363	28	0	0	0	0	10082106	
364	28	0	0	0	0	10082112	
365	28	0	0	0	0	10082124	
366	28	0	0	0	0	10082206	
367	28	0	0	0	0	10082212	
368	28	0	0	0	0	10082224	
369	28	0	0	0	0	10082306	
370	28	0	0	0	0	10082312	
371	28	0	0	0	0	10082324	
372	28	0	0	0	0	10082406	
373	28	0	0	0	0	10082412	
374	28	0	0	0	0	10082424	
375	28	0	0	0	0	10082506	
376	28	0	0	0	0	10082512	
377	28	0	0	0	0	10082524	
378	28	0	0	0	0	10082606	
379	28	0	0	0	0	10082612	
380	28	0	0	0	0	10082624	
381	28	0	0	0	0	10082706	
382	28	0	0	0	0	10082712	
383	28	0	0	0	0	10082724	
384	28	0	0	0	0	10082806	
385	28	0	0	0	0	10082812	
386	28	0	0	0	0	10082824	
387	28	0	0	0	0	10082906	
388	28	0	0	0	0	10082912	
389	28	0	0	0	0	10082924	
390	28	0	0	0	0	10083006	
391	28	0	0	0	0	10083012	
392	28	0	0	0	0	10083024	
393	28	0	0	0	0	10083106	
394	28	0	0	0	0	10083112	
395	28	0	0	0	0	10083124	
396	28	0	0	0	0	10090106	
397	28	0	0	0	0	10090112	
398	28	0	0	0	0	10090124	
399	28	0	0	0	0	10090206	
400	28	0	0	0	0	10090212	
401	28	0	0	0	0	10090224	
402	28	0	0	0	0	10090306	
403	28	0	0	0	0	10090312	
404	28	0	0	0	0	10090324	
405	28	0	0	0	0	10090406	
406	28	0	0	0	0	10090412	
407	28	0	0	0	0	10090424	
408	28	0	0	0	0	10090506	
409	28	0	0	0	0	10090512	
410	28	0	0	0	0	10090524	
411	28	0	0	0	0	10090606	
412	28	0	0	0	0	10090612	
413	28	0	0	0	0	10090624	
414	28	0	0	0	0	10090706	
415	28	0	0	0	0	10090712	
416	28	0	0	0	0	10090724	
417	28	0	0	0	0	10090806	
418	28	0	0	0	0	10090812	
419	28	0	0	0	0	10090824	
420	28	0	0	0	0	10090906	
421	28	0	0	0	0	10090912	
422	28	0	0	0	0	10090924	
423	28	0	0	0	0	10091006	
424	28	0	0	0	0	10091012	
425	28	0	0	0	0	10091024	
426	28	0	0	0	0	10091106	
427	28	0	0	0	0	10091112	
428	28	0	0	0	0	10091124	
429	28	0	0	0	0	10091206	
430	28	0	0	0	0	10091212	
431	28	0	0	0	0	10091224	
432	28	0	0	0	0	10091306	
433	28	0	0	0	0	10091312	
434	28	0	0	0	0	10091324	
435	28	0	0	0	0	10091406	
436	28	0	0	0	0	10091412	
437	28	0	0	0	0	10091424	
438	28	0	0	0	0	10091506	
439	28	0	0	0	0	10091512	
440	28	0	0	0	0	10091524	
441	28	0	0	0	0	10091606	
442	28	0	0	0	0	10091612	
443	28	0	0	0	0	10091624	
444	28	0	0	0	0	10091706	
445	28	0	0	0	0	10091712	
446	28	0	0	0	0	10091724	
447	28	0	0	0	0	10091806	
448	28	0	0	0	0	10091812	
449	28	0	0	0	0	10091824	
450	28	0	0	0	0	10091906	
451	28	0	0	0	0	10091912	
452	28	0	0	0	0	10091924	
453	28	0	0	0	0	10092006	
454	28	0	0	0	0	10092012	
455	28	0	0	0	0	10092024	
456	28	0	0	0	0	10092106	
457	28	0	0	0	0	10092112	
458	28	0	0	0	0	10092124	
459	28	0	0	0	0	10092206	
460	28	0	0	0	0	10092212	
461	28	0	0	0	0	10092224	
462	28	0	0	0	0	10092306	
463	28	0	0	0	0	10092312	
464	28	0	0	0	0	10092324	
465	28	0	0	0	0	10092406	
466	28	0	0	0	0	10092412	
467	28	0	0	0	0	10092424	
468	28	0	0	0	0	10092506	
469	28	0	0	0	0	10092512	
470	28	0	0	0	0	10092524	
471	28	0	0	0	0	10092606	
472	28	0	0	0	0	10092612	
473	28	0	0	0	0	10092624	
474	28	0	0	0	0	10092706	
475	28	0	0	0	0	10092712	
476	28	0	0	0	0	10092724	
477	28	0	0	0	0	10092806	
478	28	0	0	0	0	10092812	
479	28	0	0	0	0	10092824	
480	28	0	0	0	0	10092906	
481	28	0	0	0	0	10092912	
482	28	0	0	0	0	10092924	
483	28	0	0	0	0	10093006	
484	28	0	0	0	0	10093012	
485	28	0	0	0	0	10093024	
486	28	0	0	0	0	10100106	
487	28	0	0	0	0	10100112	
488	28	0	0	0	0	10100124	
489	28	0	0	0	0	10100206	
490	28	0	0	0	0	10100212	
491	28	0	0	0	0	10100224	
492	28	0	0	0	0	10100306	
493	28	0	0	0	0	10100312	
494	28	0	0	0	0	10100324	
495	28	0	0	0	0	10100406	
496	28	0	0	0	0	10100412	
497	28	0	0	0	0	10100424	
498	28	0	0	0	0	10100506	
499	28	0	0	0	0	10100512	
500	28	0	0	0	0	10100524	
501	28	0	0	0	0	10100606	
502	28	0	0	0	0	10100612	
503	28	0	0	0	0	10100624	
504	28	0	0	0	0	10100706	
505	28	0	0	0	0	10100712	
506	28	0	0	0	0	10100724	
507	28	0	0	0	0	10100806	
508	28	0	0	0	0	10100812	
509	28	0	0	0	0	10100824	
510	28	0	0	0	0	10100906	
511	28	0	0	0	0	10100912	
512	28	0	0	0	0	10100924	
513	28	0	0	0	0	10101006	
514	28	0	0	0	0	10101012	
515	28	0	0	0	0	10101024	
516	28	0	0	0	0	10101106	
517	28	0	0	0	0	10101112	
518	28	0	0	0	0	10101124	
519	28	0	0	0	0	10101206	
520	28	0	0	0	0	10101212	
521	28	0	0	0	0	10101224	
522	28	0	0	0	0	10101306	
523	28	0	0	0	0	10101312	
524	28	0	0	0	0	10101324	
525	28	0	0	0	0	10101406	
526	28	0	0	0	0	10101412	
527	28	0	0	0	0	10101424	
528	28	0	0	0	0	10101506	
529	28	0	0	0	0	10101512	
530	28	0	0	0	0	10101524	
531	28	0	0	0	0	10101606	
532	28	0	0	0	0	10101612	
533	28	0	0	0	0	10101624	
534	28	0	0	0	0	10101706	
535	28	0	0	0	0	10101712	
536	28	0	0	0	0	10101724	
537	28	0	0	0	0	10101806	
538	28	0	0	0	0	10101812	
539	28	0	0	0	0	10101824	
540	28	0	0	0	0	10101906	
541	28	0	0	0	0	10101912	
542	28	0	0	0	0	10101924	
543	28	0	0	0	0	10102006	
544	28	0	0	0	0	10102012	
545	28	0	0	0	0	10102024	
546	28	0	0	0	0	10102106	
547	28	0	0	0	0	10102112	
548	28	0	0	0	0	10102124	
549	28	0	0	0	0	10102206	
550	28	0	0	0	0	10102212	
551	28	0	0	0	0	10102224	
552	28	0	0	0	0	10102306	
553	28	0	0	0	0	10102312	
554	28	0	0	0	0	10102324	
555	28	0	0	0	0	10102406	
556	28	0	0	0	0	10102412	
557	28	0	0	0	0	10102424	
558	28	0	0	0	0	10102506	
559	28	0	0	0	0	10102512	
560	28	0	0	0	0	10102524	
561	28	0	0	0	0	10102606	
562	28	0	0	0	0	10102612	
563	28	0	0	0	0	10102624	
564	28	0	0	0	0	10102706	
565	28	0	0	0	0	10102712	
566	28	0	0	0	0	10102724	
567	28	0	0	0	0	10102806	
568	28	0	0	0	0	10102812	
569	28	0	0	0	0	10102824	
570	28	0	0	0	0	10102906	
571	28	0	0	0	0	10102912	
572	28	0	0	0	0	10102924	
573	28	0	0	0	0	10103006	
574	28	0	0	0	0	10103012	
575	28	0	0	0	0	10103024	
576	28	0	0	0	0	10103106	
577	28	0	0	0	0	10103112	
578	28	0	0	0	0	10103124	
579	28	0	0	0	0	10110106	
580	28	0	0	0	0	10110112	
581	28	0	0	0	0	10110124	
582	28	0	0	0	0	10110206	
583	28	0	0	0	0	10110212	
584	28	0	0	0	0	10110224	
585	28	0	0	0	0	10110306	
586	28	0	0	0	0	10110312	
587	28	0	0	0	0	10110324	
588	28	0	0	0	0	10110406	
589	28	0	0	0	0	10110412	
590	28	0	0	0	0	10110424	
591	28	0	0	0	0	10110506	
592	28	0	0	0	0	10110512	
593	28	0	0	0	0	10110524	
594	28	0	0	0	0	10110606	
595	28	0	0	0	0	10110612	
596	28	0	0	0	0	10110624	
597	28	0	0	0	0	10110706	
598	28	0	0	0	0	10110712	
599	28	0	0	0	0	10110724	
600	28	0	0	0	0	10110806	
601	28	0	0	0	0	10110812	
602	28	0	0	0	0	10110824	
603	28	0	0	0	0	10110906	
604	28	0	0	0	0	10110912	
605	28	0	0	0	0	10110924	
606	28	0	0	0	0	10111006	
607	28	0	0	0	0	10111012	
608	28	0	0	0	0	10111024	
609	28	0	0	0	0	10111106	
610	28	0	0	0	0	10111112	
611	28	0	0	0	0	10111124	
612	28	0	0	0	0	10111206	
613	28	0	0	0	0	10111212	
614	28	0	0	0	0	10111224	
615	28	0	0	0	0	10111306	
616	28	0	0	0	0	10111312	
617	28	0	0	0	0	10111324	
618	28	0	0	0	0	10111406	
619	28	0	0	0	0	10111412	
620	28	0	0	0	0	10111424	
621	28	0	0	0	0	10111506	
622	28	0	0	0	0	10111512	
623	28	0	0	0	0	10111524	
624	28	0	0	0	0	10111606	
625	28	0	0	0	0	10111612	
626	28	0	0	0	0	10111624	
627	28	0	0	0	0	10111706	
628	28	0	0	0	0	10111712	
629	28	0	0	0	0	10111724	
630	28	0	0	0	0	10111806	
631	28	0	0	0	0	10111812	
632	28	0	0	0	0	10111824	
633	28	0	0	0	0	10111906	
634	28	0	0	0	0	10111912	
635	28	0	0	0	0	10111924	
636	28	0	0	0	0	10112006	
637	28	0	0	0	0	10112012	
638	28	0	0	0	0	10112024	
639	28	0	0	0	0	10112106	
640	28	0	0	0	0	10112112	
641	28	0	0	0	0	10112124	
642	28	0	0	0	0	10112206	
643	28	0	0	0	0	10112212	
644	28	0	0	0	0	10112224	
645	28	0	0	0	0	10112306	
646	28	0	0	0	0	10112312	
647	28	0	0	0	0	10112324	
648	28	0	0	0	0	10112406	
649	28	0	0	0	0	10112412	
650	28	0	0	0	0	10112424	
651	28	0	0	0	0	10112506	
652	28	0	0	0	0	10112512	
653	28	0	0	0	0	10112524	
654	28	0	0	0	0	10112606	
655	28	0	0	0	0	10112612	
656	28	0	0	0	0	10112624	
657	28	0	0	0	0	10112706	
658	28	0	0	0	0	10112712	
659	28	0	0	0	0	10112724	
660	28	0	0	0	0	10112806	
661	28	0	0	0	0	10112812	
662	28	0	0	0	0	10112824	
663	28	0	0	0	0	10112906	
664	28	0	0	0	0	10112912	
665	28	0	0	0	0	10112924	
666	28	0	0	0	0	10113006	
667	28	0	0	0	0	10113012	
668	28	0	0	0	0	10113024	
669	28	0	0	0	0	10120106	
670	28	0	0	0	0	10120112	
671	28	0	0	0	0	10120124	
672	28	0	0	0	0	10120206	
673	28	0	0	0	0	10120212	
674	28	0	0	0	0	10120224	
675	28	0	0	0	0	10120306	
676	28	0	0	0	0	10120312	
677	28	0	0	0	0	10120324	
678	28	0	0	0	0	10120406	
679	28	0	0	0	0	10120412	
680	28	0	0	0	0	10120424	
681	28	0	0	0	0	10120506	
682	28	0	0	0	0	10120512	
683	28	0	0	0	0	10120524	
684	28	0	0	0	0	10120606	
685	28	0	0	0	0	10120612	
686	28	0	0	0	0	10120624	
687	28	0	0	0	0	10120706	
688	28	0	0	0	0	10120712	
689	28	0	0	0	0	10120724	
690	28	0	0	0	0	10120806	
691	28	0	0	0	0	10120812	
692	28	0	0	0	0	10120824	
693	28	0	0	0	0	10120906	
694	28	0	0	0	0	10120912	
695	28	0	0	0	0	10120924	
696	28	0	0	0	0	10121006	
697	28	0	0	0	0	10121012	
698	28	0	0	0	0	10121024	
699	28	0	0	0	0	10121106	
700	28	0	0	0	0	10121112	
701	28	0	0	0	0	10121124	
702	28	0	0	0	0	10121206	
703	28	0	0	0	0	10121212	
704	28	0	0	0	0	10121224	
705	28	0	0	0	0	10121306	
706	28	0	0	0	0	10121312	
707	28	0	0	0	0	10121324	
708	28	0	0	0	0	10121406	
709	28	0	0	0	0	10121412	
710	28	0	0	0	0	10121424	
711	28	0	0	0	0	10121506	
712	28	0	0	0	0	10121512	
713	28	0	0	0	0	10121524	
714	28	0	0	0	0	10121606	
715	28	0	0	0	0	10121612	
716	28	0	0	0	0	10121624	
717	28	0	0	0	0	10121706	
718	28	0	0	0	0	10121712	
719	28	0	0	0	0	10121724	
720	28	0	0	0	0	10121806	
721	28	0	0	0	0	10121812	
722	28	0	0	0	0	10121824	
723	28	0	0	0	0	10121906	
724	28	0	0	0	0	10121912	
725	28	0	0	0	0	10121924	
726	28	0	0	0	0	10122006	
727	28	0	0	0	0	10122012	
728	28	0	0	0	0	10122024	
729	28	0	0	0	0	10122106	
730	28	0	0	0	0	10122112	
731	28	0	0	0	0	10122124	
732	28	0	0	0	0	10122206	
733	28	0	0	0	0	10122212	
734	28	0	0	0	0	10122224	
735	28	0	0	0	0	10122306	
736	28	0	0	0	0	10122312	
737	28	0	0	0	0	10122324	
738	28	0	0	0	0	10122406	
739	28	0	0	0	0	10122412	
740	28	0	0	0	0	10122424	
741	28	0	0	0	0	10122506	
742	28	0	0	0	0	10122512	
743	28	0	0	0	0	10122524	
744	28	0	0	0	0	10122606	
745	28	0	0	0	0	10122612	
746	28	0	0	0	0	10122624	
747	28	0	0	0	0	10122706	
748	28	0	0	0	0	10122712	
749	28	0	0	0	0	10122724	
750	28	0	0	0	0	10122806	
751	28	0	0	0	0	10122812	
752	28	0	0	0	0	10122824	
753	28	0	0	0	0	10122906	
754	28	0	0	0	0	10122912	
755	28	0	0	0	0	10122924	
756	28	0	0	0	0	10123006	
757	28	0	0	0	0	10123012	
758	28	0	0	0	0	10123024	
759	28	0	0	0	0	10123106	
760	28	0	0	0	0	10123112	
761	28	0	0	0	0	10123124	
762	28	0	0	0	0	11010106	
763	28	0	0	0	0	11010112	
764	28	0	0	0	0	11010124	
765	28	0	0	0	0	11010206	
766	28	0	0	0	0	11010212	
767	28	0	0	0	0	11010224	
768	28	0	0	0	0	11010306	
769	28	0	0	0	0	11010312	
770	28	0	0	0	0	11010324	
771	28	0	0	0	0	11010406	
772	28	0	0	0	0	11010412	
773	28	0	0	0	0	11010424	
774	28	0	0	0	0	11010506	
775	28	0	0	0	0	11010512	
776	28	0	0	0	0	11010524	
777	28	0	0	0	0	11010606	
778	28	0	0	0	0	11010612	
779	28	0	0	0	0	11010624	
780	28	0	0	0	0	11010706	
781	28	0	0	0	0	11010712	
782	28	0	0	0	0	11010724	
783	28	0	0	0	0	11010806	
784	28	0	0	0	0	11010812	
785	28	0	0	0	0	11010824	
786	28	0	0	0	0	11010906	
787	28	0	0	0	0	11010912	
788	28	0	0	0	0	11010924	
789	28	0	0	0	0	11011006	
790	28	0	0	0	0	11011012	
791	28	0	0	0	0	11011024	
792	28	0	0	0	0	11011106	
793	28	0	0	0	0	11011112	
794	28	0	0	0	0	11011124	
795	28	0	0	0	0	11011206	
796	28	0	0	0	0	11011212	
797	28	0	0	0	0	11011224	
798	28	0	0	0	0	11011306	
799	28	0	0	0	0	11011312	
800	28	0	0	0	0	11011324	
801	28	0	0	0	0	11011406	
802	28	0	0	0	0	11011412	
803	28	0	0	0	0	11011424	
804	28	0	0	0	0	11011506	
805	28	0	0	0	0	11011512	
806	28	0	0	0	0	11011524	
807	28	0	0	0	0	11011606	
808	28	0	0	0	0	11011612	
809	28	0	0	0	0	11011624	
810	28	0	0	0	0	11011706	
811	28	0	0	0	0	11011712	
812	28	0	0	0	0	11011724	
813	28	0	0	0	0	11011806	
814	28	0	0	0	0	11011812	
815	28	0	0	0	0	11011824	
816	28	0	0	0	0	11011906	
817	28	0	0	0	0	11011912	
818	28	0	0	0	0	11011924	
819	28	0	0	0	0	11012006	
820	28	0	0	0	0	11012012	
821	28	0	0	0	0	11012024	
822	28	0	0	0	0	11012106	
823	28	0	0	0	0	11012112	
824	28	0	0	0	0	11012124	
825	28	0	0	0	0	11012206	
826	28	0	0	0	0	11012212	
827	28	0	0	0	0	11012224	
828	28	0	0	0	0	11012306	
829	28	0	0	0	0	11012312	
830	28	0	0	0	0	11012324	
831	28	0	0	0	0	11012406	
832	28	0	0	0	0	11012412	
833	28	0	0	0	0	11012424	
834	28	0	0	0	0	11012506	
835	28	0	0	0	0	11012512	
836	28	0	0	0	0	11012524	
837	28	0	0	0	0	11012606	
838	28	0	0	0	0	11012612	
839	28	0	0	0	0	11012624	
840	28	0	0	0	0	11012706	
841	28	0	0	0	0	11012712	
842	28	0	0	0	0	11012724	
843	28	0	0	0	0	11012806	
844	28	0	0	0	0	11012812	
845	28	0	0	0	0	11012824	
846	28	0	0	0	0	11012906	
847	28	0	0	0	0	11012912	
848	28	0	0	0	0	11012924	
849	28	0	0	0	0	11013006	
850	28	0	0	0	0	11013012	
851	28	0	0	0	0	11013024	
852	28	0	0	0	0	11013106	
853	28	0	0	0	0	11013112	
854	28	0	0	0	0	11013124	
855	28	0	0	0	0	11020106	
856	28	0	0	0	0	11020112	
857	28	0	0	0	0	11020124	
858	28	0	0	0	0	11020206	
859	28	0	0	0	0	11020212	
860	28	0	0	0	0	11020224	
861	28	0	0	0	0	11020306	
862	28	0	0	0	0	11020312	
863	28	0	0	0	0	11020324	
864	28	0	0	0	0	11020406	
865	28	0	0	0	0	11020412	
866	28	0	0	0	0	11020424	
867	28	0	0	0	0	11020506	
868	28	0	0	0	0	11020512	
869	28	0	0	0	0	11020524	
870	28	0	0	0	0	11020606	
871	28	0	0	0	0	11020612	
872	28	0	0	0	0	11020624	
873	28	0	0	0	0	11020706	
874	28	0	0	0	0	11020712	
875	28	0	0	0	0	11020724	
876	28	0	0	0	0	11020806	
877	28	0	0	0	0	11020812	
878	28	0	0	0	0	11020824	
879	28	0	0	0	0	11020906	
880	28	0	0	0	0	11020912	
881	28	0	0	0	0	11020924	
882	28	0	0	0	0	11021006	
883	28	0	0	0	0	11021012	
884	28	0	0	0	0	11021024	
885	28	0	0	0	0	11021106	
886	28	0	0	0	0	11021112	
887	28	0	0	0	0	11021124	
888	28	0	0	0	0	11021206	
889	28	0	0	0	0	11021212	
890	28	0	0	0	0	11021224	
891	28	0	0	0	0	11021306	
892	28	0	0	0	0	11021312	
893	28	0	0	0	0	11021324	
894	28	0	0	0	0	11021406	
895	28	0	0	0	0	11021412	
896	28	0	0	0	0	11021424	
897	28	0	0	0	0	11021506	
898	28	0	0	0	0	11021512	
899	28	0	0	0	0	11021524	
900	28	0	0	0	0	11021606	
901	28	0	0	0	0	11021612	
902	28	0	0	0	0	11021624	
903	28	0	0	0	0	11021706	
904	28	0	0	0	0	11021712	
905	28	0	0	0	0	11021724	
906	28	0	0	0	0	11021806	
907	28	0	0	0	0	11021812	
908	28	0	0	0	0	11021824	
909	28	0	0	0	0	11021906	
910	28	0	0	0	0	11021912	
911	28	0	0	0	0	11021924	
912	28	0	0	0	0	11022006	
913	28	0	0	0	0	11022012	
914	28	0	0	0	0	11022024	
915	28	0	0	0	0	11022106	
916	28	0	0	0	0	11022112	
917	28	0	0	0	0	11022124	
918	28	0	0	0	0	11022206	
919	28	0	0	0	0	11022212	
920	28	0	0	0	0	11022224	
921	28	0	0	0	0	11022306	
922	28	0	0	0	0	11022312	
923	28	0	0	0	0	11022324	
924	28	0	0	0	0	11022406	
925	28	0	0	0	0	11022412	
926	28	0	0	0	0	11022424	
927	28	0	0	0	0	11022506	
928	28	0	0	0	0	11022512	
929	28	0	0	0	0	11022524	
930	28	0	0	0	0	11022606	
931	28	0	0	0	0	11022612	
932	28	0	0	0	0	11022624	
933	28	0	0	0	0	11022706	
934	28	0	0	0	0	11022712	
935	28	0	0	0	0	11022724	
936	28	0	0	0	0	11022806	
937	28	0	0	0	0	11022812	
938	28	0	0	0	0	11022824	
939	28	0	0	0	0	11030106	
940	28	0	0	0	0	11030112	
941	28	0	0	0	0	11030124	
942	28	0	0	0	0	11030206	
943	28	0	0	0	0	11030212	
944	28	0	0	0	0	11030224	
945	28	0	0	0	0	11030306	
946	28	0	0	0	0	11030312	
947	28	0	0	0	0	11030324	
948	28	0	0	0	0	11030406	
949	28	0	0	0	0	11030412	
950	28	0	0	0	0	11030424	
951	28	0	0	0	0	11030506	
952	28	0	0	0	0	11030512	
953	28	0	0	0	0	11030524	
954	28	0	0	0	0	11030606	
955	28	0	0	0	0	11030612	
956	28	0	0	0	0	11030624	
957	28	0	0	0	0	11030706	
958	28	0	0	0	0	11030712	
959	28	0	0	0	0	11030724	
960	28	0	0	0	0	11030806	
961	28	0	0	0	0	11030812	
962	28	0	0	0	0	11030824	
963	28	0	0	0	0	11030906	
964	28	0	0	0	0	11030912	
965	28	0	0	0	0	11030924	
966	28	0	0	0	0	11031006	
967	28	0	0	0	0	11031012	
968	28	0	0	0	0	11031024	
969	28	0	0	0	0	11031106	
970	28	0	0	0	0	11031112	
971	28	0	0	0	0	11031124	
972	28	0	0	0	0	11031206	
973	28	0	0	0	0	11031212	
974	28	0	0	0	0	11031224	
975	28	0	0	0	0	11031306	
976	28	0	0	0	0	11031312	
977	28	0	0	0	0	11031324	
978	28	0	0	0	0	11031406	
979	28	0	0	0	0	11031412	
980	28	0	0	0	0	11031424	
981	28	0	0	0	0	11031506	
982	28	0	0	0	0	11031512	
983	28	0	0	0	0	11031524	
984	28	0	0	0	0	11031606	
985	28	0	0	0	0	11031612	
986	28	0	0	0	0	11031624	
987	28	0	0	0	0	11031706	
988	28	0	0	0	0	11031712	
989	28	0	0	0	0	11031724	
990	28	0	0	0	0	11031806	
991	28	0	0	0	0	11031812	
992	28	0	0	0	0	11031824	
993	28	0	0	0	0	11031906	
994	28	0	0	0	0	11031912	
995	28	0	0	0	0	11031924	
996	28	0	0	0	0	11032006	
997	28	0	0	0	0	11032012	
998	28	0	0	0	0	11032024	
999	28	0	0	0	0	11032106	
1000	28	0	0	0	0	11032112	
1001	28	0	0	0	0	11032124	
1002	28	0	0	0	0	11032206	
1003	28	0	0	0	0	11032212	
1004	28	0	0	0	0	11032224	
1005	28	0	0	0	0	11032306	
1006	28	0	0	0	0	11032312	
1007	28	0	0	0	0	11032324	
1008	28	0	0	0	0	11032406	
1009	28	0	0	0	0	11032412	
1010	28	0	0	0	0	11032424	
1011	28	0	0	0	0	11032506	
1012	28	0	0	0	0	11032512	
1013	28	0	0	0	0	11032524	
1014	28	0	0	0	0	11032606	
1015	28	0	0	0	0	11032612	
1016	28	0	0	0	0	11032624	
1017	28	0	0	0	0	11032706	
1018	28	0	0	0	0	11032712	
1019	28	0	0	0	0	11032724	
1020	28	0	0	0	0	11032806	
1021	28	0	0	0	0	11032812	
1022	28	0	0	0	0	11032824	
1023	28	0	0	0	0	11032906	
1024	28	0	0	0	0	11032912	
1025	28	0	0	0	0	11032924	
1026	28	0	0	0	0	11033006	
1027	28	0	0	0	0	11033012	
1028	28	0	0	0	0	11033024	
1029	28	0	0	0	0	11033106	
1030	28	0	0	0	0	11033112	
1031	28	0	0	0	0	11033124	
1032	28	0	0	0	0	11040106	
1033	28	0	0	0	0	11040112	
1034	28	0	0	0	0	11040124	
1035	28	0	0	0	0	11040206	
1036	28	0	0	0	0	11040212	
1037	28	0	0	0	0	11040224	
1038	28	0	0	0	0	11040306	
1039	28	0	0	0	0	11040312	
1040	28	0	0	0	0	11040324	
1041	28	0	0	0	0	11040406	
1042	28	0	0	0	0	11040412	
1043	28	0	0	0	0	11040424	
1044	28	0	0	0	0	11040506	
1045	28	0	0	0	0	11040512	
1046	28	0	0	0	0	11040524	
1047	28	0	0	0	0	11040606	
1048	28	0	0	0	0	11040612	
1049	28	0	0	0	0	11040624	
1050	28	0	0	0	0	11040706	
1051	28	0	0	0	0	11040712	
1052	28	0	0	0	0	11040724	
1053	28	0	0	0	0	11040806	
1054	28	0	0	0	0	11040812	
1055	28	0	0	0	0	11040824	
1056	28	0	0	0	0	11040906	
1057	28	0	0	0	0	11040912	
1058	28	0	0	0	0	11040924	
1059	28	0	0	0	0	11041006	
1060	28	0	0	0	0	11041012	
1061	28	0	0	0	0	11041024	
1062	28	0	0	0	0	11041106	
1063	28	0	0	0	0	11041112	
1064	28	0	0	0	0	11041124	
1065	28	0	0	0	0	11041206	
1066	28	0	0	0	0	11041212	
1067	28	0	0	0	0	11041224	
1068	28	0	0	0	0	11041306	
1069	28	0	0	0	0	11041312	
1070	28	0	0	0	0	11041324	
1071	28	0	0	0	0	11041406	
1072	28	0	0	0	0	11041412	
1073	28	0	0	0	0	11041424	
1074	28	0	0	0	0	11041506	
1075	28	0	0	0	0	11041512	
1076	28	0	0	0	0	11041524	
1077	28	0	0	0	0	11041606	
1078	28	0	0	0	0	11041612	
1079	28	0	0	0	0	11041624	
1080	28	0	0	0	0	11041706	
1081	28	0	0	0	0	11041712	
1082	28	0	0	0	0	11041724	
1083	28	0	0	0	0	11041806	
1084	28	0	0	0	0	11041812	
1085	28	0	0	0	0	11041824	
1086	28	0	0	0	0	11041906	
1087	28	0	0	0	0	11041912	
1088	28	0	0	0	0	11041924	
1089	28	0	0	0	0	11042006	
1090	28	0	0	0	0	11042012	
1091	28	0	0	0	0	11042024	
1092	28	0	0	0	0	11042106	
1093	28	0	0	0	0	11042112	
1094	28	0	0	0	0	11042124	
1095	28	0	0	0	0	11042206	
1096	28	0	0	0	0	11042212	
1097	28	0	0	0	0	11042224	
1098	28	0	0	0	0	11042306	
1099	28	0	0	0	0	11042312	
1100	28	0	0	0	0	11042324	
1101	28	0	0	0	0	11042406	
1102	28	0	0	0	0	11042412	
1103	28	0	0	0	0	11042424	
1104	28	0	0	0	0	11042506	
1105	28	0	0	0	0	11042512	
1106	28	0	0	0	0	11042524	
1107	28	0	0	0	0	11042606	
1108	28	0	0	0	0	11042612	
1109	28	0	0	0	0	11042624	
1110	28	0	0	0	0	11042706	
1111	28	0	0	0	0	11042712	
1112	28	0	0	0	0	11042724	
1113	28	0	0	0	0	11042806	
1114	28	0	0	0	0	11042812	
1115	28	0	0	0	0	11042824	
1116	28	0	0	0	0	11042906	
1117	28	0	0	0	0	11042912	
1118	28	0	0	0	0	11042924	
1119	28	0	0	0	0	11043006	
1120	28	0	0	0	0	11043012	
1121	28	0	0	0	0	11043024	
1122	28	0	0	0	0	11050106	
1123	28	0	0	0	0	11050112	
1124	28	0	0	0	0	11050124	
1125	28	0	0	0	0	11050206	
1126	28	0	0	0	0	11050212	
1127	28	0	0	0	0	11050224	
1128	28	0	0	0	0	11050306	
1129	28	0	0	0	0	11050312	
1130	28	0	0	0	0	11050324	
1131	28	0	0	0	0	11050406	
1132	28	0	0	0	0	11050412	
1133	28	0	0	0	0	11050424	
1134	28	0	0	0	0	11050506	
1135	28	0	0	0	0	11050512	
1136	28	0	0	0	0	11050524	
1137	28	0	0	0	0	11050606	
1138	28	0	0	0	0	11050612	
1139	28	0	0	0	0	11050624	
1140	28	0	0	0	0	11050706	
1141	28	0	0	0	0	11050712	
1142	28	0	0	0	0	11050724	
1143	28	0	0	0	0	11050806	
1144	28	0	0	0	0	11050812	
1145	28	0	0	0	0	11050824	
1146	28	0	0	0	0	11050906	
1147	28	0	0	0	0	11050912	
1148	28	0	0	0	0	11050924	
1149	28	0	0	0	0	11051006	
1150	28	0	0	0	0	11051012	
1151	28	0	0	0	0	11051024	
1152	28	0	0	0	0	11051106	
1153	28	4608	4.29153442382812e-06	4608	4.29153442382812e-06	11051112	
1154	28	5238272	0.00487852096557617	5242880	0.0048828125	11051124	
1155	28	12582912	0.0165972709655762	17825792	0.0166015625	11051206	
1156	28	16148070.4	0.0316363334655762	33973862.4	0.031640625	11051212	
1157	28	11534336	0.0423785209655762	45508198.4	0.0423828125	11051224	
1158	28	104857.600000001	0.0424761772155762	45613056	0.04248046875	11051306	
1159	28	-104857.600000001	0.0423785209655762	45508198.4	0.0423828125	11051312	
1160	28	43620761.6	0.0830035209655762	89128960	0.0830078125	11051324	
1161	28	0	0.0830035209655762	89128960	0.0830078125	11051406	
1162	28	0	0.0830035209655762	89128960	0.0830078125	11051412	
1163	28	0	0.0830035209655762	89128960	0.0830078125	11051424	
1164	28	0	0.0830035209655762	89128960	0.0830078125	11051506	
1165	28	0	0.0830035209655762	89128960	0.0830078125	11051512	
1166	28	0	0.0830035209655762	89128960	0.0830078125	11051524	
1167	28	0	0.0830035209655762	89128960	0.0830078125	11051606	
1168	28	0	0.0830035209655762	89128960	0.0830078125	11051612	
1169	28	0	0.0830035209655762	89128960	0.0830078125	11051624	
1170	28	0	0.0830035209655762	89128960	0.0830078125	11051706	
1171	28	0	0.0830035209655762	89128960	0.0830078125	11051712	
1172	28	0	0.0830035209655762	89128960	0.0830078125	11051724	
1173	28	0	0.0830035209655762	89128960	0.0830078125	11051806	
1174	28	0	0.0830035209655762	89128960	0.0830078125	11051812	
1175	28	0	0.0830035209655762	89128960	0.0830078125	11051824	
1176	28	0	0.0830035209655762	89128960	0.0830078125	11051906	
1177	28	0	0.0830035209655762	89128960	0.0830078125	11051912	
1178	28	0	0.0830035209655762	89128960	0.0830078125	11051924	
1179	28	0	0.0830035209655762	89128960	0.0830078125	11052006	
1180	28	0	0.0830035209655762	89128960	0.0830078125	11052012	
1181	28	0	0.0830035209655762	89128960	0.0830078125	11052024	
1182	28	0	0.0830035209655762	89128960	0.0830078125	11052106	
1183	28	0	0.0830035209655762	89128960	0.0830078125	11052112	
1184	28	0	0.0830035209655762	89128960	0.0830078125	11052124	
1185	28	0	0.0830035209655762	89128960	0.0830078125	11052206	
1186	28	0	0.0830035209655762	89128960	0.0830078125	11052212	
1187	28	0	0.0830035209655762	89128960	0.0830078125	11052224	
1188	28	0	0.0830035209655762	89128960	0.0830078125	11052306	
1189	28	0	0.0830035209655762	89128960	0.0830078125	11052312	
1190	28	0	0.0830035209655762	89128960	0.0830078125	11052324	
1191	28	0	0.0830035209655762	89128960	0.0830078125	11052406	
1192	28	0	0.0830035209655762	89128960	0.0830078125	11052412	
1193	28	0	0.0830035209655762	89128960	0.0830078125	11052424	
1194	28	0	0.0830035209655762	89128960	0.0830078125	11052506	
1195	28	0	0.0830035209655762	89128960	0.0830078125	11052512	
1196	28	0	0.0830035209655762	89128960	0.0830078125	11052524	
1197	28	0	0.0830035209655762	89128960	0.0830078125	11052606	
1198	28	0	0.0830035209655762	89128960	0.0830078125	11052612	
1199	28	0	0.0830035209655762	89128960	0.0830078125	11052624	
1200	28	0	0.0830035209655762	89128960	0.0830078125	11052706	
1201	28	0	0.0830035209655762	89128960	0.0830078125	11052712	
1202	28	0	0.0830035209655762	89128960	0.0830078125	11052724	
1203	28	0	0.0830035209655762	89128960	0.0830078125	11052806	
1204	28	0	0.0830035209655762	89128960	0.0830078125	11052812	
1205	28	0	0.0830035209655762	89128960	0.0830078125	11052824	
1206	28	0	0.0830035209655762	89128960	0.0830078125	11052906	
1207	28	0	0.0830035209655762	89128960	0.0830078125	11052912	
1208	28	0	0.0830035209655762	89128960	0.0830078125	11052924	
1209	28	0	0.0830035209655762	89128960	0.0830078125	11053006	
1210	28	0	0.0830035209655762	89128960	0.0830078125	11053012	
1211	28	0	0.0830035209655762	89128960	0.0830078125	11053024	
1212	28	0	0.0830035209655762	89128960	0.0830078125	11053106	
1213	28	-34393292.8	0.0509722709655762	54735667.2	0.0509765625	11053112	
1214	28	-209715.200000003	0.0507769584655762	54525952	0.05078125	11053124	
1215	28	0	0.0507769584655762	54525952	0.05078125	11060106	
1216	28	0	0.0507769584655762	54525952	0.05078125	11060112	
1217	28	0	0.0507769584655762	54525952	0.05078125	11060124	
1218	28	0	0.0507769584655762	54525952	0.05078125	11060206	
1219	28	0	0.0507769584655762	54525952	0.05078125	11060212	
1220	28	0	0.0507769584655762	54525952	0.05078125	11060224	
1221	28	0	0.0507769584655762	54525952	0.05078125	11060306	
1222	28	0	0.0507769584655762	54525952	0.05078125	11060312	
1223	28	0	0.0507769584655762	54525952	0.05078125	11060324	
1224	28	0	0.0507769584655762	54525952	0.05078125	11060406	
1225	28	0	0.0507769584655762	54525952	0.05078125	11060412	
1226	28	0	0.0507769584655762	54525952	0.05078125	11060424	
1227	28	0	0.0507769584655762	54525952	0.05078125	11060506	
1228	28	0	0.0507769584655762	54525952	0.05078125	11060512	
1229	28	0	0.0507769584655762	54525952	0.05078125	11060524	
1230	28	0	0.0507769584655762	54525952	0.05078125	11060606	
1231	28	734003.200000003	0.0514605522155762	55259955.2	0.05146484375	11060612	
1232	28	104857.599999994	0.0515582084655762	55364812.8	0.0515625	11060624	
1233	28	0	0.0515582084655762	55364812.8	0.0515625	11060706	
1234	28	-838860.799999997	0.0507769584655762	54525952	0.05078125	11060712	
1235	28	0	0.0507769584655762	54525952	0.05078125	11060724	
1236	28	0	0.0507769584655762	54525952	0.05078125	11060806	
1237	28	943718.399999999	0.0516558647155762	55469670.4	0.05166015625	11060812	
1238	28	104857.600000001	0.0517535209655762	55574528	0.0517578125	11060824	
1239	28	0	0.0517535209655762	55574528	0.0517578125	11060906	
1240	28	0	0.0517535209655762	55574528	0.0517578125	11060912	
1241	28	0	0.0517535209655762	55574528	0.0517578125	11060924	
1242	28	0	0.0517535209655762	55574528	0.0517578125	11061006	
1243	28	0	0.0517535209655762	55574528	0.0517578125	11061012	
1244	28	0	0.0517535209655762	55574528	0.0517578125	11061024	
1245	28	0	0.0517535209655762	55574528	0.0517578125	11061106	
1246	28	0	0.0517535209655762	55574528	0.0517578125	11061112	
1247	28	0	0.0517535209655762	55574528	0.0517578125	11061124	
1248	28	0	0.0517535209655762	55574528	0.0517578125	11061206	
1249	28	0	0.0517535209655762	55574528	0.0517578125	11061212	
1250	28	0	0.0517535209655762	55574528	0.0517578125	11061224	
1251	28	0	0.0517535209655762	55574528	0.0517578125	11061306	
1252	28	0	0.0517535209655762	55574528	0.0517578125	11061312	
1253	28	0	0.0517535209655762	55574528	0.0517578125	11061324	
1254	28	0	0.0517535209655762	55574528	0.0517578125	11061406	
1255	28	0	0.0517535209655762	55574528	0.0517578125	11061412	
1256	28	0	0.0517535209655762	55574528	0.0517578125	11061424	
1257	28	0	0.0517535209655762	55574528	0.0517578125	11061506	
1258	28	0	0.0517535209655762	55574528	0.0517578125	11061512	
1259	28	0	0.0517535209655762	55574528	0.0517578125	11061524	
1260	28	0	0.0517535209655762	55574528	0.0517578125	11061606	
1261	28	0	0.0517535209655762	55574528	0.0517578125	11061612	
1262	28	0	0.0517535209655762	55574528	0.0517578125	11061624	
1263	28	0	0.0517535209655762	55574528	0.0517578125	11061706	
1264	28	0	0.0517535209655762	55574528	0.0517578125	11061712	
1265	28	0	0.0517535209655762	55574528	0.0517578125	11061724	
1266	28	0	0.0517535209655762	55574528	0.0517578125	11061806	
1267	28	0	0.0517535209655762	55574528	0.0517578125	11061812	
1268	28	0	0.0517535209655762	55574528	0.0517578125	11061824	
1269	28	0	0.0517535209655762	55574528	0.0517578125	11061906	
1270	28	0	0.0517535209655762	55574528	0.0517578125	11061912	
1271	28	0	0.0517535209655762	55574528	0.0517578125	11061924	
1272	28	0	0.0517535209655762	55574528	0.0517578125	11062006	
1273	28	0	0.0517535209655762	55574528	0.0517578125	11062012	
1274	28	0	0.0517535209655762	55574528	0.0517578125	11062024	
1275	28	0	0.0517535209655762	55574528	0.0517578125	11062106	
1276	28	0	0.0517535209655762	55574528	0.0517578125	11062112	
1277	28	0	0.0517535209655762	55574528	0.0517578125	11062124	
1278	28	0	0.0517535209655762	55574528	0.0517578125	11062206	
1279	28	0	0.0517535209655762	55574528	0.0517578125	11062212	
1280	28	0	0.0517535209655762	55574528	0.0517578125	11062224	
1281	28	0	0.0517535209655762	55574528	0.0517578125	11062306	
1282	28	0	0.0517535209655762	55574528	0.0517578125	11062312	
1283	28	0	0.0517535209655762	55574528	0.0517578125	11062324	
1284	28	0	0.0517535209655762	55574528	0.0517578125	11062406	
1285	28	0	0.0517535209655762	55574528	0.0517578125	11062412	
1286	28	0	0.0517535209655762	55574528	0.0517578125	11062424	
1287	28	0	0.0517535209655762	55574528	0.0517578125	11062506	
1288	28	0	0.0517535209655762	55574528	0.0517578125	11062512	
1289	28	0	0.0517535209655762	55574528	0.0517578125	11062524	
1290	28	0	0.0517535209655762	55574528	0.0517578125	11062606	
1291	28	0	0.0517535209655762	55574528	0.0517578125	11062612	
1292	28	0	0.0517535209655762	55574528	0.0517578125	11062624	
1293	28	0	0.0517535209655762	55574528	0.0517578125	11062706	
1294	28	0	0.0517535209655762	55574528	0.0517578125	11062712	
1295	28	0	0.0517535209655762	55574528	0.0517578125	11062724	
1296	28	0	0.0517535209655762	55574528	0.0517578125	11062806	
1297	28	0	0.0517535209655762	55574528	0.0517578125	11062812	
1298	28	0	0.0517535209655762	55574528	0.0517578125	11062824	
1299	28	0	0.0517535209655762	55574528	0.0517578125	11062906	
1300	28	0	0.0517535209655762	55574528	0.0517578125	11062912	
1301	28	0	0.0517535209655762	55574528	0.0517578125	11062924	
1302	28	0	0.0517535209655762	55574528	0.0517578125	11063006	
1303	28	0	0.0517535209655762	55574528	0.0517578125	11063012	
1304	28	0	0.0517535209655762	55574528	0.0517578125	11063024	
1305	28	0	0.0517535209655762	55574528	0.0517578125	11070106	
1306	28	0	0.0517535209655762	55574528	0.0517578125	11070112	
1307	28	0	0.0517535209655762	55574528	0.0517578125	11070124	
1308	28	0	0.0517535209655762	55574528	0.0517578125	11070206	
1309	28	0	0.0517535209655762	55574528	0.0517578125	11070212	
1310	28	0	0.0517535209655762	55574528	0.0517578125	11070224	
1311	28	0	0.0517535209655762	55574528	0.0517578125	11070306	
1312	28	0	0.0517535209655762	55574528	0.0517578125	11070312	
1313	28	0	0.0517535209655762	55574528	0.0517578125	11070324	
1314	28	0	0.0517535209655762	55574528	0.0517578125	11070406	
1315	28	0	0.0517535209655762	55574528	0.0517578125	11070412	
1316	28	0	0.0517535209655762	55574528	0.0517578125	11070424	
1317	28	0	0.0517535209655762	55574528	0.0517578125	11070506	
1318	28	0	0.0517535209655762	55574528	0.0517578125	11070512	
1319	28	0	0.0517535209655762	55574528	0.0517578125	11070524	
1320	28	0	0.0517535209655762	55574528	0.0517578125	11070606	
1321	28	0	0.0517535209655762	55574528	0.0517578125	11070612	
1322	28	0	0.0517535209655762	55574528	0.0517578125	11070624	
1323	28	0	0.0517535209655762	55574528	0.0517578125	11070706	
1324	28	0	0.0517535209655762	55574528	0.0517578125	11070712	
1325	28	0	0.0517535209655762	55574528	0.0517578125	11070724	
1326	28	0	0.0517535209655762	55574528	0.0517578125	11070806	
1327	28	0	0.0517535209655762	55574528	0.0517578125	11070812	
1328	28	0	0.0517535209655762	55574528	0.0517578125	11070824	
1329	28	0	0.0517535209655762	55574528	0.0517578125	11070906	
1330	28	0	0.0517535209655762	55574528	0.0517578125	11070912	
1331	28	0	0.0517535209655762	55574528	0.0517578125	11070924	
1332	28	0	0.0517535209655762	55574528	0.0517578125	11071006	
1333	28	0	0.0517535209655762	55574528	0.0517578125	11071012	
1334	28	0	0.0517535209655762	55574528	0.0517578125	11071024	
1335	28	0	0.0517535209655762	55574528	0.0517578125	11071106	
1336	28	0	0.0517535209655762	55574528	0.0517578125	11071112	
1337	28	0	0.0517535209655762	55574528	0.0517578125	11071124	
1338	28	0	0.0517535209655762	55574528	0.0517578125	11071206	
1339	28	0	0.0517535209655762	55574528	0.0517578125	11071212	
1340	28	0	0.0517535209655762	55574528	0.0517578125	11071224	
1341	28	0	0.0517535209655762	55574528	0.0517578125	11071306	
1342	28	0	0.0517535209655762	55574528	0.0517578125	11071312	
1343	28	0	0.0517535209655762	55574528	0.0517578125	11071324	
1344	28	0	0.0517535209655762	55574528	0.0517578125	11071406	
1345	28	0	0.0517535209655762	55574528	0.0517578125	11071412	
1346	28	0	0.0517535209655762	55574528	0.0517578125	11071424	
1347	28	0	0.0517535209655762	55574528	0.0517578125	11071506	
1348	28	0	0.0517535209655762	55574528	0.0517578125	11071512	
1349	28	0	0.0517535209655762	55574528	0.0517578125	11071524	
1350	28	0	0.0517535209655762	55574528	0.0517578125	11071606	
1351	28	0	0.0517535209655762	55574528	0.0517578125	11071612	
1352	28	0	0.0517535209655762	55574528	0.0517578125	11071624	
1353	28	0	0.0517535209655762	55574528	0.0517578125	11071706	
1354	28	0	0.0517535209655762	55574528	0.0517578125	11071712	
1355	28	0	0.0517535209655762	55574528	0.0517578125	11071724	
1356	28	0	0.0517535209655762	55574528	0.0517578125	11071806	
1357	28	0	0.0517535209655762	55574528	0.0517578125	11071812	
1358	28	0	0.0517535209655762	55574528	0.0517578125	11071824	
1359	28	0	0.0517535209655762	55574528	0.0517578125	11071906	
1360	28	0	0.0517535209655762	55574528	0.0517578125	11071912	
1361	28	0	0.0517535209655762	55574528	0.0517578125	11071924	
1362	28	0	0.0517535209655762	55574528	0.0517578125	11072006	
1363	28	0	0.0517535209655762	55574528	0.0517578125	11072012	
1364	28	0	0.0517535209655762	55574528	0.0517578125	11072024	
1365	28	0	0.0517535209655762	55574528	0.0517578125	11072106	
1366	28	0	0.0517535209655762	55574528	0.0517578125	11072112	
1367	28	0	0.0517535209655762	55574528	0.0517578125	11072124	
1368	28	0	0.0517535209655762	55574528	0.0517578125	11072206	
1369	28	0	0.0517535209655762	55574528	0.0517578125	11072212	
1370	28	0	0.0517535209655762	55574528	0.0517578125	11072224	
1371	28	0	0.0517535209655762	55574528	0.0517578125	11072306	
1372	28	0	0.0517535209655762	55574528	0.0517578125	11072312	
1373	28	0	0.0517535209655762	55574528	0.0517578125	11072324	
1374	28	0	0.0517535209655762	55574528	0.0517578125	11072406	
1375	28	0	0.0517535209655762	55574528	0.0517578125	11072412	
1376	28	0	0.0517535209655762	55574528	0.0517578125	11072424	
1377	28	0	0.0517535209655762	55574528	0.0517578125	11072506	
1378	28	0	0.0517535209655762	55574528	0.0517578125	11072512	
1379	28	943718.399999999	0.0526324272155762	56518246.4	0.05263671875	11072524	
1380	28	0	0.0526324272155762	56518246.4	0.05263671875	11072606	
1381	28	-943718.399999999	0.0517535209655762	55574528	0.0517578125	11072612	
1382	28	943718.399999999	0.0526324272155762	56518246.4	0.05263671875	11072624	
1383	28	0	0.0526324272155762	56518246.4	0.05263671875	11072706	
1384	28	0	0.0526324272155762	56518246.4	0.05263671875	11072712	
1385	28	0	0.0526324272155762	56518246.4	0.05263671875	11072724	
1386	28	0	0.0526324272155762	56518246.4	0.05263671875	11072806	
1387	28	0	0.0526324272155762	56518246.4	0.05263671875	11072812	
1388	28	0	0.0526324272155762	56518246.4	0.05263671875	11072824	
1389	28	0	0.0526324272155762	56518246.4	0.05263671875	11072906	
1390	28	0	0.0526324272155762	56518246.4	0.05263671875	11072912	
1391	28	0	0.0526324272155762	56518246.4	0.05263671875	11072924	
1392	28	0	0.0526324272155762	56518246.4	0.05263671875	11073006	
1393	28	0	0.0526324272155762	56518246.4	0.05263671875	11073012	
1394	28	0	0.0526324272155762	56518246.4	0.05263671875	11073024	
1395	28	0	0.0526324272155762	56518246.4	0.05263671875	11073106	
1396	28	0	0.0526324272155762	56518246.4	0.05263671875	11073112	
1397	28	0	0.0526324272155762	56518246.4	0.05263671875	11073124	
1398	28	0	0.0526324272155762	56518246.4	0.05263671875	11080106	
1399	28	0	0.0526324272155762	56518246.4	0.05263671875	11080112	
1400	28	0	0.0526324272155762	56518246.4	0.05263671875	11080124	
1401	28	0	0.0526324272155762	56518246.4	0.05263671875	11080206	
1402	28	0	0.0526324272155762	56518246.4	0.05263671875	11080212	
1403	28	0	0.0526324272155762	56518246.4	0.05263671875	11080224	
1404	28	0	0.0526324272155762	56518246.4	0.05263671875	11080306	
1405	28	838860.800000004	0.0534136772155762	57357107.2	0.05341796875	11080312	
1406	28	1468006.4	0.0547808647155762	58825113.6	0.05478515625	11080324	
1407	28	0	0.0547808647155762	58825113.6	0.05478515625	11080406	
1408	28	104857.600000001	0.0548785209655762	58929971.2	0.0548828125	11080412	
1409	28	0	0.0548785209655762	58929971.2	0.0548828125	11080424	
1410	28	0	0.0548785209655762	58929971.2	0.0548828125	11080506	
1411	28	0	0.0548785209655762	58929971.2	0.0548828125	11080512	
1412	28	0	0.0548785209655762	58929971.2	0.0548828125	11080524	
1413	28	0	0.0548785209655762	58929971.2	0.0548828125	11080606	
1414	28	0	0.0548785209655762	58929971.2	0.0548828125	11080612	
1415	28	0	0.0548785209655762	58929971.2	0.0548828125	11080624	
1416	28	0	0.0548785209655762	58929971.2	0.0548828125	11080706	
1417	28	0	0.0548785209655762	58929971.2	0.0548828125	11080712	
1418	28	0	0.0548785209655762	58929971.2	0.0548828125	11080724	
1419	28	0	0.0548785209655762	58929971.2	0.0548828125	11080806	
1420	28	0	0.0548785209655762	58929971.2	0.0548828125	11080812	
1421	28	0	0.0548785209655762	58929971.2	0.0548828125	11080824	
1422	28	0	0.0548785209655762	58929971.2	0.0548828125	11080906	
1423	28	0	0.0548785209655762	58929971.2	0.0548828125	11080912	
1424	28	0	0.0548785209655762	58929971.2	0.0548828125	11080924	
1425	28	0	0.0548785209655762	58929971.2	0.0548828125	11081006	
1426	28	0	0.0548785209655762	58929971.2	0.0548828125	11081012	
1427	28	0	0.0548785209655762	58929971.2	0.0548828125	11081024	
1428	28	0	0.0548785209655762	58929971.2	0.0548828125	11081106	
1429	28	0	0.0548785209655762	58929971.2	0.0548828125	11081112	
1430	28	0	0.0548785209655762	58929971.2	0.0548828125	11081124	
1431	28	0	0.0548785209655762	58929971.2	0.0548828125	11081206	
1432	28	0	0.0548785209655762	58929971.2	0.0548828125	11081212	
1433	28	0	0.0548785209655762	58929971.2	0.0548828125	11081224	
1434	28	0	0.0548785209655762	58929971.2	0.0548828125	11081306	
1435	28	0	0.0548785209655762	58929971.2	0.0548828125	11081312	
1436	28	0	0.0548785209655762	58929971.2	0.0548828125	11081324	
1437	28	0	0.0548785209655762	58929971.2	0.0548828125	11081406	
1438	28	0	0.0548785209655762	58929971.2	0.0548828125	11081412	
1439	28	0	0.0548785209655762	58929971.2	0.0548828125	11081424	
1440	28	0	0.0548785209655762	58929971.2	0.0548828125	11081506	
1441	28	0	0.0548785209655762	58929971.2	0.0548828125	11081512	
1442	28	0	0.0548785209655762	58929971.2	0.0548828125	11081524	
1443	28	0	0.0548785209655762	58929971.2	0.0548828125	11081606	
1444	28	0	0.0548785209655762	58929971.2	0.0548828125	11081612	
1445	28	0	0.0548785209655762	58929971.2	0.0548828125	11081624	
1446	28	0	0.0548785209655762	58929971.2	0.0548828125	11081706	
1447	28	104857.599999994	0.0549761772155762	59034828.8	0.05498046875	11081712	
1448	28	0	0.0549761772155762	59034828.8	0.05498046875	11081724	
1449	28	0	0.0549761772155762	59034828.8	0.05498046875	11081806	
1450	28	0	0.0549761772155762	59034828.8	0.05498046875	11081812	
1451	28	0	0.0549761772155762	59034828.8	0.05498046875	11081824	
1452	28	0	0.0549761772155762	59034828.8	0.05498046875	11081906	
1453	28	0	0.0549761772155762	59034828.8	0.05498046875	11081912	
1454	28	0	0.0549761772155762	59034828.8	0.05498046875	11081924	
1455	28	0	0.0549761772155762	59034828.8	0.05498046875	11082006	
1456	28	0	0.0549761772155762	59034828.8	0.05498046875	11082012	
1457	28	0	0.0549761772155762	59034828.8	0.05498046875	11082024	
1458	28	0	0.0549761772155762	59034828.8	0.05498046875	11082106	
1459	28	0	0.0549761772155762	59034828.8	0.05498046875	11082112	
1460	28	0	0.0549761772155762	59034828.8	0.05498046875	11082124	
1461	28	0	0.0549761772155762	59034828.8	0.05498046875	11082206	
1462	28	0	0.0549761772155762	59034828.8	0.05498046875	11082212	
1463	28	0	0.0549761772155762	59034828.8	0.05498046875	11082224	
1464	28	0	0.0549761772155762	59034828.8	0.05498046875	11082306	
1465	28	-314572.799999997	0.0546832084655762	58720256	0.0546875	11082312	
1466	28	0	0.0546832084655762	58720256	0.0546875	11082324	
1467	28	0	0.0546832084655762	58720256	0.0546875	11082406	
1468	28	0	0.0546832084655762	58720256	0.0546875	11082412	
1469	28	0	0.0546832084655762	58720256	0.0546875	11082424	
1470	28	0	0.0546832084655762	58720256	0.0546875	11082506	
1471	28	0	0.0546832084655762	58720256	0.0546875	11082512	
1472	28	0	0.0546832084655762	58720256	0.0546875	11082524	
1473	28	0	0.0546832084655762	58720256	0.0546875	11082606	
1474	28	0	0.0546832084655762	58720256	0.0546875	11082612	
1475	28	0	0.0546832084655762	58720256	0.0546875	11082624	
1476	28	0	0.0546832084655762	58720256	0.0546875	11082706	
1477	28	0	0.0546832084655762	58720256	0.0546875	11082712	
1478	28	0	0.0546832084655762	58720256	0.0546875	11082724	
1479	28	0	0.0546832084655762	58720256	0.0546875	11082806	
1480	28	0	0.0546832084655762	58720256	0.0546875	11082812	
1481	28	0	0.0546832084655762	58720256	0.0546875	11082824	
1482	28	0	0.0546832084655762	58720256	0.0546875	11082906	
1483	28	0	0.0546832084655762	58720256	0.0546875	11082912	
1484	28	0	0.0546832084655762	58720256	0.0546875	11082924	
1485	28	0	0.0546832084655762	58720256	0.0546875	11083006	
1486	28	0	0.0546832084655762	58720256	0.0546875	11083012	
1487	28	0	0.0546832084655762	58720256	0.0546875	11083024	
1488	28	0	0.0546832084655762	58720256	0.0546875	11083106	
1489	28	0	0.0546832084655762	58720256	0.0546875	11083112	
1490	28	0	0.0546832084655762	58720256	0.0546875	11083124	
1491	28	0	0.0546832084655762	58720256	0.0546875	11090106	
1492	28	0	0.0546832084655762	58720256	0.0546875	11090112	
1493	28	0	0.0546832084655762	58720256	0.0546875	11090124	
1494	28	0	0.0546832084655762	58720256	0.0546875	11090206	
1495	28	0	0.0546832084655762	58720256	0.0546875	11090212	
1496	28	0	0.0546832084655762	58720256	0.0546875	11090224	
1497	28	0	0.0546832084655762	58720256	0.0546875	11090306	
1498	28	0	0.0546832084655762	58720256	0.0546875	11090312	
1499	28	0	0.0546832084655762	58720256	0.0546875	11090324	
1500	28	0	0.0546832084655762	58720256	0.0546875	11090406	
1501	28	0	0.0546832084655762	58720256	0.0546875	11090412	
1502	28	0	0.0546832084655762	58720256	0.0546875	11090424	
1503	28	0	0.0546832084655762	58720256	0.0546875	11090506	
1504	28	0	0.0546832084655762	58720256	0.0546875	11090512	
1505	28	0	0.0546832084655762	58720256	0.0546875	11090524	
1506	28	0	0.0546832084655762	58720256	0.0546875	11090606	
1507	28	0	0.0546832084655762	58720256	0.0546875	11090612	
1508	28	0	0.0546832084655762	58720256	0.0546875	11090624	
1509	28	0	0.0546832084655762	58720256	0.0546875	11090706	
1510	28	0	0.0546832084655762	58720256	0.0546875	11090712	
1511	28	0	0.0546832084655762	58720256	0.0546875	11090724	
1512	28	0	0.0546832084655762	58720256	0.0546875	11090806	
1513	28	0	0.0546832084655762	58720256	0.0546875	11090812	
1514	28	0	0.0546832084655762	58720256	0.0546875	11090824	
1515	28	0	0.0546832084655762	58720256	0.0546875	11090906	
1516	28	0	0.0546832084655762	58720256	0.0546875	11090912	
1517	28	0	0.0546832084655762	58720256	0.0546875	11090924	
1518	28	0	0.0546832084655762	58720256	0.0546875	11091006	
1519	28	0	0.0546832084655762	58720256	0.0546875	11091012	
1520	28	0	0.0546832084655762	58720256	0.0546875	11091024	
1521	28	0	0.0546832084655762	58720256	0.0546875	11091106	
1522	28	0	0.0546832084655762	58720256	0.0546875	11091112	
1523	28	0	0.0546832084655762	58720256	0.0546875	11091124	
1524	28	0	0.0546832084655762	58720256	0.0546875	11091206	
1525	28	0	0.0546832084655762	58720256	0.0546875	11091212	
1526	28	0	0.0546832084655762	58720256	0.0546875	11091224	
1527	28	0	0.0546832084655762	58720256	0.0546875	11091306	
1528	28	0	0.0546832084655762	58720256	0.0546875	11091312	
1529	28	0	0.0546832084655762	58720256	0.0546875	11091324	
1530	28	0	0.0546832084655762	58720256	0.0546875	11091406	
1531	28	0	0.0546832084655762	58720256	0.0546875	11091412	
1532	28	0	0.0546832084655762	58720256	0.0546875	11091424	
1533	28	0	0.0546832084655762	58720256	0.0546875	11091506	
1534	28	0	0.0546832084655762	58720256	0.0546875	11091512	
1535	28	0	0.0546832084655762	58720256	0.0546875	11091524	
1536	28	0	0.0546832084655762	58720256	0.0546875	11091606	
1537	28	0	0.0546832084655762	58720256	0.0546875	11091612	
1538	28	0	0.0546832084655762	58720256	0.0546875	11091624	
1539	28	0	0.0546832084655762	58720256	0.0546875	11091706	
1540	28	0	0.0546832084655762	58720256	0.0546875	11091712	
1541	28	0	0.0546832084655762	58720256	0.0546875	11091724	
1542	28	0	0.0546832084655762	58720256	0.0546875	11091806	
1543	28	0	0.0546832084655762	58720256	0.0546875	11091812	
1544	28	0	0.0546832084655762	58720256	0.0546875	11091824	
1545	28	0	0.0546832084655762	58720256	0.0546875	11091906	
1546	28	0	0.0546832084655762	58720256	0.0546875	11091912	
1547	28	1048576	0.0556597709655762	59768832	0.0556640625	11091924	
1548	28	0	0.0556597709655762	59768832	0.0556640625	11092006	
1549	28	0	0.0556597709655762	59768832	0.0556640625	11092012	
1550	28	0	0.0556597709655762	59768832	0.0556640625	11092024	
1551	28	0	0.0556597709655762	59768832	0.0556640625	11092106	
1552	28	-9122611.2	0.0471636772155762	50646220.8	0.04716796875	11092112	
1553	28	0	0.0471636772155762	50646220.8	0.04716796875	11092124	
1554	28	0	0.0471636772155762	50646220.8	0.04716796875	11092206	
1555	28	0	0.0471636772155762	50646220.8	0.04716796875	11092212	
1556	28	0	0.0471636772155762	50646220.8	0.04716796875	11092224	
1557	28	0	0.0471636772155762	50646220.8	0.04716796875	11092306	
1558	28	0	0.0471636772155762	50646220.8	0.04716796875	11092312	
1559	28	838860.800000004	0.0479449272155762	51485081.6	0.04794921875	11092324	
1560	28	0	0.0479449272155762	51485081.6	0.04794921875	11092406	
1561	28	0	0.0479449272155762	51485081.6	0.04794921875	11092412	
1562	28	0	0.0479449272155762	51485081.6	0.04794921875	11092424	
1563	28	0	0.0479449272155762	51485081.6	0.04794921875	11092506	
1564	28	0	0.0479449272155762	51485081.6	0.04794921875	11092512	
1565	28	0	0.0479449272155762	51485081.6	0.04794921875	11092524	
1566	28	0	0.0479449272155762	51485081.6	0.04794921875	11092606	
1567	28	0	0.0479449272155762	51485081.6	0.04794921875	11092612	
1568	28	0	0.0479449272155762	51485081.6	0.04794921875	11092624	
1569	28	0	0.0479449272155762	51485081.6	0.04794921875	11092706	
1570	28	0	0.0479449272155762	51485081.6	0.04794921875	11092712	
1571	28	0	0.0479449272155762	51485081.6	0.04794921875	11092724	
1572	28	0	0.0479449272155762	51485081.6	0.04794921875	11092806	
1573	28	0	0.0479449272155762	51485081.6	0.04794921875	11092812	
1574	28	0	0.0479449272155762	51485081.6	0.04794921875	11092824	
1575	28	0	0.0479449272155762	51485081.6	0.04794921875	11092906	
1576	28	0	0.0479449272155762	51485081.6	0.04794921875	11092912	
1577	28	0	0.0479449272155762	51485081.6	0.04794921875	11092924	
1578	28	0	0.0479449272155762	51485081.6	0.04794921875	11093006	
1579	28	0	0.0479449272155762	51485081.6	0.04794921875	11093012	
1580	28	0	0.0479449272155762	51485081.6	0.04794921875	11093024	
1581	28	0	0.0479449272155762	51485081.6	0.04794921875	11100106	
1582	28	0	0.0479449272155762	51485081.6	0.04794921875	11100112	
1583	28	0	0.0479449272155762	51485081.6	0.04794921875	11100124	
1584	28	0	0.0479449272155762	51485081.6	0.04794921875	11100206	
1585	28	0	0.0479449272155762	51485081.6	0.04794921875	11100212	
1586	28	0	0.0479449272155762	51485081.6	0.04794921875	11100224	
1587	28	0	0.0479449272155762	51485081.6	0.04794921875	11100306	
1588	28	0	0.0479449272155762	51485081.6	0.04794921875	11100312	
1589	28	0	0.0479449272155762	51485081.6	0.04794921875	11100324	
1590	28	0	0.0479449272155762	51485081.6	0.04794921875	11100406	
1591	28	0	0.0479449272155762	51485081.6	0.04794921875	11100412	
1592	28	0	0.0479449272155762	51485081.6	0.04794921875	11100424	
1593	28	0	0.0479449272155762	51485081.6	0.04794921875	11100506	
1594	28	0	0.0479449272155762	51485081.6	0.04794921875	11100512	
1595	28	0	0.0479449272155762	51485081.6	0.04794921875	11100524	
1596	28	0	0.0479449272155762	51485081.6	0.04794921875	11100606	
1597	28	0	0.0479449272155762	51485081.6	0.04794921875	11100612	
1598	28	0	0.0479449272155762	51485081.6	0.04794921875	11100624	
1599	28	0	0.0479449272155762	51485081.6	0.04794921875	11100706	
1600	28	0	0.0479449272155762	51485081.6	0.04794921875	11100712	
1601	28	0	0.0479449272155762	51485081.6	0.04794921875	11100724	
1602	28	0	0.0479449272155762	51485081.6	0.04794921875	11100806	
1603	28	0	0.0479449272155762	51485081.6	0.04794921875	11100812	
1604	28	0	0.0479449272155762	51485081.6	0.04794921875	11100824	
1605	28	0	0.0479449272155762	51485081.6	0.04794921875	11100906	
1606	28	0	0.0479449272155762	51485081.6	0.04794921875	11100912	
1607	28	0	0.0479449272155762	51485081.6	0.04794921875	11100924	
1608	28	0	0.0479449272155762	51485081.6	0.04794921875	11101006	
1609	28	0	0.0479449272155762	51485081.6	0.04794921875	11101012	
1610	28	0	0.0479449272155762	51485081.6	0.04794921875	11101024	
1611	28	0	0.0479449272155762	51485081.6	0.04794921875	11101106	
1612	28	0	0.0479449272155762	51485081.6	0.04794921875	11101112	
1613	28	0	0.0479449272155762	51485081.6	0.04794921875	11101124	
1614	28	0	0.0479449272155762	51485081.6	0.04794921875	11101206	
1615	28	0	0.0479449272155762	51485081.6	0.04794921875	11101212	
1616	28	0	0.0479449272155762	51485081.6	0.04794921875	11101224	
1617	28	0	0.0479449272155762	51485081.6	0.04794921875	11101306	
1618	28	0	0.0479449272155762	51485081.6	0.04794921875	11101312	
1619	28	0	0.0479449272155762	51485081.6	0.04794921875	11101324	
1620	28	0	0.0479449272155762	51485081.6	0.04794921875	11101406	
1621	28	0	0.0479449272155762	51485081.6	0.04794921875	11101412	
1622	28	0	0.0479449272155762	51485081.6	0.04794921875	11101424	
1623	28	0	0.0479449272155762	51485081.6	0.04794921875	11101506	
1624	28	0	0.0479449272155762	51485081.6	0.04794921875	11101512	
1625	28	0	0.0479449272155762	51485081.6	0.04794921875	11101524	
1626	28	0	0.0479449272155762	51485081.6	0.04794921875	11101606	
1627	28	0	0.0479449272155762	51485081.6	0.04794921875	11101612	
1628	28	0	0.0479449272155762	51485081.6	0.04794921875	11101624	
1629	28	0	0.0479449272155762	51485081.6	0.04794921875	11101706	
1630	28	314572.799999997	0.0482378959655762	51799654.4	0.0482421875	11101712	
1631	28	419430.399999999	0.0486285209655762	52219084.8	0.0486328125	11101724	
1632	28	0	0.0486285209655762	52219084.8	0.0486328125	11101806	
1633	28	0	0.0486285209655762	52219084.8	0.0486328125	11101812	
1634	28	104857.600000001	0.0487261772155762	52323942.4	0.04873046875	11101824	
1635	28	0	0.0487261772155762	52323942.4	0.04873046875	11101906	
1636	28	0	0.0487261772155762	52323942.4	0.04873046875	11101912	
1637	28	209715.200000003	0.0489214897155762	52533657.6	0.04892578125	11101924	
1638	28	0	0.0489214897155762	52533657.6	0.04892578125	11102006	
1639	28	0	0.0489214897155762	52533657.6	0.04892578125	11102012	
1640	28	0	0.0489214897155762	52533657.6	0.04892578125	11102024	
1641	28	0	0.0489214897155762	52533657.6	0.04892578125	11102106	
1642	28	0	0.0489214897155762	52533657.6	0.04892578125	11102112	
1643	28	0	0.0489214897155762	52533657.6	0.04892578125	11102124	
1644	28	0	0.0489214897155762	52533657.6	0.04892578125	11102206	
1645	28	0	0.0489214897155762	52533657.6	0.04892578125	11102212	
1646	28	0	0.0489214897155762	52533657.6	0.04892578125	11102224	
1647	28	0	0.0489214897155762	52533657.6	0.04892578125	11102306	
1648	28	0	0.0489214897155762	52533657.6	0.04892578125	11102312	
1649	28	0	0.0489214897155762	52533657.6	0.04892578125	11102324	
1650	28	0	0.0489214897155762	52533657.6	0.04892578125	11102406	
1651	28	0	0.0489214897155762	52533657.6	0.04892578125	11102412	
1652	28	0	0.0489214897155762	52533657.6	0.04892578125	11102424	
1653	28	0	0.0489214897155762	52533657.6	0.04892578125	11102506	
1654	28	0	0.0489214897155762	52533657.6	0.04892578125	11102512	
1655	28	0	0.0489214897155762	52533657.6	0.04892578125	11102524	
1656	28	0	0.0489214897155762	52533657.6	0.04892578125	11102606	
1657	28	0	0.0489214897155762	52533657.6	0.04892578125	11102612	
1658	28	0	0.0489214897155762	52533657.6	0.04892578125	11102624	
1659	28	0	0.0489214897155762	52533657.6	0.04892578125	11102706	
1660	28	0	0.0489214897155762	52533657.6	0.04892578125	11102712	
1661	28	0	0.0489214897155762	52533657.6	0.04892578125	11102724	
1662	28	0	0.0489214897155762	52533657.6	0.04892578125	11102806	
1663	28	0	0.0489214897155762	52533657.6	0.04892578125	11102812	
1664	28	0	0.0489214897155762	52533657.6	0.04892578125	11102824	
1665	28	0	0.0489214897155762	52533657.6	0.04892578125	11102906	
1666	28	0	0.0489214897155762	52533657.6	0.04892578125	11102912	
1667	28	0	0.0489214897155762	52533657.6	0.04892578125	11102924	
1668	28	0	0.0489214897155762	52533657.6	0.04892578125	11103006	
1669	28	0	0.0489214897155762	52533657.6	0.04892578125	11103012	
1670	28	0	0.0489214897155762	52533657.6	0.04892578125	11103024	
1671	28	0	0.0489214897155762	52533657.6	0.04892578125	11103106	
1672	28	0	0.0489214897155762	52533657.6	0.04892578125	11103112	
1673	28	0	0.0489214897155762	52533657.6	0.04892578125	11103124	
1674	28	0	0.0489214897155762	52533657.6	0.04892578125	11110106	
1675	28	0	0.0489214897155762	52533657.6	0.04892578125	11110112	
1676	28	0	0.0489214897155762	52533657.6	0.04892578125	11110124	
1677	28	0	0.0489214897155762	52533657.6	0.04892578125	11110206	
1678	28	1363148.8	0.0501910209655762	53896806.4	0.0501953125	11110212	
1679	28	0	0.0501910209655762	53896806.4	0.0501953125	11110224	
1680	28	0	0.0501910209655762	53896806.4	0.0501953125	11110306	
1681	28	0	0.0501910209655762	53896806.4	0.0501953125	11110312	
1682	28	0	0.0501910209655762	53896806.4	0.0501953125	11110324	
1683	28	0	0.0501910209655762	53896806.4	0.0501953125	11110406	
1684	28	0	0.0501910209655762	53896806.4	0.0501953125	11110412	
1685	28	-2726297.6	0.0476519584655762	51170508.8	0.04765625	11110424	
1686	28	0	0.0476519584655762	51170508.8	0.04765625	11110506	
1687	28	0	0.0476519584655762	51170508.8	0.04765625	11110512	
1688	28	0	0.0476519584655762	51170508.8	0.04765625	11110524	
1689	28	0	0.0476519584655762	51170508.8	0.04765625	11110606	
1690	28	0	0.0476519584655762	51170508.8	0.04765625	11110612	
1691	28	0	0.0476519584655762	51170508.8	0.04765625	11110624	
1692	28	0	0.0476519584655762	51170508.8	0.04765625	11110706	
1693	28	0	0.0476519584655762	51170508.8	0.04765625	11110712	
1694	28	0	0.0476519584655762	51170508.8	0.04765625	11110724	
1695	28	0	0.0476519584655762	51170508.8	0.04765625	11110806	
1696	28	0	0.0476519584655762	51170508.8	0.04765625	11110812	
1697	28	-209715.199999996	0.0474566459655762	50960793.6	0.0474609375	11110824	
1698	28	0	0.0474566459655762	50960793.6	0.0474609375	11110906	
1699	28	0	0.0474566459655762	50960793.6	0.0474609375	11110912	
1700	28	0	0.0474566459655762	50960793.6	0.0474609375	11110924	
1701	28	0	0.0474566459655762	50960793.6	0.0474609375	11111006	
1702	28	0	0.0474566459655762	50960793.6	0.0474609375	11111012	
1703	28	0	0.0474566459655762	50960793.6	0.0474609375	11111024	
1704	28	0	0.0474566459655762	50960793.6	0.0474609375	11111106	
1705	28	0	0.0474566459655762	50960793.6	0.0474609375	11111112	
1706	28	0	0.0474566459655762	50960793.6	0.0474609375	11111124	
1707	28	0	0.0474566459655762	50960793.6	0.0474609375	11111206	
1708	28	0	0.0474566459655762	50960793.6	0.0474609375	11111212	
1709	28	0	0.0474566459655762	50960793.6	0.0474609375	11111224	
1710	28	0	0.0474566459655762	50960793.6	0.0474609375	11111306	
1711	28	0	0.0474566459655762	50960793.6	0.0474609375	11111312	
1712	28	0	0.0474566459655762	50960793.6	0.0474609375	11111324	
1713	28	0	0.0474566459655762	50960793.6	0.0474609375	11111406	
1714	28	0	0.0474566459655762	50960793.6	0.0474609375	11111412	
1715	28	0	0.0474566459655762	50960793.6	0.0474609375	11111424	
1716	28	0	0.0474566459655762	50960793.6	0.0474609375	11111506	
1717	28	0	0.0474566459655762	50960793.6	0.0474609375	11111512	
1718	28	0	0.0474566459655762	50960793.6	0.0474609375	11111524	
1719	28	6710886.4	0.0537066459655762	57671680	0.0537109375	11111606	
1720	28	0	0.0537066459655762	57671680	0.0537109375	11111612	
1721	28	0	0.0537066459655762	57671680	0.0537109375	11111624	
1722	28	0	0.0537066459655762	57671680	0.0537109375	11111706	
1723	28	0	0.0537066459655762	57671680	0.0537109375	11111712	
1724	28	0	0.0537066459655762	57671680	0.0537109375	11111724	
1725	28	0	0.0537066459655762	57671680	0.0537109375	11111806	
1726	28	0	0.0537066459655762	57671680	0.0537109375	11111812	
1727	28	0	0.0537066459655762	57671680	0.0537109375	11111824	
1728	28	0	0.0537066459655762	57671680	0.0537109375	11111906	
1729	28	0	0.0537066459655762	57671680	0.0537109375	11111912	
1730	28	0	0.0537066459655762	57671680	0.0537109375	11111924	
1731	28	0	0.0537066459655762	57671680	0.0537109375	11112006	
1732	28	0	0.0537066459655762	57671680	0.0537109375	11112012	
1733	28	0	0.0537066459655762	57671680	0.0537109375	11112024	
1734	28	8388608	0.0615191459655762	66060288	0.0615234375	11112106	
1735	28	0	0.0615191459655762	66060288	0.0615234375	11112112	
1736	28	7864320	0.0688433647155762	73924608	0.06884765625	11112124	
1737	28	0	0.0688433647155762	73924608	0.06884765625	11112206	
1738	28	0	0.0688433647155762	73924608	0.06884765625	11112212	
1739	28	0	0.0688433647155762	73924608	0.06884765625	11112224	
1740	28	0	0.0688433647155762	73924608	0.06884765625	11112306	
1741	28	0	0.0688433647155762	73924608	0.06884765625	11112312	
1742	28	0	0.0688433647155762	73924608	0.06884765625	11112324	
1743	28	0	0.0688433647155762	73924608	0.06884765625	11112406	
1744	28	0	0.0688433647155762	73924608	0.06884765625	11112412	
1745	28	0	0.0688433647155762	73924608	0.06884765625	11112424	
1746	28	0	0.0688433647155762	73924608	0.06884765625	11112506	
1747	28	0	0.0688433647155762	73924608	0.06884765625	11112512	
1748	28	0	0.0688433647155762	73924608	0.06884765625	11112524	
1749	28	0	0.0688433647155762	73924608	0.06884765625	11112606	
1750	28	0	0.0688433647155762	73924608	0.06884765625	11112612	
1751	28	0	0.0688433647155762	73924608	0.06884765625	11112624	
1752	28	0	0.0688433647155762	73924608	0.06884765625	11112706	
1753	28	0	0.0688433647155762	73924608	0.06884765625	11112712	
1754	28	0	0.0688433647155762	73924608	0.06884765625	11112724	
1755	28	0	0.0688433647155762	73924608	0.06884765625	11112806	
1756	28	0	0.0688433647155762	73924608	0.06884765625	11112812	
1757	28	7549747.2	0.0758746147155762	81474355.2	0.07587890625	11112824	
1758	28	0	0.0758746147155762	81474355.2	0.07587890625	11112906	
1759	28	0	0.0758746147155762	81474355.2	0.07587890625	11112912	
1760	28	0	0.0758746147155762	81474355.2	0.07587890625	11112924	
1761	28	6606028.8	0.0820269584655762	88080384	0.08203125	11113006	
1762	28	0	0.0820269584655762	88080384	0.08203125	11113012	
1763	28	0	0.0820269584655762	88080384	0.08203125	11113024	
1764	28	8598323.2	0.0900347709655762	96678707.2	0.0900390625	11120106	
1765	28	0	0.0900347709655762	96678707.2	0.0900390625	11120112	
1766	28	0	0.0900347709655762	96678707.2	0.0900390625	11120124	
1767	28	0	0.0900347709655762	96678707.2	0.0900390625	11120206	
1768	28	0	0.0900347709655762	96678707.2	0.0900390625	11120212	
1769	28	0	0.0900347709655762	96678707.2	0.0900390625	11120224	
1770	28	0	0.0900347709655762	96678707.2	0.0900390625	11120306	
1771	28	0	0.0900347709655762	96678707.2	0.0900390625	11120312	
1772	28	0	0.0900347709655762	96678707.2	0.0900390625	11120324	
1773	28	0	0.0900347709655762	96678707.2	0.0900390625	11120406	
1774	28	0	0.0900347709655762	96678707.2	0.0900390625	11120412	
1775	28	0	0.0900347709655762	96678707.2	0.0900390625	11120424	
1776	28	0	0.0900347709655762	96678707.2	0.0900390625	11120506	
1777	28	0	0.0900347709655762	96678707.2	0.0900390625	11120512	
1778	28	0	0.0900347709655762	96678707.2	0.0900390625	11120524	
1779	28	0	0.0900347709655762	96678707.2	0.0900390625	11120606	
1780	28	0	0.0900347709655762	96678707.2	0.0900390625	11120612	
1781	28	7759462.39999999	0.0972613334655762	104438169.6	0.097265625	11120624	
1782	28	0	0.0972613334655762	104438169.6	0.097265625	11120706	
1783	28	0	0.0972613334655762	104438169.6	0.097265625	11120712	
1784	28	0	0.0972613334655762	104438169.6	0.097265625	11120724	
1785	28	0	0.0972613334655762	104438169.6	0.097265625	11120806	
1786	28	0	0.0972613334655762	104438169.6	0.097265625	11120812	
1787	28	0	0.0972613334655762	104438169.6	0.097265625	11120824	
1788	28	0	0.0972613334655762	104438169.6	0.097265625	11120906	
1789	28	0	0.0972613334655762	104438169.6	0.097265625	11120912	
1790	28	0	0.0972613334655762	104438169.6	0.097265625	11120924	
1791	28	0	0.0972613334655762	104438169.6	0.097265625	11121006	
1792	28	0	0.0972613334655762	104438169.6	0.097265625	11121012	
1793	28	0	0.0972613334655762	104438169.6	0.097265625	11121024	
1794	28	0	0.0972613334655762	104438169.6	0.097265625	11121106	
1795	28	0	0.0972613334655762	104438169.6	0.097265625	11121112	
1796	28	0	0.0972613334655762	104438169.6	0.097265625	11121124	
1797	28	0	0.0972613334655762	104438169.6	0.097265625	11121206	
1798	28	0	0.0972613334655762	104438169.6	0.097265625	11121212	
1799	28	0	0.0972613334655762	104438169.6	0.097265625	11121224	
1800	28	0	0.0972613334655762	104438169.6	0.097265625	11121306	
1801	28	0	0.0972613334655762	104438169.6	0.097265625	11121312	
1802	28	0	0.0972613334655762	104438169.6	0.097265625	11121324	
1803	28	419430.400000006	0.0976519584655762	104857600	0.09765625	11121406	
1804	28	0	0.0976519584655762	104857600	0.09765625	11121412	
1805	28	0	0.0976519584655762	104857600	0.09765625	11121424	
1806	28	0	0.0976519584655762	104857600	0.09765625	11121506	
1807	28	0	0.0976519584655762	104857600	0.09765625	11121512	
1808	28	0	0.0976519584655762	104857600	0.09765625	11121524	
1809	28	0	0.0976519584655762	104857600	0.09765625	11121606	
1810	28	0	0.0976519584655762	104857600	0.09765625	11121612	
1811	28	0	0.0976519584655762	104857600	0.09765625	11121624	
1812	28	0	0.0976519584655762	104857600	0.09765625	11121706	
1813	28	0	0.0976519584655762	104857600	0.09765625	11121712	
1814	28	0	0.0976519584655762	104857600	0.09765625	11121724	
1815	28	0	0.0976519584655762	104857600	0.09765625	11121806	
1816	28	0	0.0976519584655762	104857600	0.09765625	11121812	
1817	28	0	0.0976519584655762	104857600	0.09765625	11121824	
1818	28	0	0.0976519584655762	104857600	0.09765625	11121906	
1819	28	0	0.0976519584655762	104857600	0.09765625	11121912	
1820	28	0	0.0976519584655762	104857600	0.09765625	11121924	
1821	28	0	0.0976519584655762	104857600	0.09765625	11122006	
1822	28	0	0.0976519584655762	104857600	0.09765625	11122012	
1823	28	0	0.0976519584655762	104857600	0.09765625	11122024	
1824	28	0	0.0976519584655762	104857600	0.09765625	11122106	
1825	28	0	0.0976519584655762	104857600	0.09765625	11122112	
1826	28	0	0.0976519584655762	104857600	0.09765625	11122124	
1827	28	0	0.0976519584655762	104857600	0.09765625	11122206	
1828	28	0	0.0976519584655762	104857600	0.09765625	11122212	
1829	28	0	0.0976519584655762	104857600	0.09765625	11122224	
1830	28	0	0.0976519584655762	104857600	0.09765625	11122306	
1831	28	0	0.0976519584655762	104857600	0.09765625	11122312	
1832	28	0	0.0976519584655762	104857600	0.09765625	11122324	
1833	28	0	0.0976519584655762	104857600	0.09765625	11122406	
1834	28	0	0.0976519584655762	104857600	0.09765625	11122412	
1835	28	0	0.0976519584655762	104857600	0.09765625	11122424	
1836	28	0	0.0976519584655762	104857600	0.09765625	11122506	
1837	28	0	0.0976519584655762	104857600	0.09765625	11122512	
1838	28	0	0.0976519584655762	104857600	0.09765625	11122524	
1839	28	0	0.0976519584655762	104857600	0.09765625	11122606	
1840	28	0	0.0976519584655762	104857600	0.09765625	11122612	
1841	28	0	0.0976519584655762	104857600	0.09765625	11122624	
1842	28	0	0.0976519584655762	104857600	0.09765625	11122706	
1843	28	0	0.0976519584655762	104857600	0.09765625	11122712	
1844	28	0	0.0976519584655762	104857600	0.09765625	11122724	
1845	28	0	0.0976519584655762	104857600	0.09765625	11122806	
1846	28	0	0.0976519584655762	104857600	0.09765625	11122812	
1847	28	0	0.0976519584655762	104857600	0.09765625	11122824	
1848	28	0	0.0976519584655762	104857600	0.09765625	11122906	
1849	28	0	0.0976519584655762	104857600	0.09765625	11122912	
1850	28	0	0.0976519584655762	104857600	0.09765625	11122924	
1851	28	0	0.0976519584655762	104857600	0.09765625	11123006	
1852	28	0	0.0976519584655762	104857600	0.09765625	11123012	
1853	28	0	0.0976519584655762	104857600	0.09765625	11123024	
1854	28	0	0.0976519584655762	104857600	0.09765625	11123106	
1855	28	0	0.0976519584655762	104857600	0.09765625	11123112	
1856	28	0	0.0976519584655762	104857600	0.09765625	11123124	
1857	28	0	0.0976519584655762	104857600	0.09765625	12010106	
1858	28	0	0.0976519584655762	104857600	0.09765625	12010112	
1859	28	0	0.0976519584655762	104857600	0.09765625	12010124	
1860	28	0	0.0976519584655762	104857600	0.09765625	12010206	
1861	28	0	0.0976519584655762	104857600	0.09765625	12010212	
1862	28	0	0.0976519584655762	104857600	0.09765625	12010224	
1863	28	0	0.0976519584655762	104857600	0.09765625	12010306	
1864	28	0	0.0976519584655762	104857600	0.09765625	12010312	
1865	28	0	0.0976519584655762	104857600	0.09765625	12010324	
1866	28	0	0.0976519584655762	104857600	0.09765625	12010406	
1867	28	0	0.0976519584655762	104857600	0.09765625	12010412	
1868	28	0	0.0976519584655762	104857600	0.09765625	12010424	
1869	28	0	0.0976519584655762	104857600	0.09765625	12010506	
1870	28	0	0.0976519584655762	104857600	0.09765625	12010512	
1871	28	2097152	0.0996050834655762	106954752	0.099609375	12010524	
1872	28	5242880	0.104487895965576	112197632	0.1044921875	12010606	
1873	28	0	0.104487895965576	112197632	0.1044921875	12010612	
1874	28	0	0.104487895965576	112197632	0.1044921875	12010624	
1875	28	0	0.104487895965576	112197632	0.1044921875	12010706	
1876	28	0	0.104487895965576	112197632	0.1044921875	12010712	
1877	28	0	0.104487895965576	112197632	0.1044921875	12010724	
1878	28	0	0.104487895965576	112197632	0.1044921875	12010806	
1879	28	0	0.104487895965576	112197632	0.1044921875	12010812	
1880	28	0	0.104487895965576	112197632	0.1044921875	12010824	
1881	28	0	0.104487895965576	112197632	0.1044921875	12010906	
1882	28	0	0.104487895965576	112197632	0.1044921875	12010912	
1883	28	0	0.104487895965576	112197632	0.1044921875	12010924	
1884	28	0	0.104487895965576	112197632	0.1044921875	12011006	
1885	28	0	0.104487895965576	112197632	0.1044921875	12011012	
1886	28	0	0.104487895965576	112197632	0.1044921875	12011024	
1887	28	8388608	0.112300395965576	120586240	0.1123046875	12011106	
1888	28	0	0.112300395965576	120586240	0.1123046875	12011112	
1889	28	0	0.112300395965576	120586240	0.1123046875	12011124	
1890	28	0	0.112300395965576	120586240	0.1123046875	12011206	
1891	28	0	0.112300395965576	120586240	0.1123046875	12011212	
1892	28	0	0.112300395965576	120586240	0.1123046875	12011224	
1893	28	0	0.112300395965576	120586240	0.1123046875	12011306	
1894	28	0	0.112300395965576	120586240	0.1123046875	12011312	
1895	28	0	0.112300395965576	120586240	0.1123046875	12011324	
1896	28	0	0.112300395965576	120586240	0.1123046875	12011406	
1897	28	0	0.112300395965576	120586240	0.1123046875	12011412	
1898	28	0	0.112300395965576	120586240	0.1123046875	12011424	
1899	28	0	0.112300395965576	120586240	0.1123046875	12011506	
1900	28	0	0.112300395965576	120586240	0.1123046875	12011512	
1901	28	0	0.112300395965576	120586240	0.1123046875	12011524	
1902	28	0	0.112300395965576	120586240	0.1123046875	12011606	
1903	28	0	0.112300395965576	120586240	0.1123046875	12011612	
1904	28	0	0.112300395965576	120586240	0.1123046875	12011624	
1905	28	0	0.112300395965576	120586240	0.1123046875	12011706	
1906	28	0	0.112300395965576	120586240	0.1123046875	12011712	
1907	28	0	0.112300395965576	120586240	0.1123046875	12011724	
1908	28	0	0.112300395965576	120586240	0.1123046875	12011806	
1909	28	0	0.112300395965576	120586240	0.1123046875	12011812	
1910	28	8388608	0.120112895965576	128974848	0.1201171875	12011824	
1911	28	0	0.120112895965576	128974848	0.1201171875	12011906	
1912	28	0	0.120112895965576	128974848	0.1201171875	12011912	
1913	28	0	0.120112895965576	128974848	0.1201171875	12011924	
1914	28	0	0.120112895965576	128974848	0.1201171875	12012006	
1915	28	0	0.120112895965576	128974848	0.1201171875	12012012	
1916	28	0	0.120112895965576	128974848	0.1201171875	12012024	
1917	28	9437184	0.128901958465576	138412032	0.12890625	12012106	
1918	28	0	0.128901958465576	138412032	0.12890625	12012112	
1919	28	0	0.128901958465576	138412032	0.12890625	12012124	
1920	28	0	0.128901958465576	138412032	0.12890625	12012206	
1921	28	0	0.128901958465576	138412032	0.12890625	12012212	
1922	28	0	0.128901958465576	138412032	0.12890625	12012224	
1923	28	0	0.128901958465576	138412032	0.12890625	12012306	
1924	28	0	0.128901958465576	138412032	0.12890625	12012312	
1925	28	0	0.128901958465576	138412032	0.12890625	12012324	
1926	28	0	0.128901958465576	138412032	0.12890625	12012406	
1927	28	0	0.128901958465576	138412032	0.12890625	12012412	
1928	28	0	0.128901958465576	138412032	0.12890625	12012424	
1929	28	0	0.128901958465576	138412032	0.12890625	12012506	
1930	28	0	0.128901958465576	138412032	0.12890625	12012512	
1931	28	0	0.128901958465576	138412032	0.12890625	12012524	
1932	28	0	0.128901958465576	138412032	0.12890625	12012606	
1933	28	0	0.128901958465576	138412032	0.12890625	12012612	
1934	28	8388608	0.136714458465576	146800640	0.13671875	12012624	
1935	28	0	0.136714458465576	146800640	0.13671875	12012706	
1936	28	0	0.136714458465576	146800640	0.13671875	12012712	
1937	28	8388608	0.144526958465576	155189248	0.14453125	12012724	
1938	28	0	0.144526958465576	155189248	0.14453125	12012806	
1939	28	0	0.144526958465576	155189248	0.14453125	12012812	
1940	28	0	0.144526958465576	155189248	0.14453125	12012824	
1941	28	0	0.144526958465576	155189248	0.14453125	12012906	
1942	28	0	0.144526958465576	155189248	0.14453125	12012912	
1943	28	0	0.144526958465576	155189248	0.14453125	12012924	
1944	28	0	0.144526958465576	155189248	0.14453125	12013006	
1945	28	0	0.144526958465576	155189248	0.14453125	12013012	
1946	28	0	0.144526958465576	155189248	0.14453125	12013024	
1947	28	0	0.144526958465576	155189248	0.14453125	12013106	
1948	28	0	0.144526958465576	155189248	0.14453125	12013112	
1949	28	0	0.144526958465576	155189248	0.14453125	12013124	
1950	28	0	0.144526958465576	155189248	0.14453125	12020106	
1951	28	0	0.144526958465576	155189248	0.14453125	12020112	
1952	28	0	0.144526958465576	155189248	0.14453125	12020124	
1953	28	0	0.144526958465576	155189248	0.14453125	12020206	
1954	28	0	0.144526958465576	155189248	0.14453125	12020212	
1955	28	0	0.144526958465576	155189248	0.14453125	12020224	
1956	28	0	0.144526958465576	155189248	0.14453125	12020306	
1957	28	0	0.144526958465576	155189248	0.14453125	12020312	
1958	28	0	0.144526958465576	155189248	0.14453125	12020324	
1959	28	0	0.144526958465576	155189248	0.14453125	12020406	
1960	28	0	0.144526958465576	155189248	0.14453125	12020412	
1961	28	0	0.144526958465576	155189248	0.14453125	12020424	
1962	28	0	0.144526958465576	155189248	0.14453125	12020506	
1963	28	0	0.144526958465576	155189248	0.14453125	12020512	
1964	28	0	0.144526958465576	155189248	0.14453125	12020524	
1965	28	0	0.144526958465576	155189248	0.14453125	12020606	
1966	28	0	0.144526958465576	155189248	0.14453125	12020612	
1967	28	0	0.144526958465576	155189248	0.14453125	12020624	
1968	28	0	0.144526958465576	155189248	0.14453125	12020706	
1969	28	0	0.144526958465576	155189248	0.14453125	12020712	
1970	28	0	0.144526958465576	155189248	0.14453125	12020724	
1971	28	0	0.144526958465576	155189248	0.14453125	12020806	
1972	28	0	0.144526958465576	155189248	0.14453125	12020812	
1973	28	0	0.144526958465576	155189248	0.14453125	12020824	
1974	28	0	0.144526958465576	155189248	0.14453125	12020906	
1975	28	0	0.144526958465576	155189248	0.14453125	12020912	
1976	28	0	0.144526958465576	155189248	0.14453125	12020924	
1977	28	0	0.144526958465576	155189248	0.14453125	12021006	
1978	28	0	0.144526958465576	155189248	0.14453125	12021012	
1979	28	0	0.144526958465576	155189248	0.14453125	12021024	
1980	28	0	0.144526958465576	155189248	0.14453125	12021106	
1981	28	0	0.144526958465576	155189248	0.14453125	12021112	
1982	28	0	0.144526958465576	155189248	0.14453125	12021124	
1983	28	0	0.144526958465576	155189248	0.14453125	12021206	
1984	28	0	0.144526958465576	155189248	0.14453125	12021212	
1985	28	0	0.144526958465576	155189248	0.14453125	12021224	
1986	28	0	0.144526958465576	155189248	0.14453125	12021306	
1987	28	0	0.144526958465576	155189248	0.14453125	12021312	
1988	28	0	0.144526958465576	155189248	0.14453125	12021324	
1989	28	0	0.144526958465576	155189248	0.14453125	12021406	
1990	28	0	0.144526958465576	155189248	0.14453125	12021412	
1991	28	0	0.144526958465576	155189248	0.14453125	12021424	
1992	28	8388608	0.152339458465576	163577856	0.15234375	12021506	
1993	28	0	0.152339458465576	163577856	0.15234375	12021512	
1994	28	0	0.152339458465576	163577856	0.15234375	12021524	
1995	28	0	0.152339458465576	163577856	0.15234375	12021606	
1996	28	0	0.152339458465576	163577856	0.15234375	12021612	
1997	28	0	0.152339458465576	163577856	0.15234375	12021624	
1998	28	0	0.152339458465576	163577856	0.15234375	12021706	
1999	28	0	0.152339458465576	163577856	0.15234375	12021712	
2000	28	0	0.152339458465576	163577856	0.15234375	12021724	
2001	28	0	0.152339458465576	163577856	0.15234375	12021806	
2002	28	0	0.152339458465576	163577856	0.15234375	12021812	
2003	28	0	0.152339458465576	163577856	0.15234375	12021824	
2004	28	0	0.152339458465576	163577856	0.15234375	12021906	
2005	28	0	0.152339458465576	163577856	0.15234375	12021912	
2006	28	0	0.152339458465576	163577856	0.15234375	12021924	
2007	28	0	0.152339458465576	163577856	0.15234375	12022006	
2008	28	0	0.152339458465576	163577856	0.15234375	12022012	
2009	28	0	0.152339458465576	163577856	0.15234375	12022024	
2010	28	0	0.152339458465576	163577856	0.15234375	12022106	
2011	28	0	0.152339458465576	163577856	0.15234375	12022112	
2012	28	0	0.152339458465576	163577856	0.15234375	12022124	
2013	28	0	0.152339458465576	163577856	0.15234375	12022206	
2014	28	0	0.152339458465576	163577856	0.15234375	12022212	
2015	28	0	0.152339458465576	163577856	0.15234375	12022224	
2016	28	0	0.152339458465576	163577856	0.15234375	12022306	
2017	28	0	0.152339458465576	163577856	0.15234375	12022312	
2018	28	0	0.152339458465576	163577856	0.15234375	12022324	
2019	28	9437184	0.161128520965576	173015040	0.1611328125	12022406	
2020	28	0	0.161128520965576	173015040	0.1611328125	12022412	
2021	28	0	0.161128520965576	173015040	0.1611328125	12022424	
2022	28	0	0.161128520965576	173015040	0.1611328125	12022506	
2023	28	0	0.161128520965576	173015040	0.1611328125	12022512	
2024	28	0	0.161128520965576	173015040	0.1611328125	12022524	
2025	28	0	0.161128520965576	173015040	0.1611328125	12022606	
2026	28	0	0.161128520965576	173015040	0.1611328125	12022612	
2027	28	0	0.161128520965576	173015040	0.1611328125	12022624	
2028	28	0	0.161128520965576	173015040	0.1611328125	12022706	
2029	28	0	0.161128520965576	173015040	0.1611328125	12022712	
2030	28	0	0.161128520965576	173015040	0.1611328125	12022724	
2031	28	0	0.161128520965576	173015040	0.1611328125	12022806	
2032	28	0	0.161128520965576	173015040	0.1611328125	12022812	
2033	28	0	0.161128520965576	173015040	0.1611328125	12022824	
2034	28	0	0.161128520965576	173015040	0.1611328125	12022906	
2035	28	0	0.161128520965576	173015040	0.1611328125	12022912	
2036	28	0	0.161128520965576	173015040	0.1611328125	12022924	
2037	28	0	0.161128520965576	173015040	0.1611328125	12030106	
2038	28	0	0.161128520965576	173015040	0.1611328125	12030112	
2039	28	0	0.161128520965576	173015040	0.1611328125	12030124	
2040	28	0	0.161128520965576	173015040	0.1611328125	12030206	
2041	28	0	0.161128520965576	173015040	0.1611328125	12030212	
2042	28	0	0.161128520965576	173015040	0.1611328125	12030224	
2043	28	0	0.161128520965576	173015040	0.1611328125	12030306	
2044	28	0	0.161128520965576	173015040	0.1611328125	12030312	
2045	28	0	0.161128520965576	173015040	0.1611328125	12030324	
2046	28	0	0.161128520965576	173015040	0.1611328125	12030406	
2047	28	0	0.161128520965576	173015040	0.1611328125	12030412	
2048	28	0	0.161128520965576	173015040	0.1611328125	12030424	
2049	28	0	0.161128520965576	173015040	0.1611328125	12030506	
2050	28	0	0.161128520965576	173015040	0.1611328125	12030512	
2051	28	0	0.161128520965576	173015040	0.1611328125	12030524	
2052	28	0	0.161128520965576	173015040	0.1611328125	12030606	
2053	28	0	0.161128520965576	173015040	0.1611328125	12030612	
2054	28	0	0.161128520965576	173015040	0.1611328125	12030624	
2055	28	0	0.161128520965576	173015040	0.1611328125	12030706	
2056	28	0	0.161128520965576	173015040	0.1611328125	12030712	
2057	28	0	0.161128520965576	173015040	0.1611328125	12030724	
2058	28	0	0.161128520965576	173015040	0.1611328125	12030806	
2059	28	0	0.161128520965576	173015040	0.1611328125	12030812	
2060	28	0	0.161128520965576	173015040	0.1611328125	12030824	
2061	28	0	0.161128520965576	173015040	0.1611328125	12030906	
2062	28	0	0.161128520965576	173015040	0.1611328125	12030912	
2063	28	0	0.161128520965576	173015040	0.1611328125	12030924	
2064	28	0	0.161128520965576	173015040	0.1611328125	12031006	
2065	28	0	0.161128520965576	173015040	0.1611328125	12031012	
2066	28	0	0.161128520965576	173015040	0.1611328125	12031024	
2067	28	0	0.161128520965576	173015040	0.1611328125	12031106	
2068	28	0	0.161128520965576	173015040	0.1611328125	12031112	
2069	28	0	0.161128520965576	173015040	0.1611328125	12031124	
2070	28	0	0.161128520965576	173015040	0.1611328125	12031206	
2071	28	0	0.161128520965576	173015040	0.1611328125	12031212	
2072	28	0	0.161128520965576	173015040	0.1611328125	12031224	
2073	28	0	0.161128520965576	173015040	0.1611328125	12031306	
2074	28	0	0.161128520965576	173015040	0.1611328125	12031312	
2075	28	0	0.161128520965576	173015040	0.1611328125	12031324	
2076	28	0	0.161128520965576	173015040	0.1611328125	12031406	
2077	28	0	0.161128520965576	173015040	0.1611328125	12031412	
2078	28	0	0.161128520965576	173015040	0.1611328125	12031424	
2079	28	0	0.161128520965576	173015040	0.1611328125	12031506	
2080	28	0	0.161128520965576	173015040	0.1611328125	12031512	
2081	28	0	0.161128520965576	173015040	0.1611328125	12031524	
2082	28	0	0.161128520965576	173015040	0.1611328125	12031606	
2083	28	0	0.161128520965576	173015040	0.1611328125	12031612	
2084	28	0	0.161128520965576	173015040	0.1611328125	12031624	
2085	28	0	0.161128520965576	173015040	0.1611328125	12031706	
2086	28	0	0.161128520965576	173015040	0.1611328125	12031712	
2087	28	0	0.161128520965576	173015040	0.1611328125	12031724	
2088	28	0	0.161128520965576	173015040	0.1611328125	12031806	
2089	28	0	0.161128520965576	173015040	0.1611328125	12031812	
2090	28	0	0.161128520965576	173015040	0.1611328125	12031824	
2091	28	0	0.161128520965576	173015040	0.1611328125	12031906	
2092	28	0	0.161128520965576	173015040	0.1611328125	12031912	
2093	28	0	0.161128520965576	173015040	0.1611328125	12031924	
2094	28	0	0.161128520965576	173015040	0.1611328125	12032006	
2095	28	0	0.161128520965576	173015040	0.1611328125	12032012	
2096	28	0	0.161128520965576	173015040	0.1611328125	12032024	
2097	28	0	0.161128520965576	173015040	0.1611328125	12032106	
2098	28	0	0.161128520965576	173015040	0.1611328125	12032112	
2099	28	0	0.161128520965576	173015040	0.1611328125	12032124	
2100	28	0	0.161128520965576	173015040	0.1611328125	12032206	
2101	28	0	0.161128520965576	173015040	0.1611328125	12032212	
2102	28	0	0.161128520965576	173015040	0.1611328125	12032224	
2103	28	0	0.161128520965576	173015040	0.1611328125	12032306	
2104	28	0	0.161128520965576	173015040	0.1611328125	12032312	
2105	28	0	0.161128520965576	173015040	0.1611328125	12032324	
2106	28	0	0.161128520965576	173015040	0.1611328125	12032406	
2107	28	0	0.161128520965576	173015040	0.1611328125	12032412	
2108	28	0	0.161128520965576	173015040	0.1611328125	12032424	
2109	28	0	0.161128520965576	173015040	0.1611328125	12032506	
2110	28	0	0.161128520965576	173015040	0.1611328125	12032512	
2111	28	0	0.161128520965576	173015040	0.1611328125	12032524	
2112	28	0	0.161128520965576	173015040	0.1611328125	12032606	
2113	28	0	0.161128520965576	173015040	0.1611328125	12032612	
2114	28	0	0.161128520965576	173015040	0.1611328125	12032624	
2115	28	0	0.161128520965576	173015040	0.1611328125	12032706	
2116	28	0	0.161128520965576	173015040	0.1611328125	12032712	
2117	28	0	0.161128520965576	173015040	0.1611328125	12032724	
2118	28	0	0.161128520965576	173015040	0.1611328125	12032806	
2119	28	0	0.161128520965576	173015040	0.1611328125	12032812	
2120	28	0	0.161128520965576	173015040	0.1611328125	12032824	
2121	28	0	0.161128520965576	173015040	0.1611328125	12032906	
2122	28	0	0.161128520965576	173015040	0.1611328125	12032912	
2123	28	0	0.161128520965576	173015040	0.1611328125	12032924	
2124	28	0	0.161128520965576	173015040	0.1611328125	12033006	
2125	28	0	0.161128520965576	173015040	0.1611328125	12033012	
2126	28	0	0.161128520965576	173015040	0.1611328125	12033024	
2127	28	0	0.161128520965576	173015040	0.1611328125	12033106	
2128	28	0	0.161128520965576	173015040	0.1611328125	12033112	
2129	28	0	0.161128520965576	173015040	0.1611328125	12033124	
2130	28	0	0.161128520965576	173015040	0.1611328125	12040106	
2131	28	0	0.161128520965576	173015040	0.1611328125	12040112	
2132	28	0	0.161128520965576	173015040	0.1611328125	12040124	
2133	28	0	0.161128520965576	173015040	0.1611328125	12040206	
2134	28	0	0.161128520965576	173015040	0.1611328125	12040212	
2135	28	0	0.161128520965576	173015040	0.1611328125	12040224	
2136	28	0	0.161128520965576	173015040	0.1611328125	12040306	
2137	28	0	0.161128520965576	173015040	0.1611328125	12040312	
2138	28	0	0.161128520965576	173015040	0.1611328125	12040324	
