0	42	23622320128	22	23622320128	22	10042206	
1	42	0	0	23622320128	22	10042212	
2	42	0	0	23622320128	22	10042224	
3	42	0	0	23622320128	22	10042306	
4	42	0	0	23622320128	22	10042312	
5	42	0	0	23622320128	22	10042324	
6	42	0	0	23622320128	22	10042406	
7	42	0	0	23622320128	22	10042412	
8	42	0	0	23622320128	22	10042424	
9	42	0	0	23622320128	22	10042506	
10	42	0	0	23622320128	22	10042512	
11	42	0	0	23622320128	22	10042524	
12	42	0	0	23622320128	22	10042606	
13	42	0	0	23622320128	22	10042612	
14	42	0	0	23622320128	22	10042624	
15	42	0	0	23622320128	22	10042706	
16	42	0	0	23622320128	22	10042712	
17	42	0	0	23622320128	22.0	10042724	
18	42	0	0	23622320128	22.0	10042806	
19	42	0	0	23622320128	22.0	10042812	
20	42	0	0	23622320128	22.0	10042824	
21	42	0	0	23622320128	22.0	10042906	
22	42	0	0	23622320128	22.0	10042912	
23	42	0	0	23622320128	22.0	10042924	
24	42	0	0	23622320128	22.0	10043006	
25	42	0	0	23622320128	22.0	10043012	
26	42	0	0	23622320128	22.0	10043024	
27	42	0	0	23622320128	22.0	10050106	
28	42	0	0	23622320128	22.0	10050112	
29	42	0	0	23622320128	22.0	10050124	
30	42	0	0	23622320128	22.0	10050206	
31	42	0	0	23622320128	22.0	10050212	
32	42	0	0	23622320128	22.0	10050224	
33	42	0	0	23622320128	22.0	10050306	
34	42	107374182.400002	0.100000000000001	23729694310.4	22.1	10050312	
35	42	214748364.799999	0.300000000000001	23944442675.2	22.3	10050324	
36	42	0	0.300000000000001	23944442675.2	22.3	10050406	
37	42	214748364.799999	0.5	24159191040	22.5	10050412	
38	42	107374182.400002	0.600000000000001	24266565222.4	22.6	10050424	
39	42	0	0.600000000000001	24266565222.4	22.6	10050506	
40	42	107374182.399998	0.699999999999999	24373939404.8	22.7	10050512	
41	42	0	0.699999999999999	24373939404.8	22.7	10050524	
42	42	0	0.699999999999999	24373939404.8	22.7	10050606	
43	42	-751619276.799999	0	23622320128	22	10050612	
44	42	0	0	23622320128	22	10050624	
45	42	0	0	23622320128	22	10050706	
46	42	0	0	23622320128	22	10050712	
47	42	751619276.799999	0.699999999999999	24373939404.8	22.7	10050724	
48	42	0	0.699999999999999	24373939404.8	22.7	10050806	
49	42	0	0.699999999999999	24373939404.8	22.7	10050812	
50	42	0	0.699999999999999	24373939404.8	22.7	10050824	
51	42	0	0.699999999999999	24373939404.8	22.7	10050906	
52	42	0	0.699999999999999	24373939404.8	22.7	10050912	
53	42	0	0.699999999999999	24373939404.8	22.7	10050924	
54	42	0	0.699999999999999	24373939404.8	22.7	10051006	
55	42	0	0.699999999999999	24373939404.8	22.7	10051012	
56	42	0	0.699999999999999	24373939404.8	22.7	10051024	
57	42	0	0.699999999999999	24373939404.8	22.7	10051106	
58	42	0	0.699999999999999	24373939404.8	22.7	10051112	
59	42	0	0.699999999999999	24373939404.8	22.7	10051124	
60	42	0	0.699999999999999	24373939404.8	22.7	10051206	
61	42	0	0.699999999999999	24373939404.8	22.7	10051212	
62	42	0	0.699999999999999	24373939404.8	22.7	10051224	
63	42	0	0.699999999999999	24373939404.8	22.7	10051306	
64	42	0	0.699999999999999	24373939404.8	22.7	10051312	
65	42	0	0.699999999999999	24373939404.8	22.7	10051324	
66	42	0	0.699999999999999	24373939404.8	22.7	10051406	
67	42	0	0.699999999999999	24373939404.8	22.7	10051412	
68	42	0	0.699999999999999	24373939404.8	22.7	10051424	
69	42	0	0.699999999999999	24373939404.8	22.7	10051506	
70	42	0	0.699999999999999	24373939404.8	22.7	10051512	
71	42	0	0.699999999999999	24373939404.8	22.7	10051524	
72	42	0	0.699999999999999	24373939404.8	22.7	10051606	
73	42	0	0.699999999999999	24373939404.8	22.7	10051612	
74	42	0	0.699999999999999	24373939404.8	22.7	10051624	
75	42	0	0.699999999999999	24373939404.8	22.7	10051706	
76	42	0	0.699999999999999	24373939404.8	22.7	10051712	
77	42	0	0.699999999999999	24373939404.8	22.7	10051724	
78	42	0	0.699999999999999	24373939404.8	22.7	10051806	
79	42	0	0.699999999999999	24373939404.8	22.7	10051812	
80	42	-751619276.799999	0	23622320128	22	10051824	
81	42	0	0	23622320128	22	10051906	
82	42	751619276.799999	0.699999999999999	24373939404.8	22.7	10051912	
83	42	0	0.699999999999999	24373939404.8	22.7	10051924	
84	42	0	0.699999999999999	24373939404.8	22.7	10052006	
85	42	0	0.699999999999999	24373939404.8	22.7	10052012	
86	42	107374182.400002	0.800000000000001	24481313587.2	22.8	10052024	
87	42	0	0.800000000000001	24481313587.2	22.8	10052106	
88	42	0	0.800000000000001	24481313587.2	22.8	10052112	
89	42	0	0.800000000000001	24481313587.2	22.8	10052124	
90	42	0	0.800000000000001	24481313587.2	22.8	10052206	
91	42	0	0.800000000000001	24481313587.2	22.8	10052212	
92	42	0	0.800000000000001	24481313587.2	22.8	10052224	
93	42	0	0.800000000000001	24481313587.2	22.8	10052306	
94	42	0	0.800000000000001	24481313587.2	22.8	10052312	
95	42	0	0.800000000000001	24481313587.2	22.8	10052324	
96	42	0	0.800000000000001	24481313587.2	22.8	10052406	
97	42	0	0.800000000000001	24481313587.2	22.8	10052412	
98	42	0	0.800000000000001	24481313587.2	22.8	10052424	
99	42	0	0.800000000000001	24481313587.2	22.8	10052506	
100	42	0	0.800000000000001	24481313587.2	22.8	10052512	
101	42	-858993459.200001	0	23622320128	22	10052524	
102	42	0	0	23622320128	22	10052606	
103	42	0	0	23622320128	22	10052612	
104	42	858993459.200001	0.800000000000001	24481313587.2	22.8	10052624	
105	42	0	0.800000000000001	24481313587.2	22.8	10052706	
106	42	0	0.800000000000001	24481313587.2	22.8	10052712	
107	42	0	0.800000000000001	24481313587.2	22.8	10052724	
108	42	0	0.800000000000001	24481313587.2	22.8	10052806	
109	42	0	0.800000000000001	24481313587.2	22.8	10052812	
110	42	0	0.800000000000001	24481313587.2	22.8	10052824	
111	42	0	0.800000000000001	24481313587.2	22.8	10052906	
112	42	0	0.800000000000001	24481313587.2	22.8	10052912	
113	42	0	0.800000000000001	24481313587.2	22.8	10052924	
114	42	0	0.800000000000001	24481313587.2	22.8	10053006	
115	42	0	0.800000000000001	24481313587.2	22.8	10053012	
116	42	0	0.800000000000001	24481313587.2	22.8	10053024	
117	42	0	0.800000000000001	24481313587.2	22.8	10053106	
118	42	0	0.800000000000001	24481313587.2	22.8	10053112	
119	42	0	0.800000000000001	24481313587.2	22.8	10053124	
120	42	0	0.800000000000001	24481313587.2	22.8	10060106	
121	42	0	0.800000000000001	24481313587.2	22.8	10060112	
122	42	0	0.800000000000001	24481313587.2	22.8	10060124	
123	42	0	0.800000000000001	24481313587.2	22.8	10060206	
124	42	0	0.800000000000001	24481313587.2	22.8	10060212	
125	42	0	0.800000000000001	24481313587.2	22.8	10060224	
126	42	0	0.800000000000001	24481313587.2	22.8	10060306	
127	42	0	0.800000000000001	24481313587.2	22.8	10060312	
128	42	0	0.800000000000001	24481313587.2	22.8	10060324	
129	42	0	0.800000000000001	24481313587.2	22.8	10060406	
130	42	0	0.800000000000001	24481313587.2	22.8	10060412	
131	42	0	0.800000000000001	24481313587.2	22.8	10060424	
132	42	0	0.800000000000001	24481313587.2	22.8	10060506	
133	42	0	0.800000000000001	24481313587.2	22.8	10060512	
134	42	0	0.800000000000001	24481313587.2	22.8	10060524	
135	42	0	0.800000000000001	24481313587.2	22.8	10060606	
136	42	0	0.800000000000001	24481313587.2	22.8	10060612	
137	42	0	0.800000000000001	24481313587.2	22.8	10060624	
138	42	0	0.800000000000001	24481313587.2	22.8	10060706	
139	42	0	0.800000000000001	24481313587.2	22.8	10060712	
140	42	0	0.800000000000001	24481313587.2	22.8	10060724	
141	42	0	0.800000000000001	24481313587.2	22.8	10060806	
142	42	0	0.800000000000001	24481313587.2	22.8	10060812	
143	42	0	0.800000000000001	24481313587.2	22.8	10060824	
144	42	0	0.800000000000001	24481313587.2	22.8	10060906	
145	42	0	0.800000000000001	24481313587.2	22.8	10060912	
146	42	0	0.800000000000001	24481313587.2	22.8	10060924	
147	42	0	0.800000000000001	24481313587.2	22.8	10061006	
148	42	0	0.800000000000001	24481313587.2	22.8	10061012	
149	42	0	0.800000000000001	24481313587.2	22.8	10061024	
150	42	0	0.800000000000001	24481313587.2	22.8	10061106	
151	42	0	0.800000000000001	24481313587.2	22.8	10061112	
152	42	0	0.800000000000001	24481313587.2	22.8	10061124	
153	42	0	0.800000000000001	24481313587.2	22.8	10061206	
154	42	0	0.800000000000001	24481313587.2	22.8	10061212	
155	42	0	0.800000000000001	24481313587.2	22.8	10061224	
156	42	0	0.800000000000001	24481313587.2	22.8	10061306	
157	42	0	0.800000000000001	24481313587.2	22.8	10061312	
158	42	0	0.800000000000001	24481313587.2	22.8	10061324	
159	42	0	0.800000000000001	24481313587.2	22.8	10061406	
160	42	0	0.800000000000001	24481313587.2	22.8	10061412	
161	42	0	0.800000000000001	24481313587.2	22.8	10061424	
162	42	0	0.800000000000001	24481313587.2	22.8	10061506	
163	42	0	0.800000000000001	24481313587.2	22.8	10061512	
164	42	0	0.800000000000001	24481313587.2	22.8	10061524	
165	42	0	0.800000000000001	24481313587.2	22.8	10061606	
166	42	0	0.800000000000001	24481313587.2	22.8	10061612	
167	42	0	0.800000000000001	24481313587.2	22.8	10061624	
168	42	0	0.800000000000001	24481313587.2	22.8	10061706	
169	42	0	0.800000000000001	24481313587.2	22.8	10061712	
170	42	0	0.800000000000001	24481313587.2	22.8	10061724	
171	42	0	0.800000000000001	24481313587.2	22.8	10061806	
172	42	0	0.800000000000001	24481313587.2	22.8	10061812	
173	42	0	0.800000000000001	24481313587.2	22.8	10061824	
174	42	0	0.800000000000001	24481313587.2	22.8	10061906	
175	42	0	0.800000000000001	24481313587.2	22.8	10061912	
176	42	0	0.800000000000001	24481313587.2	22.8	10061924	
177	42	0	0.800000000000001	24481313587.2	22.8	10062006	
178	42	0	0.800000000000001	24481313587.2	22.8	10062012	
179	42	0	0.800000000000001	24481313587.2	22.8	10062024	
180	42	0	0.800000000000001	24481313587.2	22.8	10062106	
181	42	0	0.800000000000001	24481313587.2	22.8	10062112	
182	42	0	0.800000000000001	24481313587.2	22.8	10062124	
183	42	0	0.800000000000001	24481313587.2	22.8	10062206	
184	42	0	0.800000000000001	24481313587.2	22.8	10062212	
185	42	0	0.800000000000001	24481313587.2	22.8	10062224	
186	42	0	0.800000000000001	24481313587.2	22.8	10062306	
187	42	0	0.800000000000001	24481313587.2	22.8	10062312	
188	42	0	0.800000000000001	24481313587.2	22.8	10062324	
189	42	0	0.800000000000001	24481313587.2	22.8	10062406	
190	42	0	0.800000000000001	24481313587.2	22.8	10062412	
191	42	0	0.800000000000001	24481313587.2	22.8	10062424	
192	42	0	0.800000000000001	24481313587.2	22.8	10062506	
193	42	0	0.800000000000001	24481313587.2	22.8	10062512	
194	42	0	0.800000000000001	24481313587.2	22.8	10062524	
195	42	0	0.800000000000001	24481313587.2	22.8	10062606	
196	42	0	0.800000000000001	24481313587.2	22.8	10062612	
197	42	0	0.800000000000001	24481313587.2	22.8	10062624	
198	42	0	0.800000000000001	24481313587.2	22.8	10062706	
199	42	0	0.800000000000001	24481313587.2	22.8	10062712	
200	42	0	0.800000000000001	24481313587.2	22.8	10062724	
201	42	0	0.800000000000001	24481313587.2	22.8	10062806	
202	42	0	0.800000000000001	24481313587.2	22.8	10062812	
203	42	0	0.800000000000001	24481313587.2	22.8	10062824	
204	42	0	0.800000000000001	24481313587.2	22.8	10062906	
205	42	0	0.800000000000001	24481313587.2	22.8	10062912	
206	42	0	0.800000000000001	24481313587.2	22.8	10062924	
207	42	0	0.800000000000001	24481313587.2	22.8	10063006	
208	42	0	0.800000000000001	24481313587.2	22.8	10063012	
209	42	0	0.800000000000001	24481313587.2	22.8	10063024	
210	42	0	0.800000000000001	24481313587.2	22.8	10070106	
211	42	0	0.800000000000001	24481313587.2	22.8	10070112	
212	42	0	0.800000000000001	24481313587.2	22.8	10070124	
213	42	0	0.800000000000001	24481313587.2	22.8	10070206	
214	42	0	0.800000000000001	24481313587.2	22.8	10070212	
215	42	0	0.800000000000001	24481313587.2	22.8	10070224	
216	42	0	0.800000000000001	24481313587.2	22.8	10070306	
217	42	0	0.800000000000001	24481313587.2	22.8	10070312	
218	42	0	0.800000000000001	24481313587.2	22.8	10070324	
219	42	0	0.800000000000001	24481313587.2	22.8	10070406	
220	42	0	0.800000000000001	24481313587.2	22.8	10070412	
221	42	0	0.800000000000001	24481313587.2	22.8	10070424	
222	42	0	0.800000000000001	24481313587.2	22.8	10070506	
223	42	0	0.800000000000001	24481313587.2	22.8	10070512	
224	42	0	0.800000000000001	24481313587.2	22.8	10070524	
225	42	0	0.800000000000001	24481313587.2	22.8	10070606	
226	42	0	0.800000000000001	24481313587.2	22.8	10070612	
227	42	0	0.800000000000001	24481313587.2	22.8	10070624	
228	42	0	0.800000000000001	24481313587.2	22.8	10070706	
229	42	0	0.800000000000001	24481313587.2	22.8	10070712	
230	42	0	0.800000000000001	24481313587.2	22.8	10070724	
231	42	0	0.800000000000001	24481313587.2	22.8	10070806	
232	42	0	0.800000000000001	24481313587.2	22.8	10070812	
233	42	0	0.800000000000001	24481313587.2	22.8	10070824	
234	42	0	0.800000000000001	24481313587.2	22.8	10070906	
235	42	0	0.800000000000001	24481313587.2	22.8	10070912	
236	42	-858993459.200001	0	23622320128	22	10070924	
237	42	0	0	23622320128	22	10071006	
238	42	0	0	23622320128	22	10071012	
239	42	0	0	23622320128	22	10071024	
240	42	0	0	23622320128	22	10071106	
241	42	0	0	23622320128	22	10071112	
242	42	0	0	23622320128	22	10071124	
243	42	0	0	23622320128	22	10071206	
244	42	0	0	23622320128	22	10071212	
245	42	858993459.200001	0.800000000000001	24481313587.2	22.8	10071224	
246	42	0	0.800000000000001	24481313587.2	22.8	10071306	
247	42	0	0.800000000000001	24481313587.2	22.8	10071312	
248	42	0	0.800000000000001	24481313587.2	22.8	10071324	
249	42	0	0.800000000000001	24481313587.2	22.8	10071406	
250	42	0	0.800000000000001	24481313587.2	22.8	10071412	
251	42	0	0.800000000000001	24481313587.2	22.8	10071424	
252	42	0	0.800000000000001	24481313587.2	22.8	10071506	
253	42	0	0.800000000000001	24481313587.2	22.8	10071512	
254	42	0	0.800000000000001	24481313587.2	22.8	10071524	
255	42	0	0.800000000000001	24481313587.2	22.8	10071606	
256	42	0	0.800000000000001	24481313587.2	22.8	10071612	
257	42	0	0.800000000000001	24481313587.2	22.8	10071624	
258	42	0	0.800000000000001	24481313587.2	22.8	10071706	
259	42	0	0.800000000000001	24481313587.2	22.8	10071712	
260	42	0	0.800000000000001	24481313587.2	22.8	10071724	
261	42	0	0.800000000000001	24481313587.2	22.8	10071806	
262	42	0	0.800000000000001	24481313587.2	22.8	10071812	
263	42	0	0.800000000000001	24481313587.2	22.8	10071824	
264	42	0	0.800000000000001	24481313587.2	22.8	10071906	
265	42	0	0.800000000000001	24481313587.2	22.8	10071912	
266	42	0	0.800000000000001	24481313587.2	22.8	10071924	
267	42	0	0.800000000000001	24481313587.2	22.8	10072006	
268	42	0	0.800000000000001	24481313587.2	22.8	10072012	
269	42	0	0.800000000000001	24481313587.2	22.8	10072024	
270	42	0	0.800000000000001	24481313587.2	22.8	10072106	
271	42	0	0.800000000000001	24481313587.2	22.8	10072112	
272	42	0	0.800000000000001	24481313587.2	22.8	10072124	
273	42	0	0.800000000000001	24481313587.2	22.8	10072206	
274	42	0	0.800000000000001	24481313587.2	22.8	10072212	
275	42	0	0.800000000000001	24481313587.2	22.8	10072224	
276	42	0	0.800000000000001	24481313587.2	22.8	10072306	
277	42	0	0.800000000000001	24481313587.2	22.8	10072312	
278	42	0	0.800000000000001	24481313587.2	22.8	10072324	
279	42	0	0.800000000000001	24481313587.2	22.8	10072406	
280	42	0	0.800000000000001	24481313587.2	22.8	10072412	
281	42	0	0.800000000000001	24481313587.2	22.8	10072424	
282	42	0	0.800000000000001	24481313587.2	22.8	10072506	
283	42	0	0.800000000000001	24481313587.2	22.8	10072512	
284	42	0	0.800000000000001	24481313587.2	22.8	10072524	
285	42	0	0.800000000000001	24481313587.2	22.8	10072606	
286	42	0	0.800000000000001	24481313587.2	22.8	10072612	
287	42	0	0.800000000000001	24481313587.2	22.8	10072624	
288	42	0	0.800000000000001	24481313587.2	22.8	10072706	
289	42	0	0.800000000000001	24481313587.2	22.8	10072712	
290	42	0	0.800000000000001	24481313587.2	22.8	10072724	
291	42	0	0.800000000000001	24481313587.2	22.8	10072806	
292	42	0	0.800000000000001	24481313587.2	22.8	10072812	
293	42	0	0.800000000000001	24481313587.2	22.8	10072824	
294	42	0	0.800000000000001	24481313587.2	22.8	10072906	
295	42	0	0.800000000000001	24481313587.2	22.8	10072912	
296	42	0	0.800000000000001	24481313587.2	22.8	10072924	
297	42	0	0.800000000000001	24481313587.2	22.8	10073006	
298	42	0	0.800000000000001	24481313587.2	22.8	10073012	
299	42	0	0.800000000000001	24481313587.2	22.8	10073024	
300	42	0	0.800000000000001	24481313587.2	22.8	10073106	
301	42	0	0.800000000000001	24481313587.2	22.8	10073112	
302	42	0	0.800000000000001	24481313587.2	22.8	10073124	
303	42	0	0.800000000000001	24481313587.2	22.8	10080106	
304	42	0	0.800000000000001	24481313587.2	22.8	10080112	
305	42	0	0.800000000000001	24481313587.2	22.8	10080124	
306	42	0	0.800000000000001	24481313587.2	22.8	10080206	
307	42	0	0.800000000000001	24481313587.2	22.8	10080212	
308	42	0	0.800000000000001	24481313587.2	22.8	10080224	
309	42	0	0.800000000000001	24481313587.2	22.8	10080306	
310	42	0	0.800000000000001	24481313587.2	22.8	10080312	
311	42	0	0.800000000000001	24481313587.2	22.8	10080324	
312	42	0	0.800000000000001	24481313587.2	22.8	10080406	
313	42	0	0.800000000000001	24481313587.2	22.8	10080412	
314	42	0	0.800000000000001	24481313587.2	22.8	10080424	
315	42	0	0.800000000000001	24481313587.2	22.8	10080506	
316	42	0	0.800000000000001	24481313587.2	22.8	10080512	
317	42	0	0.800000000000001	24481313587.2	22.8	10080524	
318	42	0	0.800000000000001	24481313587.2	22.8	10080606	
319	42	0	0.800000000000001	24481313587.2	22.8	10080612	
320	42	0	0.800000000000001	24481313587.2	22.8	10080624	
321	42	0	0.800000000000001	24481313587.2	22.8	10080706	
322	42	0	0.800000000000001	24481313587.2	22.8	10080712	
323	42	0	0.800000000000001	24481313587.2	22.8	10080724	
324	42	0	0.800000000000001	24481313587.2	22.8	10080806	
325	42	0	0.800000000000001	24481313587.2	22.8	10080812	
326	42	0	0.800000000000001	24481313587.2	22.8	10080824	
327	42	0	0.800000000000001	24481313587.2	22.8	10080906	
328	42	0	0.800000000000001	24481313587.2	22.8	10080912	
329	42	0	0.800000000000001	24481313587.2	22.8	10080924	
330	42	0	0.800000000000001	24481313587.2	22.8	10081006	
331	42	0	0.800000000000001	24481313587.2	22.8	10081012	
332	42	0	0.800000000000001	24481313587.2	22.8	10081024	
333	42	0	0.800000000000001	24481313587.2	22.8	10081106	
334	42	0	0.800000000000001	24481313587.2	22.8	10081112	
335	42	0	0.800000000000001	24481313587.2	22.8	10081124	
336	42	0	0.800000000000001	24481313587.2	22.8	10081206	
337	42	0	0.800000000000001	24481313587.2	22.8	10081212	
338	42	0	0.800000000000001	24481313587.2	22.8	10081224	
339	42	0	0.800000000000001	24481313587.2	22.8	10081306	
340	42	0	0.800000000000001	24481313587.2	22.8	10081312	
341	42	107374182.399998	0.899999999999999	24588687769.6	22.9	10081324	
342	42	0	0.899999999999999	24588687769.6	22.9	10081406	
343	42	0	0.899999999999999	24588687769.6	22.9	10081412	
344	42	0	0.899999999999999	24588687769.6	22.9	10081424	
345	42	0	0.899999999999999	24588687769.6	22.9	10081506	
346	42	0	0.899999999999999	24588687769.6	22.9	10081512	
347	42	0	0.899999999999999	24588687769.6	22.9	10081524	
348	42	0	0.899999999999999	24588687769.6	22.9	10081606	
349	42	0	0.899999999999999	24588687769.6	22.9	10081612	
350	42	0	0.899999999999999	24588687769.6	22.9	10081624	
351	42	0	0.899999999999999	24588687769.6	22.9	10081706	
352	42	0	0.899999999999999	24588687769.6	22.9	10081712	
353	42	0	0.899999999999999	24588687769.6	22.9	10081724	
354	42	0	0.899999999999999	24588687769.6	22.9	10081806	
355	42	0	0.899999999999999	24588687769.6	22.9	10081812	
356	42	0	0.899999999999999	24588687769.6	22.9	10081824	
357	42	0	0.899999999999999	24588687769.6	22.9	10081906	
358	42	0	0.899999999999999	24588687769.6	22.9	10081912	
359	42	0	0.899999999999999	24588687769.6	22.9	10081924	
360	42	0	0.899999999999999	24588687769.6	22.9	10082006	
361	42	0	0.899999999999999	24588687769.6	22.9	10082012	
362	42	0	0.899999999999999	24588687769.6	22.9	10082024	
363	42	0	0.899999999999999	24588687769.6	22.9	10082106	
364	42	0	0.899999999999999	24588687769.6	22.9	10082112	
365	42	0	0.899999999999999	24588687769.6	22.9	10082124	
366	42	0	0.899999999999999	24588687769.6	22.9	10082206	
367	42	0	0.899999999999999	24588687769.6	22.9	10082212	
368	42	0	0.899999999999999	24588687769.6	22.9	10082224	
369	42	0	0.899999999999999	24588687769.6	22.9	10082306	
370	42	0	0.899999999999999	24588687769.6	22.9	10082312	
371	42	107374182.400002	1	24696061952	23.0	10082324	
372	42	0	1	24696061952	23.0	10082406	
373	42	0	1	24696061952	23.0	10082412	
374	42	0	1	24696061952	23.0	10082424	
375	42	0	1	24696061952	23.0	10082506	
376	42	0	1	24696061952	23.0	10082512	
377	42	0	1	24696061952	23.0	10082524	
378	42	0	1	24696061952	23.0	10082606	
379	42	0	1	24696061952	23.0	10082612	
380	42	0	1	24696061952	23.0	10082624	
381	42	0	1	24696061952	23.0	10082706	
382	42	0	1	24696061952	23.0	10082712	
383	42	0	1	24696061952	23.0	10082724	
384	42	0	1	24696061952	23.0	10082806	
385	42	0	1	24696061952	23.0	10082812	
386	42	0	1	24696061952	23.0	10082824	
387	42	0	1	24696061952	23.0	10082906	
388	42	0	1	24696061952	23.0	10082912	
389	42	0	1	24696061952	23.0	10082924	
390	42	0	1	24696061952	23.0	10083006	
391	42	0	1	24696061952	23.0	10083012	
392	42	0	1	24696061952	23.0	10083024	
393	42	0	1	24696061952	23.0	10083106	
394	42	0	1	24696061952	23.0	10083112	
395	42	0	1	24696061952	23.0	10083124	
396	42	0	1	24696061952	23.0	10090106	
397	42	0	1	24696061952	23.0	10090112	
398	42	0	1	24696061952	23.0	10090124	
399	42	0	1	24696061952	23.0	10090206	
400	42	0	1	24696061952	23.0	10090212	
401	42	0	1	24696061952	23.0	10090224	
402	42	0	1	24696061952	23.0	10090306	
403	42	0	1	24696061952	23.0	10090312	
404	42	0	1	24696061952	23.0	10090324	
405	42	0	1	24696061952	23.0	10090406	
406	42	0	1	24696061952	23.0	10090412	
407	42	0	1	24696061952	23.0	10090424	
408	42	0	1	24696061952	23.0	10090506	
409	42	0	1	24696061952	23.0	10090512	
410	42	0	1	24696061952	23.0	10090524	
411	42	0	1	24696061952	23.0	10090606	
412	42	0	1	24696061952	23.0	10090612	
413	42	0	1	24696061952	23.0	10090624	
414	42	0	1	24696061952	23.0	10090706	
415	42	0	1	24696061952	23.0	10090712	
416	42	0	1	24696061952	23.0	10090724	
417	42	0	1	24696061952	23.0	10090806	
418	42	0	1	24696061952	23.0	10090812	
419	42	0	1	24696061952	23.0	10090824	
420	42	0	1	24696061952	23.0	10090906	
421	42	0	1	24696061952	23.0	10090912	
422	42	0	1	24696061952	23.0	10090924	
423	42	0	1	24696061952	23.0	10091006	
424	42	0	1	24696061952	23.0	10091012	
425	42	0	1	24696061952	23.0	10091024	
426	42	0	1	24696061952	23.0	10091106	
427	42	0	1	24696061952	23.0	10091112	
428	42	0	1	24696061952	23.0	10091124	
429	42	0	1	24696061952	23.0	10091206	
430	42	0	1	24696061952	23.0	10091212	
431	42	0	1	24696061952	23.0	10091224	
432	42	0	1	24696061952	23.0	10091306	
433	42	0	1	24696061952	23.0	10091312	
434	42	0	1	24696061952	23.0	10091324	
435	42	0	1	24696061952	23.0	10091406	
436	42	0	1	24696061952	23.0	10091412	
437	42	0	1	24696061952	23.0	10091424	
438	42	0	1	24696061952	23.0	10091506	
439	42	0	1	24696061952	23.0	10091512	
440	42	0	1	24696061952	23.0	10091524	
441	42	0	1	24696061952	23.0	10091606	
442	42	0	1	24696061952	23.0	10091612	
443	42	0	1	24696061952	23.0	10091624	
444	42	0	1	24696061952	23.0	10091706	
445	42	0	1	24696061952	23.0	10091712	
446	42	0	1	24696061952	23.0	10091724	
447	42	0	1	24696061952	23.0	10091806	
448	42	0	1	24696061952	23.0	10091812	
449	42	0	1	24696061952	23.0	10091824	
450	42	0	1	24696061952	23.0	10091906	
451	42	0	1	24696061952	23.0	10091912	
452	42	0	1	24696061952	23.0	10091924	
453	42	0	1	24696061952	23.0	10092006	
454	42	0	1	24696061952	23.0	10092012	
455	42	0	1	24696061952	23.0	10092024	
456	42	0	1	24696061952	23.0	10092106	
457	42	0	1	24696061952	23.0	10092112	
458	42	0	1	24696061952	23.0	10092124	
459	42	0	1	24696061952	23.0	10092206	
460	42	0	1	24696061952	23.0	10092212	
461	42	0	1	24696061952	23.0	10092224	
462	42	0	1	24696061952	23.0	10092306	
463	42	0	1	24696061952	23.0	10092312	
464	42	0	1	24696061952	23.0	10092324	
465	42	0	1	24696061952	23.0	10092406	
466	42	0	1	24696061952	23.0	10092412	
467	42	0	1	24696061952	23.0	10092424	
468	42	0	1	24696061952	23.0	10092506	
469	42	0	1	24696061952	23.0	10092512	
470	42	0	1	24696061952	23.0	10092524	
471	42	0	1	24696061952	23.0	10092606	
472	42	0	1	24696061952	23.0	10092612	
473	42	0	1	24696061952	23.0	10092624	
474	42	0	1	24696061952	23.0	10092706	
475	42	0	1	24696061952	23.0	10092712	
476	42	0	1	24696061952	23.0	10092724	
477	42	0	1	24696061952	23.0	10092806	
478	42	0	1	24696061952	23.0	10092812	
479	42	0	1	24696061952	23.0	10092824	
480	42	0	1	24696061952	23.0	10092906	
481	42	0	1	24696061952	23.0	10092912	
482	42	0	1	24696061952	23.0	10092924	
483	42	0	1	24696061952	23.0	10093006	
484	42	0	1	24696061952	23.0	10093012	
485	42	0	1	24696061952	23.0	10093024	
486	42	0	1	24696061952	23.0	10100106	
487	42	0	1	24696061952	23.0	10100112	
488	42	0	1	24696061952	23.0	10100124	
489	42	0	1	24696061952	23.0	10100206	
490	42	0	1	24696061952	23.0	10100212	
491	42	0	1	24696061952	23.0	10100224	
492	42	0	1	24696061952	23.0	10100306	
493	42	0	1	24696061952	23.0	10100312	
494	42	0	1	24696061952	23.0	10100324	
495	42	0	1	24696061952	23.0	10100406	
496	42	0	1	24696061952	23.0	10100412	
497	42	0	1	24696061952	23.0	10100424	
498	42	0	1	24696061952	23.0	10100506	
499	42	0	1	24696061952	23.0	10100512	
500	42	0	1	24696061952	23.0	10100524	
501	42	0	1	24696061952	23.0	10100606	
502	42	0	1	24696061952	23.0	10100612	
503	42	0	1	24696061952	23.0	10100624	
504	42	0	1	24696061952	23.0	10100706	
505	42	0	1	24696061952	23.0	10100712	
506	42	0	1	24696061952	23.0	10100724	
507	42	0	1	24696061952	23.0	10100806	
508	42	0	1	24696061952	23.0	10100812	
509	42	0	1	24696061952	23.0	10100824	
510	42	0	1	24696061952	23.0	10100906	
511	42	0	1	24696061952	23.0	10100912	
512	42	0	1	24696061952	23.0	10100924	
513	42	0	1	24696061952	23.0	10101006	
514	42	0	1	24696061952	23.0	10101012	
515	42	0	1	24696061952	23.0	10101024	
516	42	0	1	24696061952	23.0	10101106	
517	42	0	1	24696061952	23.0	10101112	
518	42	0	1	24696061952	23.0	10101124	
519	42	0	1	24696061952	23.0	10101206	
520	42	0	1	24696061952	23.0	10101212	
521	42	0	1	24696061952	23.0	10101224	
522	42	0	1	24696061952	23.0	10101306	
523	42	0	1	24696061952	23.0	10101312	
524	42	0	1	24696061952	23.0	10101324	
525	42	0	1	24696061952	23.0	10101406	
526	42	0	1	24696061952	23.0	10101412	
527	42	0	1	24696061952	23.0	10101424	
528	42	0	1	24696061952	23.0	10101506	
529	42	0	1	24696061952	23.0	10101512	
530	42	0	1	24696061952	23.0	10101524	
531	42	0	1	24696061952	23.0	10101606	
532	42	0	1	24696061952	23.0	10101612	
533	42	0	1	24696061952	23.0	10101624	
534	42	0	1	24696061952	23.0	10101706	
535	42	0	1	24696061952	23.0	10101712	
536	42	0	1	24696061952	23.0	10101724	
537	42	0	1	24696061952	23.0	10101806	
538	42	0	1	24696061952	23.0	10101812	
539	42	0	1	24696061952	23.0	10101824	
540	42	0	1	24696061952	23.0	10101906	
541	42	0	1	24696061952	23.0	10101912	
542	42	0	1	24696061952	23.0	10101924	
543	42	0	1	24696061952	23.0	10102006	
544	42	0	1	24696061952	23.0	10102012	
545	42	0	1	24696061952	23.0	10102024	
546	42	0	1	24696061952	23.0	10102106	
547	42	0	1	24696061952	23.0	10102112	
548	42	0	1	24696061952	23.0	10102124	
549	42	0	1	24696061952	23.0	10102206	
550	42	0	1	24696061952	23.0	10102212	
551	42	0	1	24696061952	23.0	10102224	
552	42	0	1	24696061952	23.0	10102306	
553	42	0	1	24696061952	23.0	10102312	
554	42	0	1	24696061952	23.0	10102324	
555	42	0	1	24696061952	23.0	10102406	
556	42	0	1	24696061952	23.0	10102412	
557	42	0	1	24696061952	23.0	10102424	
558	42	0	1	24696061952	23.0	10102506	
559	42	0	1	24696061952	23.0	10102512	
560	42	0	1	24696061952	23.0	10102524	
561	42	0	1	24696061952	23.0	10102606	
562	42	0	1	24696061952	23.0	10102612	
563	42	0	1	24696061952	23.0	10102624	
564	42	0	1	24696061952	23.0	10102706	
565	42	0	1	24696061952	23.0	10102712	
566	42	0	1	24696061952	23.0	10102724	
567	42	0	1	24696061952	23.0	10102806	
568	42	0	1	24696061952	23.0	10102812	
569	42	0	1	24696061952	23.0	10102824	
570	42	0	1	24696061952	23.0	10102906	
571	42	-1073741824	0	23622320128	22	10102912	
572	42	1073741824	1	24696061952	23.0	10102924	
573	42	0	1	24696061952	23.0	10103006	
574	42	0	1	24696061952	23.0	10103012	
575	42	0	1	24696061952	23.0	10103024	
576	42	0	1	24696061952	23.0	10103106	
577	42	0	1	24696061952	23.0	10103112	
578	42	0	1	24696061952	23.0	10103124	
579	42	0	1	24696061952	23.0	10110106	
580	42	0	1	24696061952	23.0	10110112	
581	42	0	1	24696061952	23.0	10110124	
582	42	0	1	24696061952	23.0	10110206	
583	42	0	1	24696061952	23.0	10110212	
584	42	0	1	24696061952	23.0	10110224	
585	42	0	1	24696061952	23.0	10110306	
586	42	-1073741824	0	23622320128	22	10110312	
587	42	1073741824	1	24696061952	23.0	10110324	
588	42	0	1	24696061952	23.0	10110406	
589	42	0	1	24696061952	23.0	10110412	
590	42	0	1	24696061952	23.0	10110424	
591	42	0	1	24696061952	23.0	10110506	
592	42	0	1	24696061952	23.0	10110512	
593	42	0	1	24696061952	23.0	10110524	
594	42	0	1	24696061952	23.0	10110606	
595	42	0	1	24696061952	23.0	10110612	
596	42	0	1	24696061952	23.0	10110624	
597	42	0	1	24696061952	23.0	10110706	
598	42	0	1	24696061952	23.0	10110712	
599	42	0	1	24696061952	23.0	10110724	
600	42	0	1	24696061952	23.0	10110806	
601	42	0	1	24696061952	23.0	10110812	
602	42	0	1	24696061952	23.0	10110824	
603	42	0	1	24696061952	23.0	10110906	
604	42	0	1	24696061952	23.0	10110912	
605	42	0	1	24696061952	23.0	10110924	
606	42	0	1	24696061952	23.0	10111006	
607	42	0	1	24696061952	23.0	10111012	
608	42	0	1	24696061952	23.0	10111024	
609	42	0	1	24696061952	23.0	10111106	
610	42	0	1	24696061952	23.0	10111112	
611	42	0	1	24696061952	23.0	10111124	
612	42	0	1	24696061952	23.0	10111206	
613	42	0	1	24696061952	23.0	10111212	
614	42	0	1	24696061952	23.0	10111224	
615	42	0	1	24696061952	23.0	10111306	
616	42	0	1	24696061952	23.0	10111312	
617	42	0	1	24696061952	23.0	10111324	
618	42	0	1	24696061952	23.0	10111406	
619	42	0	1	24696061952	23.0	10111412	
620	42	0	1	24696061952	23.0	10111424	
621	42	0	1	24696061952	23.0	10111506	
622	42	0	1	24696061952	23.0	10111512	
623	42	0	1	24696061952	23.0	10111524	
624	42	0	1	24696061952	23.0	10111606	
625	42	0	1	24696061952	23.0	10111612	
626	42	0	1	24696061952	23.0	10111624	
627	42	0	1	24696061952	23.0	10111706	
628	42	0	1	24696061952	23.0	10111712	
629	42	0	1	24696061952	23.0	10111724	
630	42	0	1	24696061952	23.0	10111806	
631	42	0	1	24696061952	23.0	10111812	
632	42	0	1	24696061952	23.0	10111824	
633	42	0	1	24696061952	23.0	10111906	
634	42	0	1	24696061952	23	10111912	
635	42	0	1	24696061952	23	10111924	
636	42	0	1	24696061952	23	10112006	
637	42	0	1	24696061952	23	10112012	
638	42	0	1	24696061952	23	10112024	
639	42	0	1	24696061952	23	10112106	
640	42	0	1	24696061952	23	10112112	
641	42	0	1	24696061952	23	10112124	
642	42	0	1	24696061952	23	10112206	
643	42	0	1	24696061952	23	10112212	
644	42	53901839564.8	51.2	78597901516.8	73.2	10112224	
645	42	0	51.2	78597901516.8	73.2	10112306	
646	42	-7408818585.60001	44.3	71189082931.2	66.3	10112312	
647	42	-322122547.199997	44	70866960384	66	10112324	
648	42	322122547.199997	44.3	71189082931.2	66.3	10112406	
649	42	0	44.3	71189082931.2	66.3	10112412	
650	42	0	44.3	71189082931.2	66.3	10112424	
651	42	0	44.3	71189082931.2	66.3	10112506	
652	42	0	44.3	71189082931.2	66.3	10112512	
653	42	0	44.3	71189082931.2	66.3	10112524	
654	42	0	44.3	71189082931.2	66.3	10112606	
655	42	0	44.3	71189082931.2	66.3	10112612	
656	42	0	44.3	71189082931.2	66.3	10112624	
657	42	0	44.3	71189082931.2	66.3	10112706	
658	42	0	44.3	71189082931.2	66.3	10112712	
659	42	0	44.3	71189082931.2	66.3	10112724	
660	42	0	44.3	71189082931.2	66.3	10112806	
661	42	0	44.3	71189082931.2	66.3	10112812	
662	42	0	44.3	71189082931.2	66.3	10112824	
663	42	0	44.3	71189082931.2	66.3	10112906	
664	42	0	44.3	71189082931.2	66.3	10112912	
665	42	0	44.3	71189082931.2	66.3	10112924	
666	42	0	44.3	71189082931.2	66.3	10113006	
667	42	0	44.3	71189082931.2	66.3	10113012	
668	42	0	44.3	71189082931.2	66.3	10113024	
669	42	0	44.3	71189082931.2	66.3	10120106	
670	42	0	44.3	71189082931.2	66.3	10120112	
671	42	0	44.3	71189082931.2	66.3	10120124	
672	42	0	44.3	71189082931.2	66.3	10120206	
673	42	0	44.3	71189082931.2	66.3	10120212	
674	42	0	44.3	71189082931.2	66.3	10120224	
675	42	0	44.3	71189082931.2	66.3	10120306	
676	42	0	44.3	71189082931.2	66.3	10120312	
677	42	0	44.3	71189082931.2	66.3	10120324	
678	42	0	44.3	71189082931.2	66.3	10120406	
679	42	0	44.3	71189082931.2	66.3	10120412	
680	42	0	44.3	71189082931.2	66.3	10120424	
681	42	0	44.3	71189082931.2	66.3	10120506	
682	42	0	44.3	71189082931.2	66.3	10120512	
683	42	0	44.3	71189082931.2	66.3	10120524	
684	42	0	44.3	71189082931.2	66.3	10120606	
685	42	0	44.3	71189082931.2	66.3	10120612	
686	42	0	44.3	71189082931.2	66.3	10120624	
687	42	0	44.3	71189082931.2	66.3	10120706	
688	42	0	44.3	71189082931.2	66.3	10120712	
689	42	0	44.3	71189082931.2	66.3	10120724	
690	42	0	44.3	71189082931.2	66.3	10120806	
691	42	0	44.3	71189082931.2	66.3	10120812	
692	42	0	44.3	71189082931.2	66.3	10120824	
693	42	0	44.3	71189082931.2	66.3	10120906	
694	42	0	44.3	71189082931.2	66.3	10120912	
695	42	0	44.3	71189082931.2	66.3	10120924	
696	42	0	44.3	71189082931.2	66.3	10121006	
697	42	0	44.3	71189082931.2	66.3	10121012	
698	42	0	44.3	71189082931.2	66.3	10121024	
699	42	0	44.3	71189082931.2	66.3	10121106	
700	42	0	44.3	71189082931.2	66.3	10121112	
701	42	0	44.3	71189082931.2	66.3	10121124	
702	42	0	44.3	71189082931.2	66.3	10121206	
703	42	0	44.3	71189082931.2	66.3	10121212	
704	42	0	44.3	71189082931.2	66.3	10121224	
705	42	0	44.3	71189082931.2	66.3	10121306	
706	42	0	44.3	71189082931.2	66.3	10121312	
707	42	0	44.3	71189082931.2	66.3	10121324	
708	42	0	44.3	71189082931.2	66.3	10121406	
709	42	0	44.3	71189082931.2	66.3	10121412	
710	42	0	44.3	71189082931.2	66.3	10121424	
711	42	0	44.3	71189082931.2	66.3	10121506	
712	42	0	44.3	71189082931.2	66.3	10121512	
713	42	0	44.3	71189082931.2	66.3	10121524	
714	42	0	44.3	71189082931.2	66.3	10121606	
715	42	0	44.3	71189082931.2	66.3	10121612	
716	42	0	44.3	71189082931.2	66.3	10121624	
717	42	0	44.3	71189082931.2	66.3	10121706	
718	42	0	44.3	71189082931.2	66.3	10121712	
719	42	0	44.3	71189082931.2	66.3	10121724	
720	42	0	44.3	71189082931.2	66.3	10121806	
721	42	0	44.3	71189082931.2	66.3	10121812	
722	42	0	44.3	71189082931.2	66.3	10121824	
723	42	0	44.3	71189082931.2	66.3	10121906	
724	42	0	44.3	71189082931.2	66.3	10121912	
725	42	0	44.3	71189082931.2	66.3	10121924	
726	42	0	44.3	71189082931.2	66.3	10122006	
727	42	0	44.3	71189082931.2	66.3	10122012	
728	42	0	44.3	71189082931.2	66.3	10122024	
729	42	0	44.3	71189082931.2	66.3	10122106	
730	42	0	44.3	71189082931.2	66.3	10122112	
731	42	0	44.3	71189082931.2	66.3	10122124	
732	42	0	44.3	71189082931.2	66.3	10122206	
733	42	0	44.3	71189082931.2	66.3	10122212	
734	42	0	44.3	71189082931.2	66.3	10122224	
735	42	0	44.3	71189082931.2	66.3	10122306	
736	42	0	44.3	71189082931.2	66.3	10122312	
737	42	0	44.3	71189082931.2	66.3	10122324	
738	42	0	44.3	71189082931.2	66.3	10122406	
739	42	0	44.3	71189082931.2	66.3	10122412	
740	42	0	44.3	71189082931.2	66.3	10122424	
741	42	0	44.3	71189082931.2	66.3	10122506	
742	42	0	44.3	71189082931.2	66.3	10122512	
743	42	0	44.3	71189082931.2	66.3	10122524	
744	42	0	44.3	71189082931.2	66.3	10122606	
745	42	0	44.3	71189082931.2	66.3	10122612	
746	42	0	44.3	71189082931.2	66.3	10122624	
747	42	0	44.3	71189082931.2	66.3	10122706	
748	42	0	44.3	71189082931.2	66.3	10122712	
749	42	0	44.3	71189082931.2	66.3	10122724	
750	42	0	44.3	71189082931.2	66.3	10122806	
751	42	0	44.3	71189082931.2	66.3	10122812	
752	42	0	44.3	71189082931.2	66.3	10122824	
753	42	0	44.3	71189082931.2	66.3	10122906	
754	42	0	44.3	71189082931.2	66.3	10122912	
755	42	0	44.3	71189082931.2	66.3	10122924	
756	42	0	44.3	71189082931.2	66.3	10123006	
757	42	0	44.3	71189082931.2	66.3	10123012	
758	42	0	44.3	71189082931.2	66.3	10123024	
759	42	0	44.3	71189082931.2	66.3	10123106	
760	42	0	44.3	71189082931.2	66.3	10123112	
761	42	0	44.3	71189082931.2	66.3	10123124	
762	42	0	44.3	71189082931.2	66.3	11010106	
763	42	0	44.3	71189082931.2	66.3	11010112	
764	42	0	44.3	71189082931.2	66.3	11010124	
765	42	0	44.3	71189082931.2	66.3	11010206	
766	42	0	44.3	71189082931.2	66.3	11010212	
767	42	0	44.3	71189082931.2	66.3	11010224	
768	42	0	44.3	71189082931.2	66.3	11010306	
769	42	0	44.3	71189082931.2	66.3	11010312	
770	42	0	44.3	71189082931.2	66.3	11010324	
771	42	0	44.3	71189082931.2	66.3	11010406	
772	42	0	44.3	71189082931.2	66.3	11010412	
773	42	0	44.3	71189082931.2	66.3	11010424	
774	42	0	44.3	71189082931.2	66.3	11010506	
775	42	0	44.3	71189082931.2	66.3	11010512	
776	42	0	44.3	71189082931.2	66.3	11010524	
777	42	0	44.3	71189082931.2	66.3	11010606	
778	42	322122547.199997	44.6	71511205478.4	66.6	11010612	
779	42	0	44.6	71511205478.4	66.6	11010624	
780	42	0	44.6	71511205478.4	66.6	11010706	
781	42	-644245094.399994	44	70866960384	66	11010712	
782	42	644245094.399994	44.6	71511205478.4	66.6	11010724	
783	42	0	44.6	71511205478.4	66.6	11010806	
784	42	0	44.6	71511205478.4	66.6	11010812	
785	42	0	44.6	71511205478.4	66.6	11010824	
786	42	0	44.6	71511205478.4	66.6	11010906	
787	42	0	44.6	71511205478.4	66.6	11010912	
788	42	0	44.6	71511205478.4	66.6	11010924	
789	42	0	44.6	71511205478.4	66.6	11011006	
790	42	0	44.6	71511205478.4	66.6	11011012	
791	42	0	44.6	71511205478.4	66.6	11011024	
792	42	0	44.6	71511205478.4	66.6	11011106	
793	42	0	44.6	71511205478.4	66.6	11011112	
794	42	0	44.6	71511205478.4	66.6	11011124	
795	42	0	44.6	71511205478.4	66.6	11011206	
796	42	0	44.6	71511205478.4	66.6	11011212	
797	42	0	44.6	71511205478.4	66.6	11011224	
798	42	0	44.6	71511205478.4	66.6	11011306	
799	42	0	44.6	71511205478.4	66.6	11011312	
800	42	0	44.6	71511205478.4	66.6	11011324	
801	42	0	44.6	71511205478.4	66.6	11011406	
802	42	0	44.6	71511205478.4	66.6	11011412	
803	42	0	44.6	71511205478.4	66.6	11011424	
804	42	0	44.6	71511205478.4	66.6	11011506	
805	42	0	44.6	71511205478.4	66.6	11011512	
806	42	0	44.6	71511205478.4	66.6	11011524	
807	42	0	44.6	71511205478.4	66.6	11011606	
808	42	0	44.6	71511205478.4	66.6	11011612	
809	42	0	44.6	71511205478.4	66.6	11011624	
810	42	0	44.6	71511205478.4	66.6	11011706	
811	42	0	44.6	71511205478.4	66.6	11011712	
812	42	0	44.6	71511205478.4	66.6	11011724	
813	42	0	44.6	71511205478.4	66.6	11011806	
814	42	0	44.6	71511205478.4	66.6	11011812	
815	42	0	44.6	71511205478.4	66.6	11011824	
816	42	0	44.6	71511205478.4	66.6	11011906	
817	42	0	44.6	71511205478.4	66.6	11011912	
818	42	0	44.6	71511205478.4	66.6	11011924	
819	42	0	44.6	71511205478.4	66.6	11012006	
820	42	0	44.6	71511205478.4	66.6	11012012	
821	42	0	44.6	71511205478.4	66.6	11012024	
822	42	0	44.6	71511205478.4	66.6	11012106	
823	42	0	44.6	71511205478.4	66.6	11012112	
824	42	0	44.6	71511205478.4	66.6	11012124	
825	42	0	44.6	71511205478.4	66.6	11012206	
826	42	0	44.6	71511205478.4	66.6	11012212	
827	42	0	44.6	71511205478.4	66.6	11012224	
828	42	0	44.6	71511205478.4	66.6	11012306	
829	42	0	44.6	71511205478.4	66.6	11012312	
830	42	0	44.6	71511205478.4	66.6	11012324	
831	42	0	44.6	71511205478.4	66.6	11012406	
832	42	0	44.6	71511205478.4	66.6	11012412	
833	42	0	44.6	71511205478.4	66.6	11012424	
834	42	0	44.6	71511205478.4	66.6	11012506	
835	42	0	44.6	71511205478.4	66.6	11012512	
836	42	0	44.6	71511205478.4	66.6	11012524	
837	42	0	44.6	71511205478.4	66.6	11012606	
838	42	0	44.6	71511205478.4	66.6	11012612	
839	42	0	44.6	71511205478.4	66.6	11012624	
840	42	0	44.6	71511205478.4	66.6	11012706	
841	42	0	44.6	71511205478.4	66.6	11012712	
842	42	0	44.6	71511205478.4	66.6	11012724	
843	42	0	44.6	71511205478.4	66.6	11012806	
844	42	0	44.6	71511205478.4	66.6	11012812	
845	42	0	44.6	71511205478.4	66.6	11012824	
846	42	0	44.6	71511205478.4	66.6	11012906	
847	42	0	44.6	71511205478.4	66.6	11012912	
848	42	0	44.6	71511205478.4	66.6	11012924	
849	42	0	44.6	71511205478.4	66.6	11013006	
850	42	0	44.6	71511205478.4	66.6	11013012	
851	42	0	44.6	71511205478.4	66.6	11013024	
852	42	0	44.6	71511205478.4	66.6	11013106	
853	42	0	44.6	71511205478.4	66.6	11013112	
854	42	0	44.6	71511205478.4	66.6	11013124	
855	42	0	44.6	71511205478.4	66.6	11020106	
856	42	0	44.6	71511205478.4	66.6	11020112	
857	42	0	44.6	71511205478.4	66.6	11020124	
858	42	0	44.6	71511205478.4	66.6	11020206	
859	42	0	44.6	71511205478.4	66.6	11020212	
860	42	0	44.6	71511205478.4	66.6	11020224	
861	42	0	44.6	71511205478.4	66.6	11020306	
862	42	0	44.6	71511205478.4	66.6	11020312	
863	42	0	44.6	71511205478.4	66.6	11020324	
864	42	0	44.6	71511205478.4	66.6	11020406	
865	42	0	44.6	71511205478.4	66.6	11020412	
866	42	0	44.6	71511205478.4	66.6	11020424	
867	42	0	44.6	71511205478.4	66.6	11020506	
868	42	0	44.6	71511205478.4	66.6	11020512	
869	42	0	44.6	71511205478.4	66.6	11020524	
870	42	0	44.6	71511205478.4	66.6	11020606	
871	42	0	44.6	71511205478.4	66.6	11020612	
872	42	0	44.6	71511205478.4	66.6	11020624	
873	42	0	44.6	71511205478.4	66.6	11020706	
874	42	-644245094.399994	44	70866960384	66	11020712	
875	42	644245094.399994	44.6	71511205478.4	66.6	11020724	
876	42	0	44.6	71511205478.4	66.6	11020806	
877	42	0	44.6	71511205478.4	66.6	11020812	
878	42	0	44.6	71511205478.4	66.6	11020824	
879	42	0	44.6	71511205478.4	66.6	11020906	
880	42	0	44.6	71511205478.4	66.6	11020912	
881	42	0	44.6	71511205478.4	66.6	11020924	
882	42	0	44.6	71511205478.4	66.6	11021006	
883	42	0	44.6	71511205478.4	66.6	11021012	
884	42	0	44.6	71511205478.4	66.6	11021024	
885	42	0	44.6	71511205478.4	66.6	11021106	
886	42	0	44.6	71511205478.4	66.6	11021112	
887	42	0	44.6	71511205478.4	66.6	11021124	
888	42	0	44.6	71511205478.4	66.6	11021206	
889	42	0	44.6	71511205478.4	66.6	11021212	
890	42	0	44.6	71511205478.4	66.6	11021224	
891	42	0	44.6	71511205478.4	66.6	11021306	
892	42	0	44.6	71511205478.4	66.6	11021312	
893	42	0	44.6	71511205478.4	66.6	11021324	
894	42	0	44.6	71511205478.4	66.6	11021406	
895	42	0	44.6	71511205478.4	66.6	11021412	
896	42	0	44.6	71511205478.4	66.6	11021424	
897	42	0	44.6	71511205478.4	66.6	11021506	
898	42	0	44.6	71511205478.4	66.6	11021512	
899	42	0	44.6	71511205478.4	66.6	11021524	
900	42	0	44.6	71511205478.4	66.6	11021606	
901	42	0	44.6	71511205478.4	66.6	11021612	
902	42	0	44.6	71511205478.4	66.6	11021624	
903	42	0	44.6	71511205478.4	66.6	11021706	
904	42	0	44.6	71511205478.4	66.6	11021712	
905	42	0	44.6	71511205478.4	66.6	11021724	
906	42	0	44.6	71511205478.4	66.6	11021806	
907	42	0	44.6	71511205478.4	66.6	11021812	
908	42	0	44.6	71511205478.4	66.6	11021824	
909	42	0	44.6	71511205478.4	66.6	11021906	
910	42	0	44.6	71511205478.4	66.6	11021912	
911	42	0	44.6	71511205478.4	66.6	11021924	
912	42	0	44.6	71511205478.4	66.6	11022006	
913	42	0	44.6	71511205478.4	66.6	11022012	
914	42	0	44.6	71511205478.4	66.6	11022024	
915	42	0	44.6	71511205478.4	66.6	11022106	
916	42	0	44.6	71511205478.4	66.6	11022112	
917	42	0	44.6	71511205478.4	66.6	11022124	
918	42	0	44.6	71511205478.4	66.6	11022206	
919	42	0	44.6	71511205478.4	66.6	11022212	
920	42	0	44.6	71511205478.4	66.6	11022224	
921	42	0	44.6	71511205478.4	66.6	11022306	
922	42	0	44.6	71511205478.4	66.6	11022312	
923	42	0	44.6	71511205478.4	66.6	11022324	
924	42	0	44.6	71511205478.4	66.6	11022406	
925	42	0	44.6	71511205478.4	66.6	11022412	
926	42	0	44.6	71511205478.4	66.6	11022424	
927	42	0	44.6	71511205478.4	66.6	11022506	
928	42	0	44.6	71511205478.4	66.6	11022512	
929	42	0	44.6	71511205478.4	66.6	11022524	
930	42	0	44.6	71511205478.4	66.6	11022606	
931	42	0	44.6	71511205478.4	66.6	11022612	
932	42	0	44.6	71511205478.4	66.6	11022624	
933	42	0	44.6	71511205478.4	66.6	11022706	
934	42	0	44.6	71511205478.4	66.6	11022712	
935	42	0	44.6	71511205478.4	66.6	11022724	
936	42	0	44.6	71511205478.4	66.6	11022806	
937	42	0	44.6	71511205478.4	66.6	11022812	
938	42	0	44.6	71511205478.4	66.6	11022824	
939	42	0	44.6	71511205478.4	66.6	11030106	
940	42	0	44.6	71511205478.4	66.6	11030112	
941	42	0	44.6	71511205478.4	66.6	11030124	
942	42	0	44.6	71511205478.4	66.6	11030206	
943	42	0	44.6	71511205478.4	66.6	11030212	
944	42	0	44.6	71511205478.4	66.6	11030224	
945	42	0	44.6	71511205478.4	66.6	11030306	
946	42	0	44.6	71511205478.4	66.6	11030312	
947	42	0	44.6	71511205478.4	66.6	11030324	
948	42	0	44.6	71511205478.4	66.6	11030406	
949	42	0	44.6	71511205478.4	66.6	11030412	
950	42	0	44.6	71511205478.4	66.6	11030424	
951	42	0	44.6	71511205478.4	66.6	11030506	
952	42	0	44.6	71511205478.4	66.6	11030512	
953	42	0	44.6	71511205478.4	66.6	11030524	
954	42	0	44.6	71511205478.4	66.6	11030606	
955	42	0	44.6	71511205478.4	66.6	11030612	
956	42	0	44.6	71511205478.4	66.6	11030624	
957	42	0	44.6	71511205478.4	66.6	11030706	
958	42	0	44.6	71511205478.4	66.6	11030712	
959	42	0	44.6	71511205478.4	66.6	11030724	
960	42	0	44.6	71511205478.4	66.6	11030806	
961	42	0	44.6	71511205478.4	66.6	11030812	
962	42	0	44.6	71511205478.4	66.6	11030824	
963	42	0	44.6	71511205478.4	66.6	11030906	
964	42	-644245094.399994	44	70866960384	66	11030912	
965	42	0	44	70866960384	66	11030924	
966	42	0	44	70866960384	66	11031006	
967	42	0	44	70866960384	66	11031012	
968	42	0	44	70866960384	66	11031024	
969	42	0	44	70866960384	66	11031106	
970	42	0	44	70866960384	66	11031112	
971	42	0	44	70866960384	66	11031124	
972	42	0	44	70866960384	66	11031206	
973	42	0	44	70866960384	66	11031212	
974	42	0	44	70866960384	66	11031224	
975	42	0	44	70866960384	66	11031306	
976	42	0	44	70866960384	66	11031312	
977	42	0	44	70866960384	66	11031324	
978	42	0	44	70866960384	66	11031406	
979	42	0	44	70866960384	66	11031412	
980	42	0	44	70866960384	66	11031424	
981	42	0	44	70866960384	66	11031506	
982	42	0	44	70866960384	66	11031512	
983	42	0	44	70866960384	66	11031524	
984	42	0	44	70866960384	66	11031606	
985	42	0	44	70866960384	66	11031612	
986	42	644245094.399994	44.6	71511205478.4	66.6	11031624	
987	42	0	44.6	71511205478.4	66.6	11031706	
988	42	0	44.6	71511205478.4	66.6	11031712	
989	42	858993459.200012	45.4	72370198937.6	67.4	11031724	
990	42	0	45.4	72370198937.6	67.4	11031806	
991	42	0	45.4	72370198937.6	67.4	11031812	
992	42	0	45.4	72370198937.6	67.4	11031824	
993	42	0	45.4	72370198937.6	67.4	11031906	
994	42	0	45.4	72370198937.6	67.4	11031912	
995	42	0	45.4	72370198937.6	67.4	11031924	
996	42	0	45.4	72370198937.6	67.4	11032006	
997	42	0	45.4	72370198937.6	67.4	11032012	
998	42	0	45.4	72370198937.6	67.4	11032024	
999	42	0	45.4	72370198937.6	67.4	11032106	
1000	42	0	45.4	72370198937.6	67.4	11032112	
1001	42	0	45.4	72370198937.6	67.4	11032124	
1002	42	0	45.4	72370198937.6	67.4	11032206	
1003	42	0	45.4	72370198937.6	67.4	11032212	
1004	42	0	45.4	72370198937.6	67.4	11032224	
1005	42	0	45.4	72370198937.6	67.4	11032306	
1006	42	0	45.4	72370198937.6	67.4	11032312	
1007	42	0	45.4	72370198937.6	67.4	11032324	
1008	42	0	45.4	72370198937.6	67.4	11032406	
1009	42	0	45.4	72370198937.6	67.4	11032412	
1010	42	0	45.4	72370198937.6	67.4	11032424	
1011	42	0	45.4	72370198937.6	67.4	11032506	
1012	42	0	45.4	72370198937.6	67.4	11032512	
1013	42	0	45.4	72370198937.6	67.4	11032524	
1014	42	0	45.4	72370198937.6	67.4	11032606	
1015	42	0	45.4	72370198937.6	67.4	11032612	
1016	42	0	45.4	72370198937.6	67.4	11032624	
1017	42	0	45.4	72370198937.6	67.4	11032706	
1018	42	0	45.4	72370198937.6	67.4	11032712	
1019	42	0	45.4	72370198937.6	67.4	11032724	
1020	42	0	45.4	72370198937.6	67.4	11032806	
1021	42	0	45.4	72370198937.6	67.4	11032812	
1022	42	0	45.4	72370198937.6	67.4	11032824	
1023	42	0	45.4	72370198937.6	67.4	11032906	
1024	42	0	45.4	72370198937.6	67.4	11032912	
1025	42	-429496729.600006	45	71940702208	67	11032924	
1026	42	0	45	71940702208	67	11033006	
1027	42	429496729.600006	45.4	72370198937.6	67.4	11033012	
1028	42	536870912	45.9	72907069849.6	67.9	11033024	
1029	42	0	45.9	72907069849.6	67.9	11033106	
1030	42	0	45.9	72907069849.6	67.9	11033112	
1031	42	0	45.9	72907069849.6	67.9	11033124	
1032	42	-966367641.600006	45	71940702208	67	11040106	
1033	42	966367641.600006	45.9	72907069849.6	67.9	11040112	
1034	42	0	45.9	72907069849.6	67.9	11040124	
1035	42	0	45.9	72907069849.6	67.9	11040206	
1036	42	0	45.9	72907069849.6	67.9	11040212	
1037	42	0	45.9	72907069849.6	67.9	11040224	
1038	42	0	45.9	72907069849.6	67.9	11040306	
1039	42	0	45.9	72907069849.6	67.9	11040312	
1040	42	0	45.9	72907069849.6	67.9	11040324	
1041	42	0	45.9	72907069849.6	67.9	11040406	
1042	42	0	45.9	72907069849.6	67.9	11040412	
1043	42	0	45.9	72907069849.6	67.9	11040424	
1044	42	0	45.9	72907069849.6	67.9	11040506	
1045	42	0	45.9	72907069849.6	67.9	11040512	
1046	42	-966367641.600006	45	71940702208	67	11040524	
1047	42	0	45	71940702208	67	11040606	
1048	42	0	45	71940702208	67	11040612	
1049	42	1610612736	46.5	73551314944	68.5	11040624	
1050	42	0	46.5	73551314944	68.5	11040706	
1051	42	-322122547.199997	46.2	73229192396.8	68.2	11040712	
1052	42	214748364.800003	46.4	73443940761.6	68.4	11040724	
1053	42	0	46.4	73443940761.6	68.4	11040806	
1054	42	107374182.399994	46.5	73551314944	68.5	11040812	
1055	42	214748364.800003	46.7	73766063308.8	68.7	11040824	
1056	42	0	46.7	73766063308.8	68.7	11040906	
1057	42	0	46.7	73766063308.8	68.7	11040912	
1058	42	0	46.7	73766063308.8	68.7	11040924	
1059	42	0	46.7	73766063308.8	68.7	11041006	
1060	42	0	46.7	73766063308.8	68.7	11041012	
1061	42	0	46.7	73766063308.8	68.7	11041024	
1062	42	0	46.7	73766063308.8	68.7	11041106	
1063	42	107374182.399994	46.8	73873437491.2	68.8	11041112	
1064	42	214748364.800003	47	74088185856	69	11041124	
1065	42	0	47	74088185856	69	11041206	
1066	42	0	47	74088185856	69.0	11041212	
1067	42	107374182.399994	47.1	74195560038.4	69.1	11041224	
1068	42	-107374182.399994	47	74088185856	69	11041306	
1069	42	214748364.800003	47.2	74302934220.8	69.2	11041312	
1070	42	-214748364.800003	47	74088185856	69	11041324	
1071	42	0	47	74088185856	69	11041406	
1072	42	214748364.800003	47.2	74302934220.8	69.2	11041412	
1073	42	-214748364.800003	47	74088185856	69	11041424	
1074	42	0	47	74088185856	69	11041506	
1075	42	0	47	74088185856	69	11041512	
1076	42	0	47	74088185856	69	11041524	
1077	42	0	47	74088185856	69	11041606	
1078	42	0	47	74088185856	69	11041612	
1079	42	0	47	74088185856	69	11041624	
1080	42	0	47	74088185856	69	11041706	
1081	42	0	47	74088185856	69	11041712	
1082	42	0	47	74088185856	69	11041724	
1083	42	0	47	74088185856	69	11041806	
1084	42	214748364.800003	47.2	74302934220.8	69.2	11041812	
1085	42	-214748364.800003	47	74088185856	69	11041824	
1086	42	0	47	74088185856	69	11041906	
1087	42	322122547.199997	47.3	74410308403.2	69.3	11041912	
1088	42	-322122547.199997	47	74088185856	69	11041924	
1089	42	0	47	74088185856	69	11042006	
1090	42	0	47	74088185856	69	11042012	
1091	42	0	47	74088185856	69	11042024	
1092	42	0	47	74088185856	69	11042106	
1093	42	322122547.199997	47.3	74410308403.2	69.3	11042112	
1094	42	43701292236.8	88	118111600640	110	11042124	
1095	42	0	88	118111600640	110	11042206	
1096	42	10737418240	98	128849018880	120	11042212	
1097	42	0	98	128849018880	120	11042224	
1098	42	0	98	128849018880	120	11042306	
1099	42	0	98	128849018880	120	11042312	
1100	42	0	98	128849018880	120	11042324	
1101	42	0	98	128849018880	120	11042406	
1102	42	0	98	128849018880	120	11042412	
1103	42	0	98	128849018880	120	11042424	
1104	42	0	98	128849018880	120	11042506	
1105	42	0	98	128849018880	120	11042512	
1106	42	0	98	128849018880	120	11042524	
1107	42	0	98	128849018880	120	11042606	
1108	42	0	98	128849018880	120	11042612	
1109	42	0	98	128849018880	120	11042624	
1110	42	0	98	128849018880	120	11042706	
1111	42	0	98	128849018880	120	11042712	
1112	42	0	98	128849018880	120	11042724	
1113	42	0	98	128849018880	120	11042806	
1114	42	0	98	128849018880	120	11042812	
1115	42	0	98	128849018880	120	11042824	
1116	42	0	98	128849018880	120	11042906	
1117	42	0	98	128849018880	120	11042912	
1118	42	0	98	128849018880	120	11042924	
1119	42	0	98	128849018880	120	11043006	
1120	42	0	98	128849018880	120	11043012	
1121	42	0	98	128849018880	120	11043024	
1122	42	0	98	128849018880	120	11050106	
1123	42	0	98	128849018880	120	11050112	
1124	42	0	98	128849018880	120	11050124	
1125	42	0	98	128849018880	120	11050206	
1126	42	0	98	128849018880	120	11050212	
1127	42	0	98	128849018880	120	11050224	
1128	42	0	98	128849018880	120	11050306	
1129	42	0	98	128849018880	120	11050312	
1130	42	0	98	128849018880	120	11050324	
1131	42	0	98	128849018880	120	11050406	
1132	42	0	98	128849018880	120	11050412	
1133	42	0	98	128849018880	120	11050424	
1134	42	0	98	128849018880	120	11050506	
1135	42	0	98	128849018880	120	11050512	
1136	42	-1073741824	97	127775277056	119	11050524	
1137	42	0	97	127775277056	119	11050606	
1138	42	0	97	127775277056	119	11050612	
1139	42	0	97	127775277056	119	11050624	
1140	42	0	97	127775277056	119	11050706	
1141	42	0	97	127775277056	119	11050712	
1142	42	0	97	127775277056	119	11050724	
1143	42	0	97	127775277056	119	11050806	
1144	42	0	97	127775277056	119	11050812	
1145	42	0	97	127775277056	119	11050824	
1146	42	0	97	127775277056	119	11050906	
1147	42	0	97	127775277056	119	11050912	
1148	42	0	97	127775277056	119	11050924	
1149	42	0	97	127775277056	119	11051006	
1150	42	0	97	127775277056	119	11051012	
1151	42	0	97	127775277056	119	11051024	
1152	42	0	97	127775277056	119	11051106	
1153	42	0	97	127775277056	119	11051112	
1154	42	0	97	127775277056	119	11051124	
1155	42	0	97	127775277056	119	11051206	
1156	42	0	97	127775277056	119	11051212	
1157	42	0	97	127775277056	119	11051224	
1158	42	0	97	127775277056	119	11051306	
1159	42	0	97	127775277056	119	11051312	
1160	42	0	97	127775277056	119	11051324	
1161	42	0	97	127775277056	119	11051406	
1162	42	0	97	127775277056	119	11051412	
1163	42	0	97	127775277056	119	11051424	
1164	42	0	97	127775277056	119	11051506	
1165	42	0	97	127775277056	119	11051512	
1166	42	0	97	127775277056	119	11051524	
1167	42	0	97	127775277056	119	11051606	
1168	42	0	97	127775277056	119	11051612	
1169	42	0	97	127775277056	119	11051624	
1170	42	0	97	127775277056	119	11051706	
1171	42	0	97	127775277056	119	11051712	
1172	42	0	97	127775277056	119	11051724	
1173	42	0	97	127775277056	119	11051806	
1174	42	0	97	127775277056	119	11051812	
1175	42	0	97	127775277056	119	11051824	
1176	42	0	97	127775277056	119	11051906	
1177	42	0	97	127775277056	119	11051912	
1178	42	0	97	127775277056	119	11051924	
1179	42	0	97	127775277056	119	11052006	
1180	42	0	97	127775277056	119	11052012	
1181	42	0	97	127775277056	119	11052024	
1182	42	0	97	127775277056	119	11052106	
1183	42	0	97	127775277056	119	11052112	
1184	42	0	97	127775277056	119	11052124	
1185	42	0	97	127775277056	119	11052206	
1186	42	0	97	127775277056	119	11052212	
1187	42	0	97	127775277056	119	11052224	
1188	42	0	97	127775277056	119	11052306	
1189	42	0	97	127775277056	119	11052312	
1190	42	0	97	127775277056	119	11052324	
1191	42	0	97	127775277056	119	11052406	
1192	42	0	97	127775277056	119	11052412	
1193	42	0	97	127775277056	119	11052424	
1194	42	0	97	127775277056	119	11052506	
1195	42	0	97	127775277056	119	11052512	
1196	42	0	97	127775277056	119	11052524	
1197	42	0	97	127775277056	119	11052606	
1198	42	0	97	127775277056	119	11052612	
1199	42	0	97	127775277056	119	11052624	
1200	42	0	97	127775277056	119	11052706	
1201	42	0	97	127775277056	119	11052712	
1202	42	0	97	127775277056	119	11052724	
1203	42	0	97	127775277056	119	11052806	
1204	42	0	97	127775277056	119	11052812	
1205	42	0	97	127775277056	119	11052824	
1206	42	0	97	127775277056	119	11052906	
1207	42	0	97	127775277056	119	11052912	
1208	42	0	97	127775277056	119	11052924	
1209	42	0	97	127775277056	119	11053006	
1210	42	0	97	127775277056	119	11053012	
1211	42	0	97	127775277056	119	11053024	
1212	42	0	97	127775277056	119	11053106	
1213	42	0	97	127775277056	119	11053112	
1214	42	1073741824	98	128849018880	120	11053124	
1215	42	0	98	128849018880	120	11060106	
1216	42	0	98	128849018880	120	11060112	
1217	42	0	98	128849018880	120	11060124	
1218	42	0	98	128849018880	120	11060206	
1219	42	0	98	128849018880	120	11060212	
1220	42	0	98	128849018880	120	11060224	
1221	42	0	98	128849018880	120	11060306	
1222	42	0	98	128849018880	120	11060312	
1223	42	0	98	128849018880	120	11060324	
1224	42	0	98	128849018880	120	11060406	
1225	42	0	98	128849018880	120	11060412	
1226	42	0	98	128849018880	120	11060424	
1227	42	0	98	128849018880	120	11060506	
1228	42	0	98	128849018880	120	11060512	
1229	42	0	98	128849018880	120	11060524	
1230	42	0	98	128849018880	120	11060606	
1231	42	0	98	128849018880	120	11060612	
1232	42	0	98	128849018880	120	11060624	
1233	42	0	98	128849018880	120	11060706	
1234	42	0	98	128849018880	120	11060712	
1235	42	0	98	128849018880	120	11060724	
1236	42	0	98	128849018880	120	11060806	
1237	42	0	98	128849018880	120	11060812	
1238	42	0	98	128849018880	120	11060824	
1239	42	0	98	128849018880	120	11060906	
1240	42	0	98	128849018880	120	11060912	
1241	42	0	98	128849018880	120	11060924	
1242	42	0	98	128849018880	120	11061006	
1243	42	0	98	128849018880	120	11061012	
1244	42	0	98	128849018880	120	11061024	
1245	42	0	98	128849018880	120	11061106	
1246	42	0	98	128849018880	120	11061112	
1247	42	0	98	128849018880	120	11061124	
1248	42	0	98	128849018880	120	11061206	
1249	42	0	98	128849018880	120	11061212	
1250	42	0	98	128849018880	120	11061224	
1251	42	0	98	128849018880	120	11061306	
1252	42	0	98	128849018880	120	11061312	
1253	42	0	98	128849018880	120	11061324	
1254	42	0	98	128849018880	120	11061406	
1255	42	0	98	128849018880	120	11061412	
1256	42	0	98	128849018880	120	11061424	
1257	42	0	98	128849018880	120	11061506	
1258	42	0	98	128849018880	120	11061512	
1259	42	0	98	128849018880	120	11061524	
1260	42	0	98	128849018880	120	11061606	
1261	42	0	98	128849018880	120	11061612	
1262	42	0	98	128849018880	120	11061624	
1263	42	0	98	128849018880	120	11061706	
1264	42	0	98	128849018880	120	11061712	
1265	42	0	98	128849018880	120	11061724	
1266	42	0	98	128849018880	120	11061806	
1267	42	0	98	128849018880	120	11061812	
1268	42	0	98	128849018880	120	11061824	
1269	42	0	98	128849018880	120	11061906	
1270	42	0	98	128849018880	120	11061912	
1271	42	0	98	128849018880	120	11061924	
1272	42	0	98	128849018880	120	11062006	
1273	42	0	98	128849018880	120	11062012	
1274	42	0	98	128849018880	120	11062024	
1275	42	0	98	128849018880	120	11062106	
1276	42	0	98	128849018880	120	11062112	
1277	42	0	98	128849018880	120	11062124	
1278	42	0	98	128849018880	120	11062206	
1279	42	0	98	128849018880	120	11062212	
1280	42	0	98	128849018880	120	11062224	
1281	42	0	98	128849018880	120	11062306	
1282	42	0	98	128849018880	120	11062312	
1283	42	0	98	128849018880	120	11062324	
1284	42	0	98	128849018880	120	11062406	
1285	42	0	98	128849018880	120	11062412	
1286	42	0	98	128849018880	120	11062424	
1287	42	0	98	128849018880	120	11062506	
1288	42	0	98	128849018880	120	11062512	
1289	42	0	98	128849018880	120	11062524	
1290	42	0	98	128849018880	120	11062606	
1291	42	0	98	128849018880	120	11062612	
1292	42	0	98	128849018880	120	11062624	
1293	42	0	98	128849018880	120	11062706	
1294	42	0	98	128849018880	120	11062712	
1295	42	0	98	128849018880	120	11062724	
1296	42	0	98	128849018880	120	11062806	
1297	42	0	98	128849018880	120	11062812	
1298	42	0	98	128849018880	120	11062824	
1299	42	0	98	128849018880	120	11062906	
1300	42	0	98	128849018880	120	11062912	
1301	42	0	98	128849018880	120	11062924	
1302	42	0	98	128849018880	120	11063006	
1303	42	0	98	128849018880	120	11063012	
1304	42	1073741824	99	129922760704	121	11063024	
1305	42	0	99	129922760704	121	11070106	
1306	42	0	99	129922760704	121	11070112	
1307	42	0	99	129922760704	121	11070124	
1308	42	0	99	129922760704	121	11070206	
1309	42	0	99	129922760704	121	11070212	
1310	42	0	99	129922760704	121	11070224	
1311	42	0	99	129922760704	121	11070306	
1312	42	0	99	129922760704	121	11070312	
1313	42	0	99	129922760704	121	11070324	
1314	42	0	99	129922760704	121	11070406	
1315	42	0	99	129922760704	121	11070412	
1316	42	0	99	129922760704	121	11070424	
1317	42	0	99	129922760704	121	11070506	
1318	42	0	99	129922760704	121	11070512	
1319	42	0	99	129922760704	121	11070524	
1320	42	0	99	129922760704	121	11070606	
1321	42	0	99	129922760704	121	11070612	
1322	42	0	99	129922760704	121	11070624	
1323	42	0	99	129922760704	121	11070706	
1324	42	0	99	129922760704	121	11070712	
1325	42	0	99	129922760704	121	11070724	
1326	42	0	99	129922760704	121	11070806	
1327	42	0	99	129922760704	121	11070812	
1328	42	0	99	129922760704	121	11070824	
1329	42	0	99	129922760704	121	11070906	
1330	42	0	99	129922760704	121	11070912	
1331	42	0	99	129922760704	121	11070924	
1332	42	0	99	129922760704	121	11071006	
1333	42	0	99	129922760704	121	11071012	
1334	42	0	99	129922760704	121	11071024	
1335	42	0	99	129922760704	121	11071106	
1336	42	0	99	129922760704	121	11071112	
1337	42	0	99	129922760704	121	11071124	
1338	42	0	99	129922760704	121	11071206	
1339	42	0	99	129922760704	121	11071212	
1340	42	0	99	129922760704	121	11071224	
1341	42	0	99	129922760704	121	11071306	
1342	42	0	99	129922760704	121	11071312	
1343	42	0	99	129922760704	121	11071324	
1344	42	0	99	129922760704	121	11071406	
1345	42	0	99	129922760704	121	11071412	
1346	42	0	99	129922760704	121	11071424	
1347	42	0	99	129922760704	121	11071506	
1348	42	0	99	129922760704	121	11071512	
1349	42	0	99	129922760704	121	11071524	
1350	42	0	99	129922760704	121	11071606	
1351	42	0	99	129922760704	121	11071612	
1352	42	0	99	129922760704	121	11071624	
1353	42	0	99	129922760704	121	11071706	
1354	42	0	99	129922760704	121	11071712	
1355	42	0	99	129922760704	121	11071724	
1356	42	0	99	129922760704	121	11071806	
1357	42	0	99	129922760704	121	11071812	
1358	42	0	99	129922760704	121	11071824	
1359	42	0	99	129922760704	121	11071906	
1360	42	0	99	129922760704	121	11071912	
1361	42	0	99	129922760704	121	11071924	
1362	42	0	99	129922760704	121	11072006	
1363	42	0	99	129922760704	121	11072012	
1364	42	0	99	129922760704	121	11072024	
1365	42	0	99	129922760704	121	11072106	
1366	42	0	99	129922760704	121	11072112	
1367	42	0	99	129922760704	121	11072124	
1368	42	0	99	129922760704	121	11072206	
1369	42	0	99	129922760704	121	11072212	
1370	42	0	99	129922760704	121	11072224	
1371	42	0	99	129922760704	121	11072306	
1372	42	0	99	129922760704	121	11072312	
1373	42	0	99	129922760704	121	11072324	
1374	42	0	99	129922760704	121	11072406	
1375	42	0	99	129922760704	121	11072412	
1376	42	0	99	129922760704	121	11072424	
1377	42	0	99	129922760704	121	11072506	
1378	42	0	99	129922760704	121	11072512	
1379	42	0	99	129922760704	121	11072524	
1380	42	0	99	129922760704	121	11072606	
1381	42	0	99	129922760704	121	11072612	
1382	42	0	99	129922760704	121	11072624	
1383	42	0	99	129922760704	121	11072706	
1384	42	0	99	129922760704	121	11072712	
1385	42	0	99	129922760704	121	11072724	
1386	42	0	99	129922760704	121	11072806	
1387	42	0	99	129922760704	121	11072812	
1388	42	0	99	129922760704	121	11072824	
1389	42	0	99	129922760704	121	11072906	
1390	42	0	99	129922760704	121	11072912	
1391	42	0	99	129922760704	121	11072924	
1392	42	0	99	129922760704	121	11073006	
1393	42	0	99	129922760704	121	11073012	
1394	42	0	99	129922760704	121	11073024	
1395	42	0	99	129922760704	121	11073106	
1396	42	0	99	129922760704	121	11073112	
1397	42	0	99	129922760704	121	11073124	
1398	42	0	99	129922760704	121	11080106	
1399	42	0	99	129922760704	121	11080112	
1400	42	0	99	129922760704	121	11080124	
1401	42	0	99	129922760704	121	11080206	
1402	42	0	99	129922760704	121	11080212	
1403	42	0	99	129922760704	121	11080224	
1404	42	0	99	129922760704	121	11080306	
1405	42	0	99	129922760704	121	11080312	
1406	42	0	99	129922760704	121	11080324	
1407	42	0	99	129922760704	121	11080406	
1408	42	0	99	129922760704	121	11080412	
1409	42	0	99	129922760704	121	11080424	
1410	42	0	99	129922760704	121	11080506	
1411	42	0	99	129922760704	121	11080512	
1412	42	0	99	129922760704	121	11080524	
1413	42	0	99	129922760704	121	11080606	
1414	42	0	99	129922760704	121	11080612	
1415	42	0	99	129922760704	121	11080624	
1416	42	0	99	129922760704	121	11080706	
1417	42	0	99	129922760704	121	11080712	
1418	42	0	99	129922760704	121	11080724	
1419	42	0	99	129922760704	121	11080806	
1420	42	0	99	129922760704	121	11080812	
1421	42	0	99	129922760704	121	11080824	
1422	42	0	99	129922760704	121	11080906	
1423	42	0	99	129922760704	121	11080912	
1424	42	0	99	129922760704	121	11080924	
1425	42	0	99	129922760704	121	11081006	
1426	42	0	99	129922760704	121	11081012	
1427	42	0	99	129922760704	121	11081024	
1428	42	0	99	129922760704	121	11081106	
1429	42	0	99	129922760704	121	11081112	
1430	42	0	99	129922760704	121	11081124	
1431	42	0	99	129922760704	121	11081206	
1432	42	0	99	129922760704	121	11081212	
1433	42	0	99	129922760704	121	11081224	
1434	42	0	99	129922760704	121	11081306	
1435	42	0	99	129922760704	121	11081312	
1436	42	0	99	129922760704	121	11081324	
1437	42	0	99	129922760704	121	11081406	
1438	42	0	99	129922760704	121	11081412	
1439	42	0	99	129922760704	121	11081424	
1440	42	0	99	129922760704	121	11081506	
1441	42	0	99	129922760704	121	11081512	
1442	42	0	99	129922760704	121	11081524	
1443	42	0	99	129922760704	121	11081606	
1444	42	0	99	129922760704	121	11081612	
1445	42	0	99	129922760704	121	11081624	
1446	42	0	99	129922760704	121	11081706	
1447	42	0	99	129922760704	121	11081712	
1448	42	0	99	129922760704	121	11081724	
1449	42	0	99	129922760704	121	11081806	
1450	42	0	99	129922760704	121	11081812	
1451	42	0	99	129922760704	121	11081824	
1452	42	0	99	129922760704	121	11081906	
1453	42	0	99	129922760704	121	11081912	
1454	42	0	99	129922760704	121	11081924	
1455	42	0	99	129922760704	121	11082006	
1456	42	0	99	129922760704	121	11082012	
1457	42	0	99	129922760704	121	11082024	
1458	42	0	99	129922760704	121	11082106	
1459	42	0	99	129922760704	121	11082112	
1460	42	0	99	129922760704	121	11082124	
1461	42	0	99	129922760704	121	11082206	
1462	42	0	99	129922760704	121	11082212	
1463	42	0	99	129922760704	121	11082224	
1464	42	0	99	129922760704	121	11082306	
1465	42	0	99	129922760704	121	11082312	
1466	42	0	99	129922760704	121	11082324	
1467	42	0	99	129922760704	121	11082406	
1468	42	0	99	129922760704	121	11082412	
1469	42	0	99	129922760704	121	11082424	
1470	42	0	99	129922760704	121	11082506	
1471	42	0	99	129922760704	121	11082512	
1472	42	1073741824	100	130996502528	122	11082524	
1473	42	0	100	130996502528	122	11082606	
1474	42	0	100	130996502528	122	11082612	
1475	42	0	100	130996502528	122	11082624	
1476	42	0	100	130996502528	122	11082706	
1477	42	0	100	130996502528	122	11082712	
1478	42	0	100	130996502528	122	11082724	
1479	42	0	100	130996502528	122	11082806	
1480	42	0	100	130996502528	122	11082812	
1481	42	0	100	130996502528	122	11082824	
1482	42	0	100	130996502528	122	11082906	
1483	42	0	100	130996502528	122	11082912	
1484	42	0	100	130996502528	122	11082924	
1485	42	0	100	130996502528	122	11083006	
1486	42	0	100	130996502528	122	11083012	
1487	42	0	100	130996502528	122	11083024	
1488	42	0	100	130996502528	122	11083106	
1489	42	0	100	130996502528	122	11083112	
1490	42	0	100	130996502528	122	11083124	
1491	42	0	100	130996502528	122	11090106	
1492	42	0	100	130996502528	122	11090112	
1493	42	0	100	130996502528	122	11090124	
1494	42	0	100	130996502528	122	11090206	
1495	42	0	100	130996502528	122	11090212	
1496	42	0	100	130996502528	122	11090224	
1497	42	0	100	130996502528	122	11090306	
1498	42	0	100	130996502528	122	11090312	
1499	42	0	100	130996502528	122	11090324	
1500	42	0	100	130996502528	122	11090406	
1501	42	0	100	130996502528	122	11090412	
1502	42	0	100	130996502528	122	11090424	
1503	42	0	100	130996502528	122	11090506	
1504	42	0	100	130996502528	122	11090512	
1505	42	0	100	130996502528	122	11090524	
1506	42	0	100	130996502528	122	11090606	
1507	42	0	100	130996502528	122	11090612	
1508	42	0	100	130996502528	122	11090624	
1509	42	0	100	130996502528	122	11090706	
1510	42	0	100	130996502528	122	11090712	
1511	42	0	100	130996502528	122	11090724	
1512	42	0	100	130996502528	122	11090806	
1513	42	0	100	130996502528	122	11090812	
1514	42	0	100	130996502528	122	11090824	
1515	42	0	100	130996502528	122	11090906	
1516	42	0	100	130996502528	122	11090912	
1517	42	0	100	130996502528	122	11090924	
1518	42	0	100	130996502528	122	11091006	
1519	42	0	100	130996502528	122	11091012	
1520	42	0	100	130996502528	122	11091024	
1521	42	0	100	130996502528	122	11091106	
1522	42	0	100	130996502528	122	11091112	
1523	42	0	100	130996502528	122	11091124	
1524	42	0	100	130996502528	122	11091206	
1525	42	0	100	130996502528	122	11091212	
1526	42	0	100	130996502528	122	11091224	
1527	42	0	100	130996502528	122	11091306	
1528	42	0	100	130996502528	122	11091312	
1529	42	0	100	130996502528	122	11091324	
1530	42	0	100	130996502528	122	11091406	
1531	42	0	100	130996502528	122	11091412	
1532	42	0	100	130996502528	122	11091424	
1533	42	0	100	130996502528	122	11091506	
1534	42	0	100	130996502528	122	11091512	
1535	42	0	100	130996502528	122	11091524	
1536	42	0	100	130996502528	122	11091606	
1537	42	0	100	130996502528	122	11091612	
1538	42	2147483648	102	133143986176	124	11091624	
1539	42	0	102	133143986176	124	11091706	
1540	42	0	102	133143986176	124	11091712	
1541	42	0	102	133143986176	124	11091724	
1542	42	0	102	133143986176	124	11091806	
1543	42	0	102	133143986176	124	11091812	
1544	42	0	102	133143986176	124	11091824	
1545	42	0	102	133143986176	124	11091906	
1546	42	0	102	133143986176	124	11091912	
1547	42	0	102	133143986176	124	11091924	
1548	42	0	102	133143986176	124	11092006	
1549	42	0	102	133143986176	124	11092012	
1550	42	2147483648	104	135291469824	126	11092024	
1551	42	0	104	135291469824	126	11092106	
1552	42	0	104	135291469824	126	11092112	
1553	42	0	104	135291469824	126	11092124	
1554	42	0	104	135291469824	126	11092206	
1555	42	0	104	135291469824	126	11092212	
1556	42	0	104	135291469824	126	11092224	
1557	42	0	104	135291469824	126	11092306	
1558	42	0	104	135291469824	126	11092312	
1559	42	2147483648	106	137438953472	128	11092324	
1560	42	0	106	137438953472	128	11092406	
1561	42	0	106	137438953472	128	11092412	
1562	42	0	106	137438953472	128	11092424	
1563	42	0	106	137438953472	128	11092506	
1564	42	0	106	137438953472	128	11092512	
1565	42	0	106	137438953472	128	11092524	
1566	42	0	106	137438953472	128	11092606	
1567	42	0	106	137438953472	128	11092612	
1568	42	0	106	137438953472	128	11092624	
1569	42	0	106	137438953472	128	11092706	
1570	42	0	106	137438953472	128	11092712	
1571	42	0	106	137438953472	128	11092724	
1572	42	0	106	137438953472	128	11092806	
1573	42	0	106	137438953472	128	11092812	
1574	42	0	106	137438953472	128	11092824	
1575	42	0	106	137438953472	128	11092906	
1576	42	0	106	137438953472	128	11092912	
1577	42	0	106	137438953472	128	11092924	
1578	42	0	106	137438953472	128	11093006	
1579	42	0	106	137438953472	128	11093012	
1580	42	0	106	137438953472	128	11093024	
1581	42	0	106	137438953472	128	11100106	
1582	42	0	106	137438953472	128	11100112	
1583	42	0	106	137438953472	128	11100124	
1584	42	0	106	137438953472	128	11100206	
1585	42	0	106	137438953472	128	11100212	
1586	42	0	106	137438953472	128	11100224	
1587	42	0	106	137438953472	128	11100306	
1588	42	0	106	137438953472	128	11100312	
1589	42	0	106	137438953472	128	11100324	
1590	42	0	106	137438953472	128	11100406	
1591	42	0	106	137438953472	128	11100412	
1592	42	0	106	137438953472	128	11100424	
1593	42	0	106	137438953472	128	11100506	
1594	42	0	106	137438953472	128	11100512	
1595	42	0	106	137438953472	128	11100524	
1596	42	0	106	137438953472	128	11100606	
1597	42	0	106	137438953472	128	11100612	
1598	42	0	106	137438953472	128	11100624	
1599	42	0	106	137438953472	128	11100706	
1600	42	0	106	137438953472	128	11100712	
1601	42	0	106	137438953472	128	11100724	
1602	42	0	106	137438953472	128	11100806	
1603	42	0	106	137438953472	128	11100812	
1604	42	0	106	137438953472	128	11100824	
1605	42	0	106	137438953472	128	11100906	
1606	42	0	106	137438953472	128	11100912	
1607	42	0	106	137438953472	128	11100924	
1608	42	0	106	137438953472	128	11101006	
1609	42	0	106	137438953472	128	11101012	
1610	42	0	106	137438953472	128	11101024	
1611	42	0	106	137438953472	128	11101106	
1612	42	0	106	137438953472	128	11101112	
1613	42	4294967296	110	141733920768	132	11101124	
1614	42	0	110	141733920768	132	11101206	
1615	42	0	110	141733920768	132	11101212	
1616	42	0	110	141733920768	132	11101224	
1617	42	0	110	141733920768	132	11101306	
1618	42	0	110	141733920768	132	11101312	
1619	42	0	110	141733920768	132	11101324	
1620	42	0	110	141733920768	132	11101406	
1621	42	0	110	141733920768	132	11101412	
1622	42	0	110	141733920768	132	11101424	
1623	42	0	110	141733920768	132	11101506	
1624	42	0	110	141733920768	132	11101512	
1625	42	0	110	141733920768	132	11101524	
1626	42	0	110	141733920768	132	11101606	
1627	42	0	110	141733920768	132	11101612	
1628	42	0	110	141733920768	132	11101624	
1629	42	0	110	141733920768	132	11101706	
1630	42	0	110	141733920768	132	11101712	
1631	42	0	110	141733920768	132	11101724	
1632	42	0	110	141733920768	132	11101806	
1633	42	0	110	141733920768	132	11101812	
1634	42	0	110	141733920768	132	11101824	
1635	42	0	110	141733920768	132	11101906	
1636	42	0	110	141733920768	132	11101912	
1637	42	0	110	141733920768	132	11101924	
1638	42	0	110	141733920768	132	11102006	
1639	42	0	110	141733920768	132	11102012	
1640	42	0	110	141733920768	132	11102024	
1641	42	0	110	141733920768	132	11102106	
1642	42	0	110	141733920768	132	11102112	
1643	42	0	110	141733920768	132	11102124	
1644	42	0	110	141733920768	132	11102206	
1645	42	0	110	141733920768	132	11102212	
1646	42	0	110	141733920768	132	11102224	
1647	42	0	110	141733920768	132	11102306	
1648	42	0	110	141733920768	132	11102312	
1649	42	0	110	141733920768	132	11102324	
1650	42	0	110	141733920768	132	11102406	
1651	42	0	110	141733920768	132	11102412	
1652	42	0	110	141733920768	132	11102424	
1653	42	0	110	141733920768	132	11102506	
1654	42	0	110	141733920768	132	11102512	
1655	42	0	110	141733920768	132	11102524	
1656	42	0	110	141733920768	132	11102606	
1657	42	0	110	141733920768	132	11102612	
1658	42	0	110	141733920768	132	11102624	
1659	42	0	110	141733920768	132	11102706	
1660	42	4294967296	114	146028888064	136	11102712	
1661	42	0	114	146028888064	136	11102724	
1662	42	0	114	146028888064	136	11102806	
1663	42	0	114	146028888064	136	11102812	
1664	42	5368709120	119	151397597184	141	11102824	
1665	42	0	119	151397597184	141	11102906	
1666	42	0	119	151397597184	141	11102912	
1667	42	0	119	151397597184	141	11102924	
1668	42	0	119	151397597184	141	11103006	
1669	42	0	119	151397597184	141	11103012	
1670	42	0	119	151397597184	141	11103024	
1671	42	0	119	151397597184	141	11103106	
1672	42	18253611008	136	169651208192	158	11103112	
1673	42	0	136	169651208192	158	11103124	
1674	42	0	136	169651208192	158	11110106	
1675	42	0	136	169651208192	158	11110112	
1676	42	0	136	169651208192	158	11110124	
1677	42	0	136	169651208192	158	11110206	
1678	42	0	136	169651208192	158	11110212	
1679	42	0	136	169651208192	158	11110224	
1680	42	0	136	169651208192	158	11110306	
1681	42	0	136	169651208192	158	11110312	
1682	42	0	136	169651208192	158	11110324	
1683	42	0	136	169651208192	158	11110406	
1684	42	2147483648	138	171798691840	160	11110412	
1685	42	0	138	171798691840	160	11110424	
1686	42	0	138	171798691840	160	11110506	
1687	42	0	138	171798691840	160	11110512	
1688	42	0	138	171798691840	160	11110524	
1689	42	0	138	171798691840	160	11110606	
1690	42	0	138	171798691840	160	11110612	
1691	42	0	138	171798691840	160	11110624	
1692	42	0	138	171798691840	160	11110706	
1693	42	1073741824	139	172872433664	161	11110712	
1694	42	0	139	172872433664	161	11110724	
1695	42	0	139	172872433664	161	11110806	
1696	42	0	139	172872433664	161	11110812	
1697	42	0	139	172872433664	161	11110824	
1698	42	0	139	172872433664	161	11110906	
1699	42	0	139	172872433664	161	11110912	
1700	42	0	139	172872433664	161	11110924	
1701	42	0	139	172872433664	161	11111006	
1702	42	0	139	172872433664	161	11111012	
1703	42	0	139	172872433664	161	11111024	
1704	42	0	139	172872433664	161	11111106	
1705	42	0	139	172872433664	161	11111112	
1706	42	1073741824	140	173946175488	162	11111124	
1707	42	0	140	173946175488	162	11111206	
1708	42	0	140	173946175488	162	11111212	
1709	42	0	140	173946175488	162	11111224	
1710	42	0	140	173946175488	162	11111306	
1711	42	0	140	173946175488	162	11111312	
1712	42	0	140	173946175488	162	11111324	
1713	42	0	140	173946175488	162	11111406	
1714	42	0	140	173946175488	162	11111412	
1715	42	4294967296	144	178241142784	166	11111424	
1716	42	0	144	178241142784	166	11111506	
1717	42	0	144	178241142784	166	11111512	
1718	42	0	144	178241142784	166	11111524	
1719	42	0	144	178241142784	166	11111606	
1720	42	0	144	178241142784	166	11111612	
1721	42	0	144	178241142784	166	11111624	
1722	42	0	144	178241142784	166	11111706	
1723	42	0	144	178241142784	166	11111712	
1724	42	0	144	178241142784	166	11111724	
1725	42	0	144	178241142784	166	11111806	
1726	42	0	144	178241142784	166	11111812	
1727	42	6442450944	150	184683593728	172	11111824	
1728	42	0	150	184683593728	172	11111906	
1729	42	0	150	184683593728	172	11111912	
1730	42	0	150	184683593728	172	11111924	
1731	42	0	150	184683593728	172	11112006	
1732	42	0	150	184683593728	172	11112012	
1733	42	0	150	184683593728	172	11112024	
1734	42	0	150	184683593728	172	11112106	
1735	42	0	150	184683593728	172	11112112	
1736	42	0	150	184683593728	172	11112124	
1737	42	0	150	184683593728	172	11112206	
1738	42	0	150	184683593728	172	11112212	
1739	42	0	150	184683593728	172	11112224	
1740	42	0	150	184683593728	172	11112306	
1741	42	0	150	184683593728	172	11112312	
1742	42	0	150	184683593728	172	11112324	
1743	42	0	150	184683593728	172	11112406	
1744	42	0	150	184683593728	172	11112412	
1745	42	0	150	184683593728	172	11112424	
1746	42	0	150	184683593728	172	11112506	
1747	42	0	150	184683593728	172	11112512	
1748	42	0	150	184683593728	172	11112524	
1749	42	0	150	184683593728	172	11112606	
1750	42	0	150	184683593728	172	11112612	
1751	42	0	150	184683593728	172	11112624	
1752	42	0	150	184683593728	172	11112706	
1753	42	0	150	184683593728	172	11112712	
1754	42	0	150	184683593728	172	11112724	
1755	42	0	150	184683593728	172	11112806	
1756	42	0	150	184683593728	172	11112812	
1757	42	0	150	184683593728	172	11112824	
1758	42	0	150	184683593728	172	11112906	
1759	42	0	150	184683593728	172	11112912	
1760	42	0	150	184683593728	172	11112924	
1761	42	0	150	184683593728	172	11113006	
1762	42	0	150	184683593728	172	11113012	
1763	42	0	150	184683593728	172	11113024	
1764	42	0	150	184683593728	172	11120106	
1765	42	0	150	184683593728	172	11120112	
1766	42	0	150	184683593728	172	11120124	
1767	42	0	150	184683593728	172	11120206	
1768	42	0	150	184683593728	172	11120212	
1769	42	0	150	184683593728	172	11120224	
1770	42	0	150	184683593728	172	11120306	
1771	42	0	150	184683593728	172	11120312	
1772	42	0	150	184683593728	172	11120324	
1773	42	0	150	184683593728	172	11120406	
1774	42	0	150	184683593728	172	11120412	
1775	42	0	150	184683593728	172	11120424	
1776	42	0	150	184683593728	172	11120506	
1777	42	0	150	184683593728	172	11120512	
1778	42	0	150	184683593728	172	11120524	
1779	42	0	150	184683593728	172	11120606	
1780	42	0	150	184683593728	172	11120612	
1781	42	0	150	184683593728	172	11120624	
1782	42	0	150	184683593728	172	11120706	
1783	42	0	150	184683593728	172	11120712	
1784	42	0	150	184683593728	172	11120724	
1785	42	0	150	184683593728	172	11120806	
1786	42	0	150	184683593728	172	11120812	
1787	42	0	150	184683593728	172	11120824	
1788	42	0	150	184683593728	172	11120906	
1789	42	0	150	184683593728	172	11120912	
1790	42	0	150	184683593728	172	11120924	
1791	42	0	150	184683593728	172	11121006	
1792	42	0	150	184683593728	172	11121012	
1793	42	0	150	184683593728	172	11121024	
1794	42	0	150	184683593728	172	11121106	
1795	42	0	150	184683593728	172	11121112	
1796	42	0	150	184683593728	172	11121124	
1797	42	0	150	184683593728	172	11121206	
1798	42	0	150	184683593728	172	11121212	
1799	42	0	150	184683593728	172	11121224	
1800	42	0	150	184683593728	172	11121306	
1801	42	0	150	184683593728	172	11121312	
1802	42	0	150	184683593728	172	11121324	
1803	42	0	150	184683593728	172	11121406	
1804	42	0	150	184683593728	172	11121412	
1805	42	3221225472	153	187904819200	175	11121424	
1806	42	0	153	187904819200	175	11121506	
1807	42	0	153	187904819200	175	11121512	
1808	42	0	153	187904819200	175	11121524	
1809	42	0	153	187904819200	175	11121606	
1810	42	0	153	187904819200	175	11121612	
1811	42	0	153	187904819200	175	11121624	
1812	42	0	153	187904819200	175	11121706	
1813	42	0	153	187904819200	175	11121712	
1814	42	0	153	187904819200	175	11121724	
1815	42	0	153	187904819200	175	11121806	
1816	42	0	153	187904819200	175	11121812	
1817	42	0	153	187904819200	175	11121824	
1818	42	0	153	187904819200	175	11121906	
1819	42	0	153	187904819200	175	11121912	
1820	42	0	153	187904819200	175	11121924	
1821	42	0	153	187904819200	175	11122006	
1822	42	0	153	187904819200	175	11122012	
1823	42	0	153	187904819200	175	11122024	
1824	42	0	153	187904819200	175	11122106	
1825	42	0	153	187904819200	175	11122112	
1826	42	0	153	187904819200	175	11122124	
1827	42	0	153	187904819200	175	11122206	
1828	42	0	153	187904819200	175	11122212	
1829	42	0	153	187904819200	175	11122224	
1830	42	0	153	187904819200	175	11122306	
1831	42	0	153	187904819200	175	11122312	
1832	42	0	153	187904819200	175	11122324	
1833	42	0	153	187904819200	175	11122406	
1834	42	0	153	187904819200	175	11122412	
1835	42	0	153	187904819200	175	11122424	
1836	42	0	153	187904819200	175	11122506	
1837	42	0	153	187904819200	175	11122512	
1838	42	0	153	187904819200	175	11122524	
1839	42	0	153	187904819200	175	11122606	
1840	42	0	153	187904819200	175	11122612	
1841	42	0	153	187904819200	175	11122624	
1842	42	0	153	187904819200	175	11122706	
1843	42	0	153	187904819200	175	11122712	
1844	42	0	153	187904819200	175	11122724	
1845	42	0	153	187904819200	175	11122806	
1846	42	0	153	187904819200	175	11122812	
1847	42	0	153	187904819200	175	11122824	
1848	42	0	153	187904819200	175	11122906	
1849	42	0	153	187904819200	175	11122912	
1850	42	0	153	187904819200	175	11122924	
1851	42	0	153	187904819200	175	11123006	
1852	42	0	153	187904819200	175	11123012	
1853	42	0	153	187904819200	175	11123024	
1854	42	0	153	187904819200	175	11123106	
1855	42	0	153	187904819200	175	11123112	
1856	42	0	153	187904819200	175	11123124	
1857	42	0	153	187904819200	175	12010106	
1858	42	0	153	187904819200	175	12010112	
1859	42	0	153	187904819200	175	12010124	
1860	42	0	153	187904819200	175	12010206	
1861	42	0	153	187904819200	175	12010212	
1862	42	0	153	187904819200	175	12010224	
1863	42	0	153	187904819200	175	12010306	
1864	42	0	153	187904819200	175	12010312	
1865	42	0	153	187904819200	175	12010324	
1866	42	0	153	187904819200	175	12010406	
1867	42	2147483648	155	190052302848	177	12010412	
1868	42	0	155	190052302848	177	12010424	
1869	42	0	155	190052302848	177	12010506	
1870	42	0	155	190052302848	177	12010512	
1871	42	0	155	190052302848	177	12010524	
1872	42	0	155	190052302848	177	12010606	
1873	42	0	155	190052302848	177	12010612	
1874	42	0	155	190052302848	177	12010624	
1875	42	0	155	190052302848	177	12010706	
1876	42	0	155	190052302848	177	12010712	
1877	42	0	155	190052302848	177	12010724	
1878	42	0	155	190052302848	177	12010806	
1879	42	0	155	190052302848	177	12010812	
1880	42	0	155	190052302848	177	12010824	
1881	42	0	155	190052302848	177	12010906	
1882	42	0	155	190052302848	177	12010912	
1883	42	5368709120	160	195421011968	182	12010924	
1884	42	0	160	195421011968	182	12011006	
1885	42	0	160	195421011968	182	12011012	
1886	42	0	160	195421011968	182	12011024	
1887	42	0	160	195421011968	182	12011106	
1888	42	0	160	195421011968	182	12011112	
1889	42	0	160	195421011968	182	12011124	
1890	42	0	160	195421011968	182	12011206	
1891	42	0	160	195421011968	182	12011212	
1892	42	0	160	195421011968	182	12011224	
1893	42	0	160	195421011968	182	12011306	
1894	42	0	160	195421011968	182	12011312	
1895	42	0	160	195421011968	182	12011324	
1896	42	0	160	195421011968	182	12011406	
1897	42	0	160	195421011968	182	12011412	
1898	42	0	160	195421011968	182	12011424	
1899	42	0	160	195421011968	182	12011506	
1900	42	0	160	195421011968	182	12011512	
1901	42	0	160	195421011968	182	12011524	
1902	42	0	160	195421011968	182	12011606	
1903	42	0	160	195421011968	182	12011612	
1904	42	0	160	195421011968	182	12011624	
1905	42	0	160	195421011968	182	12011706	
1906	42	0	160	195421011968	182	12011712	
1907	42	0	160	195421011968	182	12011724	
1908	42	0	160	195421011968	182	12011806	
1909	42	0	160	195421011968	182	12011812	
1910	42	20401094656	179	215822106624	201	12011824	
1911	42	0	179	215822106624	201	12011906	
1912	42	0	179	215822106624	201	12011912	
1913	42	0	179	215822106624	201	12011924	
1914	42	0	179	215822106624	201	12012006	
1915	42	0	179	215822106624	201	12012012	
1916	42	0	179	215822106624	201	12012024	
1917	42	0	179	215822106624	201	12012106	
1918	42	0	179	215822106624	201	12012112	
1919	42	0	179	215822106624	201	12012124	
1920	42	0	179	215822106624	201	12012206	
1921	42	0	179	215822106624	201	12012212	
1922	42	0	179	215822106624	201	12012224	
1923	42	0	179	215822106624	201	12012306	
1924	42	0	179	215822106624	201	12012312	
1925	42	0	179	215822106624	201	12012324	
1926	42	0	179	215822106624	201	12012406	
1927	42	0	179	215822106624	201	12012412	
1928	42	0	179	215822106624	201	12012424	
1929	42	0	179	215822106624	201	12012506	
1930	42	0	179	215822106624	201	12012512	
1931	42	-42949672960	139	172872433664	161	12012524	
1932	42	0	139	172872433664	161	12012606	
1933	42	0	139	172872433664	161	12012612	
1934	42	0	139	172872433664	161	12012624	
1935	42	0	139	172872433664	161	12012706	
1936	42	0	139	172872433664	161	12012712	
1937	42	0	139	172872433664	161	12012724	
1938	42	0	139	172872433664	161	12012806	
1939	42	0	139	172872433664	161	12012812	
1940	42	0	139	172872433664	161	12012824	
1941	42	0	139	172872433664	161	12012906	
1942	42	0	139	172872433664	161	12012912	
1943	42	0	139	172872433664	161	12012924	
1944	42	0	139	172872433664	161	12013006	
1945	42	0	139	172872433664	161	12013012	
1946	42	0	139	172872433664	161	12013024	
1947	42	0	139	172872433664	161	12013106	
1948	42	0	139	172872433664	161	12013112	
1949	42	0	139	172872433664	161	12013124	
1950	42	0	139	172872433664	161	12020106	
1951	42	0	139	172872433664	161	12020112	
1952	42	0	139	172872433664	161	12020124	
1953	42	0	139	172872433664	161	12020206	
1954	42	0	139	172872433664	161	12020212	
1955	42	0	139	172872433664	161	12020224	
1956	42	0	139	172872433664	161	12020306	
1957	42	0	139	172872433664	161	12020312	
1958	42	0	139	172872433664	161	12020324	
1959	42	0	139	172872433664	161	12020406	
1960	42	0	139	172872433664	161	12020412	
1961	42	0	139	172872433664	161	12020424	
1962	42	0	139	172872433664	161	12020506	
1963	42	0	139	172872433664	161	12020512	
1964	42	0	139	172872433664	161	12020524	
1965	42	0	139	172872433664	161	12020606	
1966	42	0	139	172872433664	161	12020612	
1967	42	0	139	172872433664	161	12020624	
1968	42	0	139	172872433664	161	12020706	
1969	42	0	139	172872433664	161	12020712	
1970	42	0	139	172872433664	161	12020724	
1971	42	0	139	172872433664	161	12020806	
1972	42	0	139	172872433664	161	12020812	
1973	42	0	139	172872433664	161	12020824	
1974	42	0	139	172872433664	161	12020906	
1975	42	0	139	172872433664	161	12020912	
1976	42	0	139	172872433664	161	12020924	
1977	42	0	139	172872433664	161	12021006	
1978	42	0	139	172872433664	161	12021012	
1979	42	0	139	172872433664	161	12021024	
1980	42	0	139	172872433664	161	12021106	
1981	42	0	139	172872433664	161	12021112	
1982	42	0	139	172872433664	161	12021124	
1983	42	0	139	172872433664	161	12021206	
1984	42	0	139	172872433664	161	12021212	
1985	42	0	139	172872433664	161	12021224	
1986	42	0	139	172872433664	161	12021306	
1987	42	0	139	172872433664	161	12021312	
1988	42	0	139	172872433664	161	12021324	
1989	42	0	139	172872433664	161	12021406	
1990	42	0	139	172872433664	161	12021412	
1991	42	0	139	172872433664	161	12021424	
1992	42	0	139	172872433664	161	12021506	
1993	42	0	139	172872433664	161	12021512	
1994	42	0	139	172872433664	161	12021524	
1995	42	0	139	172872433664	161	12021606	
1996	42	0	139	172872433664	161	12021612	
1997	42	0	139	172872433664	161	12021624	
1998	42	0	139	172872433664	161	12021706	
1999	42	0	139	172872433664	161	12021712	
2000	42	0	139	172872433664	161	12021724	
2001	42	0	139	172872433664	161	12021806	
2002	42	0	139	172872433664	161	12021812	
2003	42	0	139	172872433664	161	12021824	
2004	42	0	139	172872433664	161	12021906	
2005	42	0	139	172872433664	161	12021912	
2006	42	0	139	172872433664	161	12021924	
2007	42	0	139	172872433664	161	12022006	
2008	42	0	139	172872433664	161	12022012	
2009	42	0	139	172872433664	161	12022024	
2010	42	0	139	172872433664	161	12022106	
2011	42	0	139	172872433664	161	12022112	
2012	42	0	139	172872433664	161	12022124	
2013	42	0	139	172872433664	161	12022206	
2014	42	0	139	172872433664	161	12022212	
2015	42	0	139	172872433664	161	12022224	
2016	42	0	139	172872433664	161	12022306	
2017	42	0	139	172872433664	161	12022312	
2018	42	0	139	172872433664	161	12022324	
2019	42	0	139	172872433664	161	12022406	
2020	42	0	139	172872433664	161	12022412	
2021	42	0	139	172872433664	161	12022424	
2022	42	0	139	172872433664	161	12022506	
2023	42	0	139	172872433664	161	12022512	
2024	42	0	139	172872433664	161	12022524	
2025	42	0	139	172872433664	161	12022606	
2026	42	0	139	172872433664	161	12022612	
2027	42	0	139	172872433664	161	12022624	
2028	42	0	139	172872433664	161	12022706	
2029	42	0	139	172872433664	161	12022712	
2030	42	0	139	172872433664	161	12022724	
2031	42	0	139	172872433664	161	12022806	
2032	42	0	139	172872433664	161	12022812	
2033	42	0	139	172872433664	161	12022824	
2034	42	0	139	172872433664	161	12022906	
2035	42	0	139	172872433664	161	12022912	
2036	42	0	139	172872433664	161	12022924	
2037	42	0	139	172872433664	161	12030106	
2038	42	0	139	172872433664	161	12030112	
2039	42	0	139	172872433664	161	12030124	
2040	42	0	139	172872433664	161	12030206	
2041	42	0	139	172872433664	161	12030212	
2042	42	0	139	172872433664	161	12030224	
2043	42	0	139	172872433664	161	12030306	
2044	42	0	139	172872433664	161	12030312	
2045	42	0	139	172872433664	161	12030324	
2046	42	0	139	172872433664	161	12030406	
2047	42	0	139	172872433664	161	12030412	
2048	42	0	139	172872433664	161	12030424	
2049	42	0	139	172872433664	161	12030506	
2050	42	0	139	172872433664	161	12030512	
2051	42	0	139	172872433664	161	12030524	
2052	42	0	139	172872433664	161	12030606	
2053	42	0	139	172872433664	161	12030612	
2054	42	0	139	172872433664	161	12030624	
2055	42	0	139	172872433664	161	12030706	
2056	42	0	139	172872433664	161	12030712	
2057	42	0	139	172872433664	161	12030724	
2058	42	0	139	172872433664	161	12030806	
2059	42	0	139	172872433664	161	12030812	
2060	42	0	139	172872433664	161	12030824	
2061	42	0	139	172872433664	161	12030906	
2062	42	0	139	172872433664	161	12030912	
2063	42	0	139	172872433664	161	12030924	
2064	42	0	139	172872433664	161	12031006	
2065	42	0	139	172872433664	161	12031012	
2066	42	0	139	172872433664	161	12031024	
2067	42	0	139	172872433664	161	12031106	
2068	42	0	139	172872433664	161	12031112	
2069	42	0	139	172872433664	161	12031124	
2070	42	0	139	172872433664	161	12031206	
2071	42	0	139	172872433664	161	12031212	
2072	42	0	139	172872433664	161	12031224	
2073	42	0	139	172872433664	161	12031306	
2074	42	0	139	172872433664	161	12031312	
2075	42	0	139	172872433664	161	12031324	
2076	42	0	139	172872433664	161	12031406	
2077	42	0	139	172872433664	161	12031412	
2078	42	0	139	172872433664	161	12031424	
2079	42	0	139	172872433664	161	12031506	
2080	42	0	139	172872433664	161	12031512	
2081	42	0	139	172872433664	161	12031524	
2082	42	0	139	172872433664	161	12031606	
2083	42	0	139	172872433664	161	12031612	
2084	42	0	139	172872433664	161	12031624	
2085	42	0	139	172872433664	161	12031706	
2086	42	0	139	172872433664	161	12031712	
2087	42	0	139	172872433664	161	12031724	
2088	42	0	139	172872433664	161	12031806	
2089	42	0	139	172872433664	161	12031812	
2090	42	0	139	172872433664	161	12031824	
2091	42	0	139	172872433664	161	12031906	
2092	42	0	139	172872433664	161	12031912	
2093	42	0	139	172872433664	161	12031924	
2094	42	0	139	172872433664	161	12032006	
2095	42	0	139	172872433664	161	12032012	
2096	42	0	139	172872433664	161	12032024	
2097	42	0	139	172872433664	161	12032106	
2098	42	0	139	172872433664	161	12032112	
2099	42	0	139	172872433664	161	12032124	
2100	42	0	139	172872433664	161	12032206	
2101	42	0	139	172872433664	161	12032212	
2102	42	0	139	172872433664	161	12032224	
2103	42	0	139	172872433664	161	12032306	
2104	42	0	139	172872433664	161	12032312	
2105	42	0	139	172872433664	161	12032324	
2106	42	0	139	172872433664	161	12032406	
2107	42	0	139	172872433664	161	12032412	
2108	42	0	139	172872433664	161	12032424	
2109	42	0	139	172872433664	161	12032506	
2110	42	0	139	172872433664	161	12032512	
2111	42	0	139	172872433664	161	12032524	
2112	42	0	139	172872433664	161	12032606	
2113	42	0	139	172872433664	161	12032612	
2114	42	0	139	172872433664	161	12032624	
2115	42	0	139	172872433664	161	12032706	
2116	42	0	139	172872433664	161	12032712	
2117	42	0	139	172872433664	161	12032724	
2118	42	0	139	172872433664	161	12032806	
2119	42	-31138512896	110	141733920768	132	12032812	
2120	42	0	110	141733920768	132	12032824	
2121	42	0	110	141733920768	132	12032906	
2122	42	0	110	141733920768	132	12032912	
2123	42	0	110	141733920768	132	12032924	
2124	42	0	110	141733920768	132	12033006	
2125	42	0	110	141733920768	132	12033012	
2126	42	0	110	141733920768	132	12033024	
2127	42	0	110	141733920768	132	12033106	
2128	42	0	110	141733920768	132	12033112	
2129	42	0	110	141733920768	132	12033124	
2130	42	0	110	141733920768	132	12040106	
2131	42	0	110	141733920768	132	12040112	
2132	42	0	110	141733920768	132	12040124	
2133	42	0	110	141733920768	132	12040206	
2134	42	0	110	141733920768	132	12040212	
2135	42	0	110	141733920768	132	12040224	
2136	42	0	110	141733920768	132	12040306	
2137	42	0	110	141733920768	132	12040312	
2138	42	0	110	141733920768	132	12040324	
