0	14	0	0	0	0	10042206	
1	14	0	0	0	0	10042212	
2	14	0	0	0	0	10042224	
3	14	0	0	0	0	10042306	
4	14	0	0	0	0	10042312	
5	14	0	0	0	0	10042324	
6	14	0	0	0	0	10042406	
7	14	0	0	0	0	10042412	
8	14	0	0	0	0	10042424	
9	14	0	0	0	0	10042506	
10	14	0	0	0	0	10042512	
11	14	0	0	0	0	10042524	
12	14	0	0	0	0	10042606	
13	14	0	0	0	0	10042612	
14	14	0	0	0	0	10042624	
15	14	0	0	0	0	10042706	
16	14	0	0	0	0	10042712	
17	14	0	0	0	0	10042724	
18	14	0	0	0	0	10042806	
19	14	0	0	0	0	10042812	
20	14	0	0	0	0	10042824	
21	14	0	0	0	0	10042906	
22	14	0	0	0	0	10042912	
23	14	0	0	0	0	10042924	
24	14	0	0	0	0	10043006	
25	14	0	0	0	0	10043012	
26	14	0	0	0	0	10043024	
27	14	0	0	0	0	10050106	
28	14	0	0	0	0	10050112	
29	14	0	0	0	0	10050124	
30	14	0	0	0	0	10050206	
31	14	0	0	0	0	10050212	
32	14	0	0	0	0	10050224	
33	14	0	0	0	0	10050306	
34	14	0	0	0	0	10050312	
35	14	0	0	0	0	10050324	
36	14	0	0	0	0	10050406	
37	14	0	0	0	0	10050412	
38	14	0	0	0	0	10050424	
39	14	0	0	0	0	10050506	
40	14	0	0	0	0	10050512	
41	14	0	0	0	0	10050524	
42	14	0	0	0	0	10050606	
43	14	0	0	0	0	10050612	
44	14	0	0	0	0	10050624	
45	14	0	0	0	0	10050706	
46	14	0	0	0	0	10050712	
47	14	0	0	0	0	10050724	
48	14	0	0	0	0	10050806	
49	14	0	0	0	0	10050812	
50	14	0	0	0	0	10050824	
51	14	0	0	0	0	10050906	
52	14	0	0	0	0	10050912	
53	14	0	0	0	0	10050924	
54	14	0	0	0	0	10051006	
55	14	0	0	0	0	10051012	
56	14	0	0	0	0	10051024	
57	14	0	0	0	0	10051106	
58	14	0	0	0	0	10051112	
59	14	0	0	0	0	10051124	
60	14	0	0	0	0	10051206	
61	14	0	0	0	0	10051212	
62	14	0	0	0	0	10051224	
63	14	0	0	0	0	10051306	
64	14	0	0	0	0	10051312	
65	14	0	0	0	0	10051324	
66	14	0	0	0	0	10051406	
67	14	0	0	0	0	10051412	
68	14	0	0	0	0	10051424	
69	14	0	0	0	0	10051506	
70	14	0	0	0	0	10051512	
71	14	0	0	0	0	10051524	
72	14	0	0	0	0	10051606	
73	14	0	0	0	0	10051612	
74	14	0	0	0	0	10051624	
75	14	0	0	0	0	10051706	
76	14	0	0	0	0	10051712	
77	14	0	0	0	0	10051724	
78	14	0	0	0	0	10051806	
79	14	0	0	0	0	10051812	
80	14	0	0	0	0	10051824	
81	14	0	0	0	0	10051906	
82	14	0	0	0	0	10051912	
83	14	0	0	0	0	10051924	
84	14	0	0	0	0	10052006	
85	14	0	0	0	0	10052012	
86	14	0	0	0	0	10052024	
87	14	0	0	0	0	10052106	
88	14	0	0	0	0	10052112	
89	14	0	0	0	0	10052124	
90	14	0	0	0	0	10052206	
91	14	0	0	0	0	10052212	
92	14	0	0	0	0	10052224	
93	14	0	0	0	0	10052306	
94	14	0	0	0	0	10052312	
95	14	0	0	0	0	10052324	
96	14	0	0	0	0	10052406	
97	14	0	0	0	0	10052412	
98	14	0	0	0	0	10052424	
99	14	0	0	0	0	10052506	
100	14	0	0	0	0	10052512	
101	14	0	0	0	0	10052524	
102	14	0	0	0	0	10052606	
103	14	0	0	0	0	10052612	
104	14	0	0	0	0	10052624	
105	14	0	0	0	0	10052706	
106	14	0	0	0	0	10052712	
107	14	0	0	0	0	10052724	
108	14	0	0	0	0	10052806	
109	14	0	0	0	0	10052812	
110	14	0	0	0	0	10052824	
111	14	0	0	0	0	10052906	
112	14	0	0	0	0	10052912	
113	14	0	0	0	0	10052924	
114	14	0	0	0	0	10053006	
115	14	0	0	0	0	10053012	
116	14	0	0	0	0	10053024	
117	14	0	0	0	0	10053106	
118	14	0	0	0	0	10053112	
119	14	0	0	0	0	10053124	
120	14	0	0	0	0	10060106	
121	14	0	0	0	0	10060112	
122	14	0	0	0	0	10060124	
123	14	0	0	0	0	10060206	
124	14	0	0	0	0	10060212	
125	14	0	0	0	0	10060224	
126	14	0	0	0	0	10060306	
127	14	0	0	0	0	10060312	
128	14	0	0	0	0	10060324	
129	14	0	0	0	0	10060406	
130	14	0	0	0	0	10060412	
131	14	0	0	0	0	10060424	
132	14	0	0	0	0	10060506	
133	14	0	0	0	0	10060512	
134	14	0	0	0	0	10060524	
135	14	0	0	0	0	10060606	
136	14	0	0	0	0	10060612	
137	14	0	0	0	0	10060624	
138	14	0	0	0	0	10060706	
139	14	0	0	0	0	10060712	
140	14	0	0	0	0	10060724	
141	14	0	0	0	0	10060806	
142	14	0	0	0	0	10060812	
143	14	0	0	0	0	10060824	
144	14	0	0	0	0	10060906	
145	14	0	0	0	0	10060912	
146	14	0	0	0	0	10060924	
147	14	0	0	0	0	10061006	
148	14	0	0	0	0	10061012	
149	14	0	0	0	0	10061024	
150	14	0	0	0	0	10061106	
151	14	0	0	0	0	10061112	
152	14	0	0	0	0	10061124	
153	14	0	0	0	0	10061206	
154	14	0	0	0	0	10061212	
155	14	0	0	0	0	10061224	
156	14	0	0	0	0	10061306	
157	14	0	0	0	0	10061312	
158	14	0	0	0	0	10061324	
159	14	0	0	0	0	10061406	
160	14	0	0	0	0	10061412	
161	14	0	0	0	0	10061424	
162	14	0	0	0	0	10061506	
163	14	0	0	0	0	10061512	
164	14	0	0	0	0	10061524	
165	14	0	0	0	0	10061606	
166	14	0	0	0	0	10061612	
167	14	0	0	0	0	10061624	
168	14	0	0	0	0	10061706	
169	14	0	0	0	0	10061712	
170	14	0	0	0	0	10061724	
171	14	0	0	0	0	10061806	
172	14	0	0	0	0	10061812	
173	14	0	0	0	0	10061824	
174	14	0	0	0	0	10061906	
175	14	0	0	0	0	10061912	
176	14	0	0	0	0	10061924	
177	14	0	0	0	0	10062006	
178	14	0	0	0	0	10062012	
179	14	0	0	0	0	10062024	
180	14	0	0	0	0	10062106	
181	14	0	0	0	0	10062112	
182	14	0	0	0	0	10062124	
183	14	0	0	0	0	10062206	
184	14	0	0	0	0	10062212	
185	14	0	0	0	0	10062224	
186	14	0	0	0	0	10062306	
187	14	0	0	0	0	10062312	
188	14	0	0	0	0	10062324	
189	14	0	0	0	0	10062406	
190	14	0	0	0	0	10062412	
191	14	0	0	0	0	10062424	
192	14	0	0	0	0	10062506	
193	14	0	0	0	0	10062512	
194	14	0	0	0	0	10062524	
195	14	0	0	0	0	10062606	
196	14	0	0	0	0	10062612	
197	14	0	0	0	0	10062624	
198	14	0	0	0	0	10062706	
199	14	0	0	0	0	10062712	
200	14	0	0	0	0	10062724	
201	14	0	0	0	0	10062806	
202	14	0	0	0	0	10062812	
203	14	0	0	0	0	10062824	
204	14	0	0	0	0	10062906	
205	14	0	0	0	0	10062912	
206	14	0	0	0	0	10062924	
207	14	0	0	0	0	10063006	
208	14	0	0	0	0	10063012	
209	14	0	0	0	0	10063024	
210	14	0	0	0	0	10070106	
211	14	0	0	0	0	10070112	
212	14	0	0	0	0	10070124	
213	14	0	0	0	0	10070206	
214	14	0	0	0	0	10070212	
215	14	0	0	0	0	10070224	
216	14	0	0	0	0	10070306	
217	14	0	0	0	0	10070312	
218	14	0	0	0	0	10070324	
219	14	0	0	0	0	10070406	
220	14	0	0	0	0	10070412	
221	14	0	0	0	0	10070424	
222	14	0	0	0	0	10070506	
223	14	0	0	0	0	10070512	
224	14	0	0	0	0	10070524	
225	14	0	0	0	0	10070606	
226	14	0	0	0	0	10070612	
227	14	0	0	0	0	10070624	
228	14	0	0	0	0	10070706	
229	14	0	0	0	0	10070712	
230	14	0	0	0	0	10070724	
231	14	0	0	0	0	10070806	
232	14	0	0	0	0	10070812	
233	14	0	0	0	0	10070824	
234	14	0	0	0	0	10070906	
235	14	0	0	0	0	10070912	
236	14	0	0	0	0	10070924	
237	14	0	0	0	0	10071006	
238	14	0	0	0	0	10071012	
239	14	0	0	0	0	10071024	
240	14	0	0	0	0	10071106	
241	14	0	0	0	0	10071112	
242	14	0	0	0	0	10071124	
243	14	0	0	0	0	10071206	
244	14	0	0	0	0	10071212	
245	14	0	0	0	0	10071224	
246	14	0	0	0	0	10071306	
247	14	0	0	0	0	10071312	
248	14	0	0	0	0	10071324	
249	14	0	0	0	0	10071406	
250	14	0	0	0	0	10071412	
251	14	0	0	0	0	10071424	
252	14	0	0	0	0	10071506	
253	14	0	0	0	0	10071512	
254	14	0	0	0	0	10071524	
255	14	0	0	0	0	10071606	
256	14	0	0	0	0	10071612	
257	14	0	0	0	0	10071624	
258	14	0	0	0	0	10071706	
259	14	0	0	0	0	10071712	
260	14	0	0	0	0	10071724	
261	14	0	0	0	0	10071806	
262	14	0	0	0	0	10071812	
263	14	0	0	0	0	10071824	
264	14	0	0	0	0	10071906	
265	14	0	0	0	0	10071912	
266	14	0	0	0	0	10071924	
267	14	0	0	0	0	10072006	
268	14	0	0	0	0	10072012	
269	14	0	0	0	0	10072024	
270	14	0	0	0	0	10072106	
271	14	0	0	0	0	10072112	
272	14	0	0	0	0	10072124	
273	14	0	0	0	0	10072206	
274	14	0	0	0	0	10072212	
275	14	0	0	0	0	10072224	
276	14	0	0	0	0	10072306	
277	14	0	0	0	0	10072312	
278	14	0	0	0	0	10072324	
279	14	0	0	0	0	10072406	
280	14	0	0	0	0	10072412	
281	14	0	0	0	0	10072424	
282	14	0	0	0	0	10072506	
283	14	0	0	0	0	10072512	
284	14	0	0	0	0	10072524	
285	14	0	0	0	0	10072606	
286	14	0	0	0	0	10072612	
287	14	0	0	0	0	10072624	
288	14	0	0	0	0	10072706	
289	14	0	0	0	0	10072712	
290	14	0	0	0	0	10072724	
291	14	0	0	0	0	10072806	
292	14	0	0	0	0	10072812	
293	14	0	0	0	0	10072824	
294	14	0	0	0	0	10072906	
295	14	0	0	0	0	10072912	
296	14	0	0	0	0	10072924	
297	14	0	0	0	0	10073006	
298	14	0	0	0	0	10073012	
299	14	0	0	0	0	10073024	
300	14	0	0	0	0	10073106	
301	14	0	0	0	0	10073112	
302	14	0	0	0	0	10073124	
303	14	0	0	0	0	10080106	
304	14	0	0	0	0	10080112	
305	14	0	0	0	0	10080124	
306	14	0	0	0	0	10080206	
307	14	0	0	0	0	10080212	
308	14	0	0	0	0	10080224	
309	14	0	0	0	0	10080306	
310	14	0	0	0	0	10080312	
311	14	0	0	0	0	10080324	
312	14	0	0	0	0	10080406	
313	14	0	0	0	0	10080412	
314	14	0	0	0	0	10080424	
315	14	0	0	0	0	10080506	
316	14	0	0	0	0	10080512	
317	14	0	0	0	0	10080524	
318	14	0	0	0	0	10080606	
319	14	0	0	0	0	10080612	
320	14	0	0	0	0	10080624	
321	14	0	0	0	0	10080706	
322	14	0	0	0	0	10080712	
323	14	0	0	0	0	10080724	
324	14	0	0	0	0	10080806	
325	14	0	0	0	0	10080812	
326	14	0	0	0	0	10080824	
327	14	0	0	0	0	10080906	
328	14	0	0	0	0	10080912	
329	14	0	0	0	0	10080924	
330	14	0	0	0	0	10081006	
331	14	0	0	0	0	10081012	
332	14	0	0	0	0	10081024	
333	14	0	0	0	0	10081106	
334	14	0	0	0	0	10081112	
335	14	0	0	0	0	10081124	
336	14	0	0	0	0	10081206	
337	14	0	0	0	0	10081212	
338	14	0	0	0	0	10081224	
339	14	0	0	0	0	10081306	
340	14	0	0	0	0	10081312	
341	14	0	0	0	0	10081324	
342	14	0	0	0	0	10081406	
343	14	0	0	0	0	10081412	
344	14	0	0	0	0	10081424	
345	14	0	0	0	0	10081506	
346	14	0	0	0	0	10081512	
347	14	0	0	0	0	10081524	
348	14	0	0	0	0	10081606	
349	14	0	0	0	0	10081612	
350	14	0	0	0	0	10081624	
351	14	0	0	0	0	10081706	
352	14	0	0	0	0	10081712	
353	14	0	0	0	0	10081724	
354	14	0	0	0	0	10081806	
355	14	0	0	0	0	10081812	
356	14	0	0	0	0	10081824	
357	14	0	0	0	0	10081906	
358	14	0	0	0	0	10081912	
359	14	0	0	0	0	10081924	
360	14	0	0	0	0	10082006	
361	14	0	0	0	0	10082012	
362	14	0	0	0	0	10082024	
363	14	0	0	0	0	10082106	
364	14	0	0	0	0	10082112	
365	14	0	0	0	0	10082124	
366	14	0	0	0	0	10082206	
367	14	0	0	0	0	10082212	
368	14	0	0	0	0	10082224	
369	14	0	0	0	0	10082306	
370	14	0	0	0	0	10082312	
371	14	0	0	0	0	10082324	
372	14	0	0	0	0	10082406	
373	14	0	0	0	0	10082412	
374	14	0	0	0	0	10082424	
375	14	0	0	0	0	10082506	
376	14	0	0	0	0	10082512	
377	14	0	0	0	0	10082524	
378	14	0	0	0	0	10082606	
379	14	0	0	0	0	10082612	
380	14	0	0	0	0	10082624	
381	14	0	0	0	0	10082706	
382	14	0	0	0	0	10082712	
383	14	0	0	0	0	10082724	
384	14	0	0	0	0	10082806	
385	14	0	0	0	0	10082812	
386	14	0	0	0	0	10082824	
387	14	0	0	0	0	10082906	
388	14	0	0	0	0	10082912	
389	14	0	0	0	0	10082924	
390	14	0	0	0	0	10083006	
391	14	0	0	0	0	10083012	
392	14	0	0	0	0	10083024	
393	14	0	0	0	0	10083106	
394	14	0	0	0	0	10083112	
395	14	0	0	0	0	10083124	
396	14	0	0	0	0	10090106	
397	14	0	0	0	0	10090112	
398	14	0	0	0	0	10090124	
399	14	0	0	0	0	10090206	
400	14	0	0	0	0	10090212	
401	14	0	0	0	0	10090224	
402	14	0	0	0	0	10090306	
403	14	0	0	0	0	10090312	
404	14	0	0	0	0	10090324	
405	14	0	0	0	0	10090406	
406	14	0	0	0	0	10090412	
407	14	0	0	0	0	10090424	
408	14	0	0	0	0	10090506	
409	14	0	0	0	0	10090512	
410	14	0	0	0	0	10090524	
411	14	0	0	0	0	10090606	
412	14	0	0	0	0	10090612	
413	14	0	0	0	0	10090624	
414	14	0	0	0	0	10090706	
415	14	0	0	0	0	10090712	
416	14	0	0	0	0	10090724	
417	14	0	0	0	0	10090806	
418	14	0	0	0	0	10090812	
419	14	0	0	0	0	10090824	
420	14	0	0	0	0	10090906	
421	14	0	0	0	0	10090912	
422	14	0	0	0	0	10090924	
423	14	0	0	0	0	10091006	
424	14	0	0	0	0	10091012	
425	14	0	0	0	0	10091024	
426	14	0	0	0	0	10091106	
427	14	0	0	0	0	10091112	
428	14	0	0	0	0	10091124	
429	14	0	0	0	0	10091206	
430	14	0	0	0	0	10091212	
431	14	0	0	0	0	10091224	
432	14	0	0	0	0	10091306	
433	14	0	0	0	0	10091312	
434	14	0	0	0	0	10091324	
435	14	0	0	0	0	10091406	
436	14	0	0	0	0	10091412	
437	14	0	0	0	0	10091424	
438	14	0	0	0	0	10091506	
439	14	0	0	0	0	10091512	
440	14	0	0	0	0	10091524	
441	14	0	0	0	0	10091606	
442	14	0	0	0	0	10091612	
443	14	0	0	0	0	10091624	
444	14	0	0	0	0	10091706	
445	14	0	0	0	0	10091712	
446	14	0	0	0	0	10091724	
447	14	0	0	0	0	10091806	
448	14	0	0	0	0	10091812	
449	14	0	0	0	0	10091824	
450	14	0	0	0	0	10091906	
451	14	0	0	0	0	10091912	
452	14	0	0	0	0	10091924	
453	14	0	0	0	0	10092006	
454	14	0	0	0	0	10092012	
455	14	0	0	0	0	10092024	
456	14	0	0	0	0	10092106	
457	14	0	0	0	0	10092112	
458	14	0	0	0	0	10092124	
459	14	0	0	0	0	10092206	
460	14	0	0	0	0	10092212	
461	14	0	0	0	0	10092224	
462	14	0	0	0	0	10092306	
463	14	0	0	0	0	10092312	
464	14	0	0	0	0	10092324	
465	14	0	0	0	0	10092406	
466	14	0	0	0	0	10092412	
467	14	0	0	0	0	10092424	
468	14	0	0	0	0	10092506	
469	14	0	0	0	0	10092512	
470	14	0	0	0	0	10092524	
471	14	0	0	0	0	10092606	
472	14	0	0	0	0	10092612	
473	14	0	0	0	0	10092624	
474	14	0	0	0	0	10092706	
475	14	0	0	0	0	10092712	
476	14	0	0	0	0	10092724	
477	14	0	0	0	0	10092806	
478	14	0	0	0	0	10092812	
479	14	0	0	0	0	10092824	
480	14	0	0	0	0	10092906	
481	14	0	0	0	0	10092912	
482	14	0	0	0	0	10092924	
483	14	0	0	0	0	10093006	
484	14	0	0	0	0	10093012	
485	14	0	0	0	0	10093024	
486	14	0	0	0	0	10100106	
487	14	0	0	0	0	10100112	
488	14	0	0	0	0	10100124	
489	14	0	0	0	0	10100206	
490	14	0	0	0	0	10100212	
491	14	0	0	0	0	10100224	
492	14	0	0	0	0	10100306	
493	14	0	0	0	0	10100312	
494	14	0	0	0	0	10100324	
495	14	0	0	0	0	10100406	
496	14	0	0	0	0	10100412	
497	14	0	0	0	0	10100424	
498	14	0	0	0	0	10100506	
499	14	0	0	0	0	10100512	
500	14	0	0	0	0	10100524	
501	14	0	0	0	0	10100606	
502	14	0	0	0	0	10100612	
503	14	0	0	0	0	10100624	
504	14	0	0	0	0	10100706	
505	14	0	0	0	0	10100712	
506	14	0	0	0	0	10100724	
507	14	0	0	0	0	10100806	
508	14	0	0	0	0	10100812	
509	14	0	0	0	0	10100824	
510	14	0	0	0	0	10100906	
511	14	0	0	0	0	10100912	
512	14	0	0	0	0	10100924	
513	14	0	0	0	0	10101006	
514	14	0	0	0	0	10101012	
515	14	0	0	0	0	10101024	
516	14	0	0	0	0	10101106	
517	14	0	0	0	0	10101112	
518	14	0	0	0	0	10101124	
519	14	0	0	0	0	10101206	
520	14	0	0	0	0	10101212	
521	14	0	0	0	0	10101224	
522	14	0	0	0	0	10101306	
523	14	0	0	0	0	10101312	
524	14	0	0	0	0	10101324	
525	14	0	0	0	0	10101406	
526	14	0	0	0	0	10101412	
527	14	0	0	0	0	10101424	
528	14	0	0	0	0	10101506	
529	14	0	0	0	0	10101512	
530	14	0	0	0	0	10101524	
531	14	0	0	0	0	10101606	
532	14	0	0	0	0	10101612	
533	14	0	0	0	0	10101624	
534	14	0	0	0	0	10101706	
535	14	0	0	0	0	10101712	
536	14	0	0	0	0	10101724	
537	14	0	0	0	0	10101806	
538	14	0	0	0	0	10101812	
539	14	0	0	0	0	10101824	
540	14	0	0	0	0	10101906	
541	14	0	0	0	0	10101912	
542	14	0	0	0	0	10101924	
543	14	0	0	0	0	10102006	
544	14	0	0	0	0	10102012	
545	14	0	0	0	0	10102024	
546	14	0	0	0	0	10102106	
547	14	0	0	0	0	10102112	
548	14	0	0	0	0	10102124	
549	14	0	0	0	0	10102206	
550	14	0	0	0	0	10102212	
551	14	0	0	0	0	10102224	
552	14	0	0	0	0	10102306	
553	14	0	0	0	0	10102312	
554	14	0	0	0	0	10102324	
555	14	0	0	0	0	10102406	
556	14	0	0	0	0	10102412	
557	14	0	0	0	0	10102424	
558	14	0	0	0	0	10102506	
559	14	0	0	0	0	10102512	
560	14	0	0	0	0	10102524	
561	14	0	0	0	0	10102606	
562	14	0	0	0	0	10102612	
563	14	0	0	0	0	10102624	
564	14	0	0	0	0	10102706	
565	14	0	0	0	0	10102712	
566	14	0	0	0	0	10102724	
567	14	0	0	0	0	10102806	
568	14	0	0	0	0	10102812	
569	14	0	0	0	0	10102824	
570	14	0	0	0	0	10102906	
571	14	0	0	0	0	10102912	
572	14	0	0	0	0	10102924	
573	14	0	0	0	0	10103006	
574	14	0	0	0	0	10103012	
575	14	0	0	0	0	10103024	
576	14	0	0	0	0	10103106	
577	14	0	0	0	0	10103112	
578	14	0	0	0	0	10103124	
579	14	0	0	0	0	10110106	
580	14	0	0	0	0	10110112	
581	14	0	0	0	0	10110124	
582	14	0	0	0	0	10110206	
583	14	0	0	0	0	10110212	
584	14	0	0	0	0	10110224	
585	14	0	0	0	0	10110306	
586	14	0	0	0	0	10110312	
587	14	0	0	0	0	10110324	
588	14	0	0	0	0	10110406	
589	14	0	0	0	0	10110412	
590	14	0	0	0	0	10110424	
591	14	0	0	0	0	10110506	
592	14	0	0	0	0	10110512	
593	14	0	0	0	0	10110524	
594	14	0	0	0	0	10110606	
595	14	0	0	0	0	10110612	
596	14	0	0	0	0	10110624	
597	14	0	0	0	0	10110706	
598	14	0	0	0	0	10110712	
599	14	0	0	0	0	10110724	
600	14	0	0	0	0	10110806	
601	14	0	0	0	0	10110812	
602	14	0	0	0	0	10110824	
603	14	0	0	0	0	10110906	
604	14	0	0	0	0	10110912	
605	14	0	0	0	0	10110924	
606	14	0	0	0	0	10111006	
607	14	0	0	0	0	10111012	
608	14	0	0	0	0	10111024	
609	14	0	0	0	0	10111106	
610	14	0	0	0	0	10111112	
611	14	0	0	0	0	10111124	
612	14	0	0	0	0	10111206	
613	14	0	0	0	0	10111212	
614	14	0	0	0	0	10111224	
615	14	0	0	0	0	10111306	
616	14	0	0	0	0	10111312	
617	14	0	0	0	0	10111324	
618	14	0	0	0	0	10111406	
619	14	0	0	0	0	10111412	
620	14	0	0	0	0	10111424	
621	14	0	0	0	0	10111506	
622	14	0	0	0	0	10111512	
623	14	0	0	0	0	10111524	
624	14	0	0	0	0	10111606	
625	14	0	0	0	0	10111612	
626	14	0	0	0	0	10111624	
627	14	0	0	0	0	10111706	
628	14	0	0	0	0	10111712	
629	14	0	0	0	0	10111724	
630	14	0	0	0	0	10111806	
631	14	0	0	0	0	10111812	
632	14	0	0	0	0	10111824	
633	14	0	0	0	0	10111906	
634	14	0	0	0	0	10111912	
635	14	0	0	0	0	10111924	
636	14	0	0	0	0	10112006	
637	14	0	0	0	0	10112012	
638	14	0	0	0	0	10112024	
639	14	0	0	0	0	10112106	
640	14	0	0	0	0	10112112	
641	14	0	0	0	0	10112124	
642	14	0	0	0	0	10112206	
643	14	0	0	0	0	10112212	
644	14	0	0	0	0	10112224	
645	14	0	0	0	0	10112306	
646	14	0	0	0	0	10112312	
647	14	0	0	0	0	10112324	
648	14	0	0	0	0	10112406	
649	14	0	0	0	0	10112412	
650	14	0	0	0	0	10112424	
651	14	0	0	0	0	10112506	
652	14	0	0	0	0	10112512	
653	14	0	0	0	0	10112524	
654	14	0	0	0	0	10112606	
655	14	0	0	0	0	10112612	
656	14	0	0	0	0	10112624	
657	14	0	0	0	0	10112706	
658	14	0	0	0	0	10112712	
659	14	0	0	0	0	10112724	
660	14	0	0	0	0	10112806	
661	14	0	0	0	0	10112812	
662	14	0	0	0	0	10112824	
663	14	0	0	0	0	10112906	
664	14	0	0	0	0	10112912	
665	14	0	0	0	0	10112924	
666	14	0	0	0	0	10113006	
667	14	0	0	0	0	10113012	
668	14	0	0	0	0	10113024	
669	14	0	0	0	0	10120106	
670	14	0	0	0	0	10120112	
671	14	0	0	0	0	10120124	
672	14	0	0	0	0	10120206	
673	14	0	0	0	0	10120212	
674	14	0	0	0	0	10120224	
675	14	0	0	0	0	10120306	
676	14	0	0	0	0	10120312	
677	14	0	0	0	0	10120324	
678	14	0	0	0	0	10120406	
679	14	0	0	0	0	10120412	
680	14	0	0	0	0	10120424	
681	14	0	0	0	0	10120506	
682	14	0	0	0	0	10120512	
683	14	0	0	0	0	10120524	
684	14	0	0	0	0	10120606	
685	14	0	0	0	0	10120612	
686	14	0	0	0	0	10120624	
687	14	0	0	0	0	10120706	
688	14	0	0	0	0	10120712	
689	14	0	0	0	0	10120724	
690	14	0	0	0	0	10120806	
691	14	0	0	0	0	10120812	
692	14	0	0	0	0	10120824	
693	14	0	0	0	0	10120906	
694	14	0	0	0	0	10120912	
695	14	0	0	0	0	10120924	
696	14	0	0	0	0	10121006	
697	14	0	0	0	0	10121012	
698	14	0	0	0	0	10121024	
699	14	0	0	0	0	10121106	
700	14	0	0	0	0	10121112	
701	14	0	0	0	0	10121124	
702	14	0	0	0	0	10121206	
703	14	0	0	0	0	10121212	
704	14	0	0	0	0	10121224	
705	14	0	0	0	0	10121306	
706	14	0	0	0	0	10121312	
707	14	0	0	0	0	10121324	
708	14	0	0	0	0	10121406	
709	14	0	0	0	0	10121412	
710	14	0	0	0	0	10121424	
711	14	0	0	0	0	10121506	
712	14	0	0	0	0	10121512	
713	14	0	0	0	0	10121524	
714	14	0	0	0	0	10121606	
715	14	0	0	0	0	10121612	
716	14	0	0	0	0	10121624	
717	14	0	0	0	0	10121706	
718	14	0	0	0	0	10121712	
719	14	0	0	0	0	10121724	
720	14	0	0	0	0	10121806	
721	14	0	0	0	0	10121812	
722	14	0	0	0	0	10121824	
723	14	0	0	0	0	10121906	
724	14	0	0	0	0	10121912	
725	14	0	0	0	0	10121924	
726	14	0	0	0	0	10122006	
727	14	0	0	0	0	10122012	
728	14	0	0	0	0	10122024	
729	14	0	0	0	0	10122106	
730	14	0	0	0	0	10122112	
731	14	0	0	0	0	10122124	
732	14	0	0	0	0	10122206	
733	14	0	0	0	0	10122212	
734	14	0	0	0	0	10122224	
735	14	0	0	0	0	10122306	
736	14	0	0	0	0	10122312	
737	14	0	0	0	0	10122324	
738	14	0	0	0	0	10122406	
739	14	0	0	0	0	10122412	
740	14	0	0	0	0	10122424	
741	14	0	0	0	0	10122506	
742	14	0	0	0	0	10122512	
743	14	0	0	0	0	10122524	
744	14	0	0	0	0	10122606	
745	14	0	0	0	0	10122612	
746	14	0	0	0	0	10122624	
747	14	0	0	0	0	10122706	
748	14	0	0	0	0	10122712	
749	14	0	0	0	0	10122724	
750	14	0	0	0	0	10122806	
751	14	0	0	0	0	10122812	
752	14	0	0	0	0	10122824	
753	14	0	0	0	0	10122906	
754	14	0	0	0	0	10122912	
755	14	0	0	0	0	10122924	
756	14	0	0	0	0	10123006	
757	14	0	0	0	0	10123012	
758	14	0	0	0	0	10123024	
759	14	0	0	0	0	10123106	
760	14	0	0	0	0	10123112	
761	14	0	0	0	0	10123124	
762	14	0	0	0	0	11010106	
763	14	0	0	0	0	11010112	
764	14	0	0	0	0	11010124	
765	14	0	0	0	0	11010206	
766	14	0	0	0	0	11010212	
767	14	0	0	0	0	11010224	
768	14	0	0	0	0	11010306	
769	14	0	0	0	0	11010312	
770	14	0	0	0	0	11010324	
771	14	0	0	0	0	11010406	
772	14	0	0	0	0	11010412	
773	14	0	0	0	0	11010424	
774	14	0	0	0	0	11010506	
775	14	0	0	0	0	11010512	
776	14	0	0	0	0	11010524	
777	14	0	0	0	0	11010606	
778	14	0	0	0	0	11010612	
779	14	0	0	0	0	11010624	
780	14	0	0	0	0	11010706	
781	14	0	0	0	0	11010712	
782	14	0	0	0	0	11010724	
783	14	0	0	0	0	11010806	
784	14	0	0	0	0	11010812	
785	14	0	0	0	0	11010824	
786	14	0	0	0	0	11010906	
787	14	0	0	0	0	11010912	
788	14	0	0	0	0	11010924	
789	14	0	0	0	0	11011006	
790	14	0	0	0	0	11011012	
791	14	0	0	0	0	11011024	
792	14	0	0	0	0	11011106	
793	14	0	0	0	0	11011112	
794	14	0	0	0	0	11011124	
795	14	0	0	0	0	11011206	
796	14	0	0	0	0	11011212	
797	14	0	0	0	0	11011224	
798	14	0	0	0	0	11011306	
799	14	0	0	0	0	11011312	
800	14	0	0	0	0	11011324	
801	14	0	0	0	0	11011406	
802	14	0	0	0	0	11011412	
803	14	0	0	0	0	11011424	
804	14	0	0	0	0	11011506	
805	14	0	0	0	0	11011512	
806	14	0	0	0	0	11011524	
807	14	0	0	0	0	11011606	
808	14	0	0	0	0	11011612	
809	14	0	0	0	0	11011624	
810	14	0	0	0	0	11011706	
811	14	0	0	0	0	11011712	
812	14	0	0	0	0	11011724	
813	14	0	0	0	0	11011806	
814	14	0	0	0	0	11011812	
815	14	0	0	0	0	11011824	
816	14	0	0	0	0	11011906	
817	14	0	0	0	0	11011912	
818	14	0	0	0	0	11011924	
819	14	0	0	0	0	11012006	
820	14	0	0	0	0	11012012	
821	14	0	0	0	0	11012024	
822	14	0	0	0	0	11012106	
823	14	0	0	0	0	11012112	
824	14	0	0	0	0	11012124	
825	14	0	0	0	0	11012206	
826	14	0	0	0	0	11012212	
827	14	0	0	0	0	11012224	
828	14	0	0	0	0	11012306	
829	14	0	0	0	0	11012312	
830	14	0	0	0	0	11012324	
831	14	0	0	0	0	11012406	
832	14	0	0	0	0	11012412	
833	14	0	0	0	0	11012424	
834	14	0	0	0	0	11012506	
835	14	0	0	0	0	11012512	
836	14	0	0	0	0	11012524	
837	14	0	0	0	0	11012606	
838	14	0	0	0	0	11012612	
839	14	0	0	0	0	11012624	
840	14	0	0	0	0	11012706	
841	14	0	0	0	0	11012712	
842	14	0	0	0	0	11012724	
843	14	0	0	0	0	11012806	
844	14	0	0	0	0	11012812	
845	14	0	0	0	0	11012824	
846	14	0	0	0	0	11012906	
847	14	0	0	0	0	11012912	
848	14	0	0	0	0	11012924	
849	14	0	0	0	0	11013006	
850	14	0	0	0	0	11013012	
851	14	0	0	0	0	11013024	
852	14	0	0	0	0	11013106	
853	14	0	0	0	0	11013112	
854	14	0	0	0	0	11013124	
855	14	0	0	0	0	11020106	
856	14	0	0	0	0	11020112	
857	14	0	0	0	0	11020124	
858	14	0	0	0	0	11020206	
859	14	0	0	0	0	11020212	
860	14	0	0	0	0	11020224	
861	14	0	0	0	0	11020306	
862	14	0	0	0	0	11020312	
863	14	0	0	0	0	11020324	
864	14	0	0	0	0	11020406	
865	14	0	0	0	0	11020412	
866	14	0	0	0	0	11020424	
867	14	0	0	0	0	11020506	
868	14	0	0	0	0	11020512	
869	14	0	0	0	0	11020524	
870	14	0	0	0	0	11020606	
871	14	0	0	0	0	11020612	
872	14	0	0	0	0	11020624	
873	14	0	0	0	0	11020706	
874	14	0	0	0	0	11020712	
875	14	0	0	0	0	11020724	
876	14	0	0	0	0	11020806	
877	14	0	0	0	0	11020812	
878	14	0	0	0	0	11020824	
879	14	0	0	0	0	11020906	
880	14	0	0	0	0	11020912	
881	14	0	0	0	0	11020924	
882	14	0	0	0	0	11021006	
883	14	0	0	0	0	11021012	
884	14	0	0	0	0	11021024	
885	14	0	0	0	0	11021106	
886	14	0	0	0	0	11021112	
887	14	0	0	0	0	11021124	
888	14	0	0	0	0	11021206	
889	14	0	0	0	0	11021212	
890	14	0	0	0	0	11021224	
891	14	0	0	0	0	11021306	
892	14	0	0	0	0	11021312	
893	14	0	0	0	0	11021324	
894	14	0	0	0	0	11021406	
895	14	0	0	0	0	11021412	
896	14	0	0	0	0	11021424	
897	14	0	0	0	0	11021506	
898	14	0	0	0	0	11021512	
899	14	0	0	0	0	11021524	
900	14	0	0	0	0	11021606	
901	14	0	0	0	0	11021612	
902	14	0	0	0	0	11021624	
903	14	0	0	0	0	11021706	
904	14	0	0	0	0	11021712	
905	14	0	0	0	0	11021724	
906	14	0	0	0	0	11021806	
907	14	0	0	0	0	11021812	
908	14	0	0	0	0	11021824	
909	14	0	0	0	0	11021906	
910	14	0	0	0	0	11021912	
911	14	0	0	0	0	11021924	
912	14	0	0	0	0	11022006	
913	14	0	0	0	0	11022012	
914	14	0	0	0	0	11022024	
915	14	0	0	0	0	11022106	
916	14	0	0	0	0	11022112	
917	14	0	0	0	0	11022124	
918	14	0	0	0	0	11022206	
919	14	0	0	0	0	11022212	
920	14	0	0	0	0	11022224	
921	14	0	0	0	0	11022306	
922	14	0	0	0	0	11022312	
923	14	0	0	0	0	11022324	
924	14	0	0	0	0	11022406	
925	14	0	0	0	0	11022412	
926	14	0	0	0	0	11022424	
927	14	0	0	0	0	11022506	
928	14	0	0	0	0	11022512	
929	14	0	0	0	0	11022524	
930	14	0	0	0	0	11022606	
931	14	0	0	0	0	11022612	
932	14	0	0	0	0	11022624	
933	14	0	0	0	0	11022706	
934	14	0	0	0	0	11022712	
935	14	0	0	0	0	11022724	
936	14	0	0	0	0	11022806	
937	14	0	0	0	0	11022812	
938	14	0	0	0	0	11022824	
939	14	0	0	0	0	11030106	
940	14	0	0	0	0	11030112	
941	14	0	0	0	0	11030124	
942	14	0	0	0	0	11030206	
943	14	0	0	0	0	11030212	
944	14	0	0	0	0	11030224	
945	14	0	0	0	0	11030306	
946	14	0	0	0	0	11030312	
947	14	0	0	0	0	11030324	
948	14	0	0	0	0	11030406	
949	14	0	0	0	0	11030412	
950	14	0	0	0	0	11030424	
951	14	0	0	0	0	11030506	
952	14	0	0	0	0	11030512	
953	14	0	0	0	0	11030524	
954	14	0	0	0	0	11030606	
955	14	0	0	0	0	11030612	
956	14	0	0	0	0	11030624	
957	14	0	0	0	0	11030706	
958	14	0	0	0	0	11030712	
959	14	0	0	0	0	11030724	
960	14	0	0	0	0	11030806	
961	14	0	0	0	0	11030812	
962	14	0	0	0	0	11030824	
963	14	0	0	0	0	11030906	
964	14	0	0	0	0	11030912	
965	14	0	0	0	0	11030924	
966	14	0	0	0	0	11031006	
967	14	0	0	0	0	11031012	
968	14	0	0	0	0	11031024	
969	14	0	0	0	0	11031106	
970	14	0	0	0	0	11031112	
971	14	0	0	0	0	11031124	
972	14	0	0	0	0	11031206	
973	14	0	0	0	0	11031212	
974	14	0	0	0	0	11031224	
975	14	0	0	0	0	11031306	
976	14	0	0	0	0	11031312	
977	14	0	0	0	0	11031324	
978	14	0	0	0	0	11031406	
979	14	0	0	0	0	11031412	
980	14	0	0	0	0	11031424	
981	14	0	0	0	0	11031506	
982	14	0	0	0	0	11031512	
983	14	0	0	0	0	11031524	
984	14	0	0	0	0	11031606	
985	14	0	0	0	0	11031612	
986	14	0	0	0	0	11031624	
987	14	0	0	0	0	11031706	
988	14	0	0	0	0	11031712	
989	14	0	0	0	0	11031724	
990	14	0	0	0	0	11031806	
991	14	0	0	0	0	11031812	
992	14	0	0	0	0	11031824	
993	14	0	0	0	0	11031906	
994	14	0	0	0	0	11031912	
995	14	0	0	0	0	11031924	
996	14	0	0	0	0	11032006	
997	14	0	0	0	0	11032012	
998	14	0	0	0	0	11032024	
999	14	0	0	0	0	11032106	
1000	14	0	0	0	0	11032112	
1001	14	0	0	0	0	11032124	
1002	14	0	0	0	0	11032206	
1003	14	0	0	0	0	11032212	
1004	14	0	0	0	0	11032224	
1005	14	0	0	0	0	11032306	
1006	14	0	0	0	0	11032312	
1007	14	0	0	0	0	11032324	
1008	14	0	0	0	0	11032406	
1009	14	0	0	0	0	11032412	
1010	14	0	0	0	0	11032424	
1011	14	0	0	0	0	11032506	
1012	14	0	0	0	0	11032512	
1013	14	0	0	0	0	11032524	
1014	14	0	0	0	0	11032606	
1015	14	0	0	0	0	11032612	
1016	14	0	0	0	0	11032624	
1017	14	0	0	0	0	11032706	
1018	14	0	0	0	0	11032712	
1019	14	0	0	0	0	11032724	
1020	14	0	0	0	0	11032806	
1021	14	0	0	0	0	11032812	
1022	14	0	0	0	0	11032824	
1023	14	0	0	0	0	11032906	
1024	14	0	0	0	0	11032912	
1025	14	0	0	0	0	11032924	
1026	14	0	0	0	0	11033006	
1027	14	0	0	0	0	11033012	
1028	14	0	0	0	0	11033024	
1029	14	0	0	0	0	11033106	
1030	14	0	0	0	0	11033112	
1031	14	0	0	0	0	11033124	
1032	14	0	0	0	0	11040106	
1033	14	0	0	0	0	11040112	
1034	14	0	0	0	0	11040124	
1035	14	0	0	0	0	11040206	
1036	14	0	0	0	0	11040212	
1037	14	0	0	0	0	11040224	
1038	14	0	0	0	0	11040306	
1039	14	0	0	0	0	11040312	
1040	14	0	0	0	0	11040324	
1041	14	0	0	0	0	11040406	
1042	14	0	0	0	0	11040412	
1043	14	0	0	0	0	11040424	
1044	14	0	0	0	0	11040506	
1045	14	0	0	0	0	11040512	
1046	14	0	0	0	0	11040524	
1047	14	0	0	0	0	11040606	
1048	14	0	0	0	0	11040612	
1049	14	0	0	0	0	11040624	
1050	14	0	0	0	0	11040706	
1051	14	0	0	0	0	11040712	
1052	14	0	0	0	0	11040724	
1053	14	0	0	0	0	11040806	
1054	14	0	0	0	0	11040812	
1055	14	0	0	0	0	11040824	
1056	14	0	0	0	0	11040906	
1057	14	0	0	0	0	11040912	
1058	14	0	0	0	0	11040924	
1059	14	0	0	0	0	11041006	
1060	14	0	0	0	0	11041012	
1061	14	0	0	0	0	11041024	
1062	14	0	0	0	0	11041106	
1063	14	0	0	0	0	11041112	
1064	14	0	0	0	0	11041124	
1065	14	0	0	0	0	11041206	
1066	14	0	0	0	0	11041212	
1067	14	0	0	0	0	11041224	
1068	14	0	0	0	0	11041306	
1069	14	0	0	0	0	11041312	
1070	14	0	0	0	0	11041324	
1071	14	0	0	0	0	11041406	
1072	14	0	0	0	0	11041412	
1073	14	0	0	0	0	11041424	
1074	14	0	0	0	0	11041506	
1075	14	0	0	0	0	11041512	
1076	14	0	0	0	0	11041524	
1077	14	0	0	0	0	11041606	
1078	14	0	0	0	0	11041612	
1079	14	0	0	0	0	11041624	
1080	14	0	0	0	0	11041706	
1081	14	0	0	0	0	11041712	
1082	14	0	0	0	0	11041724	
1083	14	0	0	0	0	11041806	
1084	14	0	0	0	0	11041812	
1085	14	0	0	0	0	11041824	
1086	14	0	0	0	0	11041906	
1087	14	0	0	0	0	11041912	
1088	14	0	0	0	0	11041924	
1089	14	0	0	0	0	11042006	
1090	14	0	0	0	0	11042012	
1091	14	0	0	0	0	11042024	
1092	14	0	0	0	0	11042106	
1093	14	0	0	0	0	11042112	
1094	14	0	0	0	0	11042124	
1095	14	0	0	0	0	11042206	
1096	14	0	0	0	0	11042212	
1097	14	0	0	0	0	11042224	
1098	14	0	0	0	0	11042306	
1099	14	0	0	0	0	11042312	
1100	14	0	0	0	0	11042324	
1101	14	0	0	0	0	11042406	
1102	14	0	0	0	0	11042412	
1103	14	0	0	0	0	11042424	
1104	14	0	0	0	0	11042506	
1105	14	0	0	0	0	11042512	
1106	14	0	0	0	0	11042524	
1107	14	0	0	0	0	11042606	
1108	14	0	0	0	0	11042612	
1109	14	0	0	0	0	11042624	
1110	14	0	0	0	0	11042706	
1111	14	0	0	0	0	11042712	
1112	14	0	0	0	0	11042724	
1113	14	0	0	0	0	11042806	
1114	14	0	0	0	0	11042812	
1115	14	0	0	0	0	11042824	
1116	14	0	0	0	0	11042906	
1117	14	0	0	0	0	11042912	
1118	14	0	0	0	0	11042924	
1119	14	0	0	0	0	11043006	
1120	14	0	0	0	0	11043012	
1121	14	0	0	0	0	11043024	
1122	14	0	0	0	0	11050106	
1123	14	0	0	0	0	11050112	
1124	14	0	0	0	0	11050124	
1125	14	0	0	0	0	11050206	
1126	14	0	0	0	0	11050212	
1127	14	0	0	0	0	11050224	
1128	14	0	0	0	0	11050306	
1129	14	0	0	0	0	11050312	
1130	14	0	0	0	0	11050324	
1131	14	0	0	0	0	11050406	
1132	14	0	0	0	0	11050412	
1133	14	0	0	0	0	11050424	
1134	14	0	0	0	0	11050506	
1135	14	0	0	0	0	11050512	
1136	14	0	0	0	0	11050524	
1137	14	0	0	0	0	11050606	
1138	14	0	0	0	0	11050612	
1139	14	0	0	0	0	11050624	
1140	14	0	0	0	0	11050706	
1141	14	0	0	0	0	11050712	
1142	14	0	0	0	0	11050724	
1143	14	0	0	0	0	11050806	
1144	14	0	0	0	0	11050812	
1145	14	0	0	0	0	11050824	
1146	14	0	0	0	0	11050906	
1147	14	0	0	0	0	11050912	
1148	14	0	0	0	0	11050924	
1149	14	0	0	0	0	11051006	
1150	14	0	0	0	0	11051012	
1151	14	0	0	0	0	11051024	
1152	14	0	0	0	0	11051106	
1153	14	0	0	0	0	11051112	
1154	14	0	0	0	0	11051124	
1155	14	0	0	0	0	11051206	
1156	14	0	0	0	0	11051212	
1157	14	0	0	0	0	11051224	
1158	14	0	0	0	0	11051306	
1159	14	0	0	0	0	11051312	
1160	14	0	0	0	0	11051324	
1161	14	0	0	0	0	11051406	
1162	14	0	0	0	0	11051412	
1163	14	0	0	0	0	11051424	
1164	14	0	0	0	0	11051506	
1165	14	0	0	0	0	11051512	
1166	14	0	0	0	0	11051524	
1167	14	0	0	0	0	11051606	
1168	14	0	0	0	0	11051612	
1169	14	0	0	0	0	11051624	
1170	14	0	0	0	0	11051706	
1171	14	0	0	0	0	11051712	
1172	14	0	0	0	0	11051724	
1173	14	0	0	0	0	11051806	
1174	14	0	0	0	0	11051812	
1175	14	0	0	0	0	11051824	
1176	14	0	0	0	0	11051906	
1177	14	0	0	0	0	11051912	
1178	14	0	0	0	0	11051924	
1179	14	0	0	0	0	11052006	
1180	14	0	0	0	0	11052012	
1181	14	0	0	0	0	11052024	
1182	14	0	0	0	0	11052106	
1183	14	0	0	0	0	11052112	
1184	14	0	0	0	0	11052124	
1185	14	0	0	0	0	11052206	
1186	14	0	0	0	0	11052212	
1187	14	0	0	0	0	11052224	
1188	14	0	0	0	0	11052306	
1189	14	0	0	0	0	11052312	
1190	14	0	0	0	0	11052324	
1191	14	0	0	0	0	11052406	
1192	14	0	0	0	0	11052412	
1193	14	0	0	0	0	11052424	
1194	14	0	0	0	0	11052506	
1195	14	0	0	0	0	11052512	
1196	14	0	0	0	0	11052524	
1197	14	0	0	0	0	11052606	
1198	14	0	0	0	0	11052612	
1199	14	0	0	0	0	11052624	
1200	14	0	0	0	0	11052706	
1201	14	0	0	0	0	11052712	
1202	14	0	0	0	0	11052724	
1203	14	0	0	0	0	11052806	
1204	14	0	0	0	0	11052812	
1205	14	0	0	0	0	11052824	
1206	14	0	0	0	0	11052906	
1207	14	0	0	0	0	11052912	
1208	14	0	0	0	0	11052924	
1209	14	0	0	0	0	11053006	
1210	14	0	0	0	0	11053012	
1211	14	0	0	0	0	11053024	
1212	14	0	0	0	0	11053106	
1213	14	0	0	0	0	11053112	
1214	14	0	0	0	0	11053124	
1215	14	0	0	0	0	11060106	
1216	14	0	0	0	0	11060112	
1217	14	0	0	0	0	11060124	
1218	14	0	0	0	0	11060206	
1219	14	0	0	0	0	11060212	
1220	14	0	0	0	0	11060224	
1221	14	0	0	0	0	11060306	
1222	14	0	0	0	0	11060312	
1223	14	0	0	0	0	11060324	
1224	14	0	0	0	0	11060406	
1225	14	0	0	0	0	11060412	
1226	14	0	0	0	0	11060424	
1227	14	0	0	0	0	11060506	
1228	14	0	0	0	0	11060512	
1229	14	0	0	0	0	11060524	
1230	14	0	0	0	0	11060606	
1231	14	0	0	0	0	11060612	
1232	14	0	0	0	0	11060624	
1233	14	0	0	0	0	11060706	
1234	14	0	0	0	0	11060712	
1235	14	0	0	0	0	11060724	
1236	14	0	0	0	0	11060806	
1237	14	0	0	0	0	11060812	
1238	14	0	0	0	0	11060824	
1239	14	0	0	0	0	11060906	
1240	14	0	0	0	0	11060912	
1241	14	0	0	0	0	11060924	
1242	14	0	0	0	0	11061006	
1243	14	0	0	0	0	11061012	
1244	14	0	0	0	0	11061024	
1245	14	0	0	0	0	11061106	
1246	14	0	0	0	0	11061112	
1247	14	0	0	0	0	11061124	
1248	14	0	0	0	0	11061206	
1249	14	0	0	0	0	11061212	
1250	14	0	0	0	0	11061224	
1251	14	0	0	0	0	11061306	
1252	14	0	0	0	0	11061312	
1253	14	0	0	0	0	11061324	
1254	14	0	0	0	0	11061406	
1255	14	0	0	0	0	11061412	
1256	14	0	0	0	0	11061424	
1257	14	0	0	0	0	11061506	
1258	14	0	0	0	0	11061512	
1259	14	0	0	0	0	11061524	
1260	14	0	0	0	0	11061606	
1261	14	0	0	0	0	11061612	
1262	14	0	0	0	0	11061624	
1263	14	0	0	0	0	11061706	
1264	14	0	0	0	0	11061712	
1265	14	0	0	0	0	11061724	
1266	14	0	0	0	0	11061806	
1267	14	0	0	0	0	11061812	
1268	14	0	0	0	0	11061824	
1269	14	0	0	0	0	11061906	
1270	14	0	0	0	0	11061912	
1271	14	0	0	0	0	11061924	
1272	14	0	0	0	0	11062006	
1273	14	0	0	0	0	11062012	
1274	14	0	0	0	0	11062024	
1275	14	0	0	0	0	11062106	
1276	14	0	0	0	0	11062112	
1277	14	0	0	0	0	11062124	
1278	14	0	0	0	0	11062206	
1279	14	0	0	0	0	11062212	
1280	14	0	0	0	0	11062224	
1281	14	0	0	0	0	11062306	
1282	14	0	0	0	0	11062312	
1283	14	0	0	0	0	11062324	
1284	14	0	0	0	0	11062406	
1285	14	0	0	0	0	11062412	
1286	14	0	0	0	0	11062424	
1287	14	0	0	0	0	11062506	
1288	14	0	0	0	0	11062512	
1289	14	0	0	0	0	11062524	
1290	14	0	0	0	0	11062606	
1291	14	0	0	0	0	11062612	
1292	14	0	0	0	0	11062624	
1293	14	0	0	0	0	11062706	
1294	14	0	0	0	0	11062712	
1295	14	0	0	0	0	11062724	
1296	14	0	0	0	0	11062806	
1297	14	0	0	0	0	11062812	
1298	14	0	0	0	0	11062824	
1299	14	0	0	0	0	11062906	
1300	14	0	0	0	0	11062912	
1301	14	0	0	0	0	11062924	
1302	14	0	0	0	0	11063006	
1303	14	0	0	0	0	11063012	
1304	14	0	0	0	0	11063024	
1305	14	0	0	0	0	11070106	
1306	14	0	0	0	0	11070112	
1307	14	0	0	0	0	11070124	
1308	14	0	0	0	0	11070206	
1309	14	0	0	0	0	11070212	
1310	14	0	0	0	0	11070224	
1311	14	0	0	0	0	11070306	
1312	14	0	0	0	0	11070312	
1313	14	0	0	0	0	11070324	
1314	14	0	0	0	0	11070406	
1315	14	0	0	0	0	11070412	
1316	14	0	0	0	0	11070424	
1317	14	0	0	0	0	11070506	
1318	14	0	0	0	0	11070512	
1319	14	0	0	0	0	11070524	
1320	14	0	0	0	0	11070606	
1321	14	0	0	0	0	11070612	
1322	14	0	0	0	0	11070624	
1323	14	0	0	0	0	11070706	
1324	14	0	0	0	0	11070712	
1325	14	0	0	0	0	11070724	
1326	14	0	0	0	0	11070806	
1327	14	0	0	0	0	11070812	
1328	14	0	0	0	0	11070824	
1329	14	0	0	0	0	11070906	
1330	14	0	0	0	0	11070912	
1331	14	0	0	0	0	11070924	
1332	14	0	0	0	0	11071006	
1333	14	0	0	0	0	11071012	
1334	14	0	0	0	0	11071024	
1335	14	0	0	0	0	11071106	
1336	14	0	0	0	0	11071112	
1337	14	0	0	0	0	11071124	
1338	14	0	0	0	0	11071206	
1339	14	0	0	0	0	11071212	
1340	14	0	0	0	0	11071224	
1341	14	0	0	0	0	11071306	
1342	14	0	0	0	0	11071312	
1343	14	0	0	0	0	11071324	
1344	14	0	0	0	0	11071406	
1345	14	0	0	0	0	11071412	
1346	14	0	0	0	0	11071424	
1347	14	0	0	0	0	11071506	
1348	14	0	0	0	0	11071512	
1349	14	0	0	0	0	11071524	
1350	14	0	0	0	0	11071606	
1351	14	0	0	0	0	11071612	
1352	14	0	0	0	0	11071624	
1353	14	0	0	0	0	11071706	
1354	14	0	0	0	0	11071712	
1355	14	0	0	0	0	11071724	
1356	14	0	0	0	0	11071806	
1357	14	0	0	0	0	11071812	
1358	14	0	0	0	0	11071824	
1359	14	0	0	0	0	11071906	
1360	14	0	0	0	0	11071912	
1361	14	0	0	0	0	11071924	
1362	14	0	0	0	0	11072006	
1363	14	0	0	0	0	11072012	
1364	14	0	0	0	0	11072024	
1365	14	0	0	0	0	11072106	
1366	14	0	0	0	0	11072112	
1367	14	0	0	0	0	11072124	
1368	14	0	0	0	0	11072206	
1369	14	0	0	0	0	11072212	
1370	14	0	0	0	0	11072224	
1371	14	0	0	0	0	11072306	
1372	14	0	0	0	0	11072312	
1373	14	0	0	0	0	11072324	
1374	14	0	0	0	0	11072406	
1375	14	0	0	0	0	11072412	
1376	14	0	0	0	0	11072424	
1377	14	0	0	0	0	11072506	
1378	14	0	0	0	0	11072512	
1379	14	0	0	0	0	11072524	
1380	14	0	0	0	0	11072606	
1381	14	0	0	0	0	11072612	
1382	14	0	0	0	0	11072624	
1383	14	0	0	0	0	11072706	
1384	14	0	0	0	0	11072712	
1385	14	0	0	0	0	11072724	
1386	14	0	0	0	0	11072806	
1387	14	0	0	0	0	11072812	
1388	14	0	0	0	0	11072824	
1389	14	0	0	0	0	11072906	
1390	14	0	0	0	0	11072912	
1391	14	0	0	0	0	11072924	
1392	14	0	0	0	0	11073006	
1393	14	0	0	0	0	11073012	
1394	14	0	0	0	0	11073024	
1395	14	0	0	0	0	11073106	
1396	14	0	0	0	0	11073112	
1397	14	0	0	0	0	11073124	
1398	14	0	0	0	0	11080106	
1399	14	0	0	0	0	11080112	
1400	14	0	0	0	0	11080124	
1401	14	0	0	0	0	11080206	
1402	14	0	0	0	0	11080212	
1403	14	0	0	0	0	11080224	
1404	14	0	0	0	0	11080306	
1405	14	0	0	0	0	11080312	
1406	14	0	0	0	0	11080324	
1407	14	0	0	0	0	11080406	
1408	14	0	0	0	0	11080412	
1409	14	0	0	0	0	11080424	
1410	14	0	0	0	0	11080506	
1411	14	0	0	0	0	11080512	
1412	14	0	0	0	0	11080524	
1413	14	0	0	0	0	11080606	
1414	14	0	0	0	0	11080612	
1415	14	0	0	0	0	11080624	
1416	14	0	0	0	0	11080706	
1417	14	0	0	0	0	11080712	
1418	14	0	0	0	0	11080724	
1419	14	0	0	0	0	11080806	
1420	14	0	0	0	0	11080812	
1421	14	0	0	0	0	11080824	
1422	14	0	0	0	0	11080906	
1423	14	0	0	0	0	11080912	
1424	14	0	0	0	0	11080924	
1425	14	0	0	0	0	11081006	
1426	14	0	0	0	0	11081012	
1427	14	0	0	0	0	11081024	
1428	14	0	0	0	0	11081106	
1429	14	0	0	0	0	11081112	
1430	14	0	0	0	0	11081124	
1431	14	0	0	0	0	11081206	
1432	14	0	0	0	0	11081212	
1433	14	0	0	0	0	11081224	
1434	14	0	0	0	0	11081306	
1435	14	0	0	0	0	11081312	
1436	14	0	0	0	0	11081324	
1437	14	0	0	0	0	11081406	
1438	14	0	0	0	0	11081412	
1439	14	0	0	0	0	11081424	
1440	14	0	0	0	0	11081506	
1441	14	0	0	0	0	11081512	
1442	14	0	0	0	0	11081524	
1443	14	0	0	0	0	11081606	
1444	14	0	0	0	0	11081612	
1445	14	0	0	0	0	11081624	
1446	14	0	0	0	0	11081706	
1447	14	0	0	0	0	11081712	
1448	14	0	0	0	0	11081724	
1449	14	0	0	0	0	11081806	
1450	14	0	0	0	0	11081812	
1451	14	0	0	0	0	11081824	
1452	14	0	0	0	0	11081906	
1453	14	0	0	0	0	11081912	
1454	14	0	0	0	0	11081924	
1455	14	0	0	0	0	11082006	
1456	14	0	0	0	0	11082012	
1457	14	0	0	0	0	11082024	
1458	14	0	0	0	0	11082106	
1459	14	0	0	0	0	11082112	
1460	14	0	0	0	0	11082124	
1461	14	0	0	0	0	11082206	
1462	14	0	0	0	0	11082212	
1463	14	0	0	0	0	11082224	
1464	14	0	0	0	0	11082306	
1465	14	0	0	0	0	11082312	
1466	14	0	0	0	0	11082324	
1467	14	0	0	0	0	11082406	
1468	14	0	0	0	0	11082412	
1469	14	0	0	0	0	11082424	
1470	14	0	0	0	0	11082506	
1471	14	0	0	0	0	11082512	
1472	14	0	0	0	0	11082524	
1473	14	0	0	0	0	11082606	
1474	14	0	0	0	0	11082612	
1475	14	0	0	0	0	11082624	
1476	14	0	0	0	0	11082706	
1477	14	0	0	0	0	11082712	
1478	14	0	0	0	0	11082724	
1479	14	0	0	0	0	11082806	
1480	14	0	0	0	0	11082812	
1481	14	0	0	0	0	11082824	
1482	14	0	0	0	0	11082906	
1483	14	0	0	0	0	11082912	
1484	14	0	0	0	0	11082924	
1485	14	0	0	0	0	11083006	
1486	14	0	0	0	0	11083012	
1487	14	0	0	0	0	11083024	
1488	14	0	0	0	0	11083106	
1489	14	0	0	0	0	11083112	
1490	14	0	0	0	0	11083124	
1491	14	0	0	0	0	11090106	
1492	14	0	0	0	0	11090112	
1493	14	0	0	0	0	11090124	
1494	14	0	0	0	0	11090206	
1495	14	0	0	0	0	11090212	
1496	14	0	0	0	0	11090224	
1497	14	0	0	0	0	11090306	
1498	14	0	0	0	0	11090312	
1499	14	0	0	0	0	11090324	
1500	14	0	0	0	0	11090406	
1501	14	0	0	0	0	11090412	
1502	14	0	0	0	0	11090424	
1503	14	0	0	0	0	11090506	
1504	14	0	0	0	0	11090512	
1505	14	0	0	0	0	11090524	
1506	14	0	0	0	0	11090606	
1507	14	0	0	0	0	11090612	
1508	14	0	0	0	0	11090624	
1509	14	0	0	0	0	11090706	
1510	14	0	0	0	0	11090712	
1511	14	0	0	0	0	11090724	
1512	14	0	0	0	0	11090806	
1513	14	0	0	0	0	11090812	
1514	14	0	0	0	0	11090824	
1515	14	0	0	0	0	11090906	
1516	14	0	0	0	0	11090912	
1517	14	0	0	0	0	11090924	
1518	14	0	0	0	0	11091006	
1519	14	0	0	0	0	11091012	
1520	14	0	0	0	0	11091024	
1521	14	0	0	0	0	11091106	
1522	14	0	0	0	0	11091112	
1523	14	0	0	0	0	11091124	
1524	14	0	0	0	0	11091206	
1525	14	0	0	0	0	11091212	
1526	14	0	0	0	0	11091224	
1527	14	0	0	0	0	11091306	
1528	14	0	0	0	0	11091312	
1529	14	0	0	0	0	11091324	
1530	14	0	0	0	0	11091406	
1531	14	0	0	0	0	11091412	
1532	14	0	0	0	0	11091424	
1533	14	0	0	0	0	11091506	
1534	14	0	0	0	0	11091512	
1535	14	0	0	0	0	11091524	
1536	14	0	0	0	0	11091606	
1537	14	0	0	0	0	11091612	
1538	14	0	0	0	0	11091624	
1539	14	0	0	0	0	11091706	
1540	14	0	0	0	0	11091712	
1541	14	0	0	0	0	11091724	
1542	14	0	0	0	0	11091806	
1543	14	0	0	0	0	11091812	
1544	14	0	0	0	0	11091824	
1545	14	0	0	0	0	11091906	
1546	14	0	0	0	0	11091912	
1547	14	0	0	0	0	11091924	
1548	14	0	0	0	0	11092006	
1549	14	0	0	0	0	11092012	
1550	14	0	0	0	0	11092024	
1551	14	0	0	0	0	11092106	
1552	14	0	0	0	0	11092112	
1553	14	0	0	0	0	11092124	
1554	14	0	0	0	0	11092206	
1555	14	0	0	0	0	11092212	
1556	14	0	0	0	0	11092224	
1557	14	0	0	0	0	11092306	
1558	14	0	0	0	0	11092312	
1559	14	0	0	0	0	11092324	
1560	14	0	0	0	0	11092406	
1561	14	0	0	0	0	11092412	
1562	14	0	0	0	0	11092424	
1563	14	0	0	0	0	11092506	
1564	14	0	0	0	0	11092512	
1565	14	0	0	0	0	11092524	
1566	14	0	0	0	0	11092606	
1567	14	0	0	0	0	11092612	
1568	14	0	0	0	0	11092624	
1569	14	0	0	0	0	11092706	
1570	14	0	0	0	0	11092712	
1571	14	0	0	0	0	11092724	
1572	14	0	0	0	0	11092806	
1573	14	0	0	0	0	11092812	
1574	14	0	0	0	0	11092824	
1575	14	0	0	0	0	11092906	
1576	14	0	0	0	0	11092912	
1577	14	0	0	0	0	11092924	
1578	14	0	0	0	0	11093006	
1579	14	0	0	0	0	11093012	
1580	14	0	0	0	0	11093024	
1581	14	0	0	0	0	11100106	
1582	14	0	0	0	0	11100112	
1583	14	0	0	0	0	11100124	
1584	14	0	0	0	0	11100206	
1585	14	0	0	0	0	11100212	
1586	14	0	0	0	0	11100224	
1587	14	0	0	0	0	11100306	
1588	14	0	0	0	0	11100312	
1589	14	0	0	0	0	11100324	
1590	14	0	0	0	0	11100406	
1591	14	0	0	0	0	11100412	
1592	14	0	0	0	0	11100424	
1593	14	0	0	0	0	11100506	
1594	14	0	0	0	0	11100512	
1595	14	0	0	0	0	11100524	
1596	14	0	0	0	0	11100606	
1597	14	0	0	0	0	11100612	
1598	14	0	0	0	0	11100624	
1599	14	0	0	0	0	11100706	
1600	14	0	0	0	0	11100712	
1601	14	0	0	0	0	11100724	
1602	14	0	0	0	0	11100806	
1603	14	0	0	0	0	11100812	
1604	14	0	0	0	0	11100824	
1605	14	0	0	0	0	11100906	
1606	14	0	0	0	0	11100912	
1607	14	0	0	0	0	11100924	
1608	14	0	0	0	0	11101006	
1609	14	0	0	0	0	11101012	
1610	14	0	0	0	0	11101024	
1611	14	0	0	0	0	11101106	
1612	14	0	0	0	0	11101112	
1613	14	0	0	0	0	11101124	
1614	14	0	0	0	0	11101206	
1615	14	0	0	0	0	11101212	
1616	14	0	0	0	0	11101224	
1617	14	0	0	0	0	11101306	
1618	14	0	0	0	0	11101312	
1619	14	0	0	0	0	11101324	
1620	14	0	0	0	0	11101406	
1621	14	0	0	0	0	11101412	
1622	14	0	0	0	0	11101424	
1623	14	0	0	0	0	11101506	
1624	14	0	0	0	0	11101512	
1625	14	0	0	0	0	11101524	
1626	14	0	0	0	0	11101606	
1627	14	0	0	0	0	11101612	
1628	14	0	0	0	0	11101624	
1629	14	0	0	0	0	11101706	
1630	14	0	0	0	0	11101712	
1631	14	0	0	0	0	11101724	
1632	14	0	0	0	0	11101806	
1633	14	0	0	0	0	11101812	
1634	14	0	0	0	0	11101824	
1635	14	0	0	0	0	11101906	
1636	14	0	0	0	0	11101912	
1637	14	0	0	0	0	11101924	
1638	14	0	0	0	0	11102006	
1639	14	0	0	0	0	11102012	
1640	14	0	0	0	0	11102024	
1641	14	0	0	0	0	11102106	
1642	14	0	0	0	0	11102112	
1643	14	0	0	0	0	11102124	
1644	14	0	0	0	0	11102206	
1645	14	0	0	0	0	11102212	
1646	14	0	0	0	0	11102224	
1647	14	0	0	0	0	11102306	
1648	14	0	0	0	0	11102312	
1649	14	0	0	0	0	11102324	
1650	14	0	0	0	0	11102406	
1651	14	0	0	0	0	11102412	
1652	14	0	0	0	0	11102424	
1653	14	0	0	0	0	11102506	
1654	14	0	0	0	0	11102512	
1655	14	0	0	0	0	11102524	
1656	14	0	0	0	0	11102606	
1657	14	0	0	0	0	11102612	
1658	14	0	0	0	0	11102624	
1659	14	0	0	0	0	11102706	
1660	14	0	0	0	0	11102712	
1661	14	0	0	0	0	11102724	
1662	14	0	0	0	0	11102806	
1663	14	0	0	0	0	11102812	
1664	14	0	0	0	0	11102824	
1665	14	0	0	0	0	11102906	
1666	14	0	0	0	0	11102912	
1667	14	0	0	0	0	11102924	
1668	14	0	0	0	0	11103006	
1669	14	0	0	0	0	11103012	
1670	14	0	0	0	0	11103024	
1671	14	0	0	0	0	11103106	
1672	14	0	0	0	0	11103112	
1673	14	0	0	0	0	11103124	
1674	14	0	0	0	0	11110106	
1675	14	0	0	0	0	11110112	
1676	14	0	0	0	0	11110124	
1677	14	0	0	0	0	11110206	
1678	14	0	0	0	0	11110212	
1679	14	0	0	0	0	11110224	
1680	14	0	0	0	0	11110306	
1681	14	0	0	0	0	11110312	
1682	14	0	0	0	0	11110324	
1683	14	0	0	0	0	11110406	
1684	14	0	0	0	0	11110412	
1685	14	0	0	0	0	11110424	
1686	14	0	0	0	0	11110506	
1687	14	0	0	0	0	11110512	
1688	14	0	0	0	0	11110524	
1689	14	0	0	0	0	11110606	
1690	14	0	0	0	0	11110612	
1691	14	0	0	0	0	11110624	
1692	14	0	0	0	0	11110706	
1693	14	0	0	0	0	11110712	
1694	14	0	0	0	0	11110724	
1695	14	0	0	0	0	11110806	
1696	14	0	0	0	0	11110812	
1697	14	0	0	0	0	11110824	
1698	14	0	0	0	0	11110906	
1699	14	0	0	0	0	11110912	
1700	14	0	0	0	0	11110924	
1701	14	0	0	0	0	11111006	
1702	14	0	0	0	0	11111012	
1703	14	0	0	0	0	11111024	
1704	14	0	0	0	0	11111106	
1705	14	0	0	0	0	11111112	
1706	14	0	0	0	0	11111124	
1707	14	0	0	0	0	11111206	
1708	14	0	0	0	0	11111212	
1709	14	0	0	0	0	11111224	
1710	14	0	0	0	0	11111306	
1711	14	0	0	0	0	11111312	
1712	14	0	0	0	0	11111324	
1713	14	0	0	0	0	11111406	
1714	14	0	0	0	0	11111412	
1715	14	0	0	0	0	11111424	
1716	14	0	0	0	0	11111506	
1717	14	0	0	0	0	11111512	
1718	14	0	0	0	0	11111524	
1719	14	0	0	0	0	11111606	
1720	14	0	0	0	0	11111612	
1721	14	0	0	0	0	11111624	
1722	14	0	0	0	0	11111706	
1723	14	0	0	0	0	11111712	
1724	14	0	0	0	0	11111724	
1725	14	0	0	0	0	11111806	
1726	14	0	0	0	0	11111812	
1727	14	0	0	0	0	11111824	
1728	14	0	0	0	0	11111906	
1729	14	0	0	0	0	11111912	
1730	14	0	0	0	0	11111924	
1731	14	0	0	0	0	11112006	
1732	14	0	0	0	0	11112012	
1733	14	0	0	0	0	11112024	
1734	14	0	0	0	0	11112106	
1735	14	0	0	0	0	11112112	
1736	14	0	0	0	0	11112124	
1737	14	0	0	0	0	11112206	
1738	14	0	0	0	0	11112212	
1739	14	0	0	0	0	11112224	
1740	14	0	0	0	0	11112306	
1741	14	0	0	0	0	11112312	
1742	14	0	0	0	0	11112324	
1743	14	0	0	0	0	11112406	
1744	14	0	0	0	0	11112412	
1745	14	0	0	0	0	11112424	
1746	14	0	0	0	0	11112506	
1747	14	0	0	0	0	11112512	
1748	14	0	0	0	0	11112524	
1749	14	0	0	0	0	11112606	
1750	14	0	0	0	0	11112612	
1751	14	0	0	0	0	11112624	
1752	14	0	0	0	0	11112706	
1753	14	0	0	0	0	11112712	
1754	14	0	0	0	0	11112724	
1755	14	0	0	0	0	11112806	
1756	14	0	0	0	0	11112812	
1757	14	0	0	0	0	11112824	
1758	14	0	0	0	0	11112906	
1759	14	0	0	0	0	11112912	
1760	14	0	0	0	0	11112924	
1761	14	0	0	0	0	11113006	
1762	14	0	0	0	0	11113012	
1763	14	0	0	0	0	11113024	
1764	14	0	0	0	0	11120106	
1765	14	0	0	0	0	11120112	
1766	14	0	0	0	0	11120124	
1767	14	0	0	0	0	11120206	
1768	14	0	0	0	0	11120212	
1769	14	0	0	0	0	11120224	
1770	14	0	0	0	0	11120306	
1771	14	0	0	0	0	11120312	
1772	14	0	0	0	0	11120324	
1773	14	0	0	0	0	11120406	
1774	14	0	0	0	0	11120412	
1775	14	0	0	0	0	11120424	
1776	14	0	0	0	0	11120506	
1777	14	0	0	0	0	11120512	
1778	14	0	0	0	0	11120524	
1779	14	0	0	0	0	11120606	
1780	14	0	0	0	0	11120612	
1781	14	0	0	0	0	11120624	
1782	14	0	0	0	0	11120706	
1783	14	0	0	0	0	11120712	
1784	14	0	0	0	0	11120724	
1785	14	0	0	0	0	11120806	
1786	14	0	0	0	0	11120812	
1787	14	0	0	0	0	11120824	
1788	14	0	0	0	0	11120906	
1789	14	0	0	0	0	11120912	
1790	14	0	0	0	0	11120924	
1791	14	0	0	0	0	11121006	
1792	14	0	0	0	0	11121012	
1793	14	0	0	0	0	11121024	
1794	14	0	0	0	0	11121106	
1795	14	0	0	0	0	11121112	
1796	14	0	0	0	0	11121124	
1797	14	0	0	0	0	11121206	
1798	14	0	0	0	0	11121212	
1799	14	0	0	0	0	11121224	
1800	14	0	0	0	0	11121306	
1801	14	0	0	0	0	11121312	
1802	14	0	0	0	0	11121324	
1803	14	0	0	0	0	11121406	
1804	14	0	0	0	0	11121412	
1805	14	0	0	0	0	11121424	
1806	14	0	0	0	0	11121506	
1807	14	0	0	0	0	11121512	
1808	14	0	0	0	0	11121524	
1809	14	0	0	0	0	11121606	
1810	14	0	0	0	0	11121612	
1811	14	0	0	0	0	11121624	
1812	14	0	0	0	0	11121706	
1813	14	0	0	0	0	11121712	
1814	14	0	0	0	0	11121724	
1815	14	0	0	0	0	11121806	
1816	14	0	0	0	0	11121812	
1817	14	0	0	0	0	11121824	
1818	14	0	0	0	0	11121906	
1819	14	0	0	0	0	11121912	
1820	14	0	0	0	0	11121924	
1821	14	0	0	0	0	11122006	
1822	14	0	0	0	0	11122012	
1823	14	0	0	0	0	11122024	
1824	14	0	0	0	0	11122106	
1825	14	0	0	0	0	11122112	
1826	14	0	0	0	0	11122124	
1827	14	0	0	0	0	11122206	
1828	14	0	0	0	0	11122212	
1829	14	0	0	0	0	11122224	
1830	14	0	0	0	0	11122306	
1831	14	0	0	0	0	11122312	
1832	14	0	0	0	0	11122324	
1833	14	0	0	0	0	11122406	
1834	14	0	0	0	0	11122412	
1835	14	0	0	0	0	11122424	
1836	14	0	0	0	0	11122506	
1837	14	0	0	0	0	11122512	
1838	14	0	0	0	0	11122524	
1839	14	0	0	0	0	11122606	
1840	14	0	0	0	0	11122612	
1841	14	0	0	0	0	11122624	
1842	14	0	0	0	0	11122706	
1843	14	0	0	0	0	11122712	
1844	14	0	0	0	0	11122724	
1845	14	0	0	0	0	11122806	
1846	14	0	0	0	0	11122812	
1847	14	0	0	0	0	11122824	
1848	14	0	0	0	0	11122906	
1849	14	0	0	0	0	11122912	
1850	14	0	0	0	0	11122924	
1851	14	0	0	0	0	11123006	
1852	14	0	0	0	0	11123012	
1853	14	0	0	0	0	11123024	
1854	14	0	0	0	0	11123106	
1855	14	0	0	0	0	11123112	
1856	14	0	0	0	0	11123124	
1857	14	0	0	0	0	12010106	
1858	14	0	0	0	0	12010112	
1859	14	0	0	0	0	12010124	
1860	14	0	0	0	0	12010206	
1861	14	0	0	0	0	12010212	
1862	14	0	0	0	0	12010224	
1863	14	0	0	0	0	12010306	
1864	14	0	0	0	0	12010312	
1865	14	0	0	0	0	12010324	
1866	14	0	0	0	0	12010406	
1867	14	0	0	0	0	12010412	
1868	14	0	0	0	0	12010424	
1869	14	0	0	0	0	12010506	
1870	14	0	0	0	0	12010512	
1871	14	0	0	0	0	12010524	
1872	14	0	0	0	0	12010606	
1873	14	0	0	0	0	12010612	
1874	14	0	0	0	0	12010624	
1875	14	0	0	0	0	12010706	
1876	14	0	0	0	0	12010712	
1877	14	0	0	0	0	12010724	
1878	14	0	0	0	0	12010806	
1879	14	0	0	0	0	12010812	
1880	14	0	0	0	0	12010824	
1881	14	0	0	0	0	12010906	
1882	14	0	0	0	0	12010912	
1883	14	0	0	0	0	12010924	
1884	14	0	0	0	0	12011006	
1885	14	0	0	0	0	12011012	
1886	14	0	0	0	0	12011024	
1887	14	0	0	0	0	12011106	
1888	14	0	0	0	0	12011112	
1889	14	0	0	0	0	12011124	
1890	14	0	0	0	0	12011206	
1891	14	0	0	0	0	12011212	
1892	14	0	0	0	0	12011224	
1893	14	0	0	0	0	12011306	
1894	14	0	0	0	0	12011312	
1895	14	0	0	0	0	12011324	
1896	14	0	0	0	0	12011406	
1897	14	0	0	0	0	12011412	
1898	14	0	0	0	0	12011424	
1899	14	0	0	0	0	12011506	
1900	14	0	0	0	0	12011512	
1901	14	0	0	0	0	12011524	
1902	14	0	0	0	0	12011606	
1903	14	0	0	0	0	12011612	
1904	14	0	0	0	0	12011624	
1905	14	0	0	0	0	12011706	
1906	14	0	0	0	0	12011712	
1907	14	0	0	0	0	12011724	
1908	14	0	0	0	0	12011806	
1909	14	0	0	0	0	12011812	
1910	14	0	0	0	0	12011824	
1911	14	0	0	0	0	12011906	
1912	14	0	0	0	0	12011912	
1913	14	0	0	0	0	12011924	
1914	14	0	0	0	0	12012006	
1915	14	0	0	0	0	12012012	
1916	14	0	0	0	0	12012024	
1917	14	0	0	0	0	12012106	
1918	14	0	0	0	0	12012112	
1919	14	0	0	0	0	12012124	
1920	14	0	0	0	0	12012206	
1921	14	0	0	0	0	12012212	
1922	14	0	0	0	0	12012224	
1923	14	0	0	0	0	12012306	
1924	14	0	0	0	0	12012312	
1925	14	0	0	0	0	12012324	
1926	14	0	0	0	0	12012406	
1927	14	0	0	0	0	12012412	
1928	14	0	0	0	0	12012424	
1929	14	0	0	0	0	12012506	
1930	14	0	0	0	0	12012512	
1931	14	0	0	0	0	12012524	
1932	14	0	0	0	0	12012606	
1933	14	0	0	0	0	12012612	
1934	14	0	0	0	0	12012624	
1935	14	0	0	0	0	12012706	
1936	14	0	0	0	0	12012712	
1937	14	0	0	0	0	12012724	
1938	14	0	0	0	0	12012806	
1939	14	0	0	0	0	12012812	
1940	14	0	0	0	0	12012824	
1941	14	0	0	0	0	12012906	
1942	14	0	0	0	0	12012912	
1943	14	0	0	0	0	12012924	
1944	14	0	0	0	0	12013006	
1945	14	0	0	0	0	12013012	
1946	14	0	0	0	0	12013024	
1947	14	0	0	0	0	12013106	
1948	14	0	0	0	0	12013112	
1949	14	0	0	0	0	12013124	
1950	14	0	0	0	0	12020106	
1951	14	0	0	0	0	12020112	
1952	14	0	0	0	0	12020124	
1953	14	0	0	0	0	12020206	
1954	14	0	0	0	0	12020212	
1955	14	0	0	0	0	12020224	
1956	14	0	0	0	0	12020306	
1957	14	0	0	0	0	12020312	
1958	14	0	0	0	0	12020324	
1959	14	0	0	0	0	12020406	
1960	14	0	0	0	0	12020412	
1961	14	0	0	0	0	12020424	
1962	14	0	0	0	0	12020506	
1963	14	0	0	0	0	12020512	
1964	14	0	0	0	0	12020524	
1965	14	0	0	0	0	12020606	
1966	14	0	0	0	0	12020612	
1967	14	0	0	0	0	12020624	
1968	14	0	0	0	0	12020706	
1969	14	0	0	0	0	12020712	
1970	14	0	0	0	0	12020724	
1971	14	0	0	0	0	12020806	
1972	14	0	0	0	0	12020812	
1973	14	0	0	0	0	12020824	
1974	14	0	0	0	0	12020906	
1975	14	0	0	0	0	12020912	
1976	14	0	0	0	0	12020924	
1977	14	0	0	0	0	12021006	
1978	14	0	0	0	0	12021012	
1979	14	0	0	0	0	12021024	
1980	14	0	0	0	0	12021106	
1981	14	0	0	0	0	12021112	
1982	14	0	0	0	0	12021124	
1983	14	0	0	0	0	12021206	
1984	14	0	0	0	0	12021212	
1985	14	0	0	0	0	12021224	
1986	14	0	0	0	0	12021306	
1987	14	0	0	0	0	12021312	
1988	14	0	0	0	0	12021324	
1989	14	0	0	0	0	12021406	
1990	14	0	0	0	0	12021412	
1991	14	0	0	0	0	12021424	
1992	14	0	0	0	0	12021506	
1993	14	0	0	0	0	12021512	
1994	14	0	0	0	0	12021524	
1995	14	0	0	0	0	12021606	
1996	14	0	0	0	0	12021612	
1997	14	0	0	0	0	12021624	
1998	14	0	0	0	0	12021706	
1999	14	0	0	0	0	12021712	
2000	14	0	0	0	0	12021724	
2001	14	0	0	0	0	12021806	
2002	14	0	0	0	0	12021812	
2003	14	0	0	0	0	12021824	
2004	14	0	0	0	0	12021906	
2005	14	0	0	0	0	12021912	
2006	14	0	0	0	0	12021924	
2007	14	0	0	0	0	12022006	
2008	14	0	0	0	0	12022012	
2009	14	0	0	0	0	12022024	
2010	14	0	0	0	0	12022106	
2011	14	0	0	0	0	12022112	
2012	14	0	0	0	0	12022124	
2013	14	0	0	0	0	12022206	
2014	14	0	0	0	0	12022212	
2015	14	0	0	0	0	12022224	
2016	14	0	0	0	0	12022306	
2017	14	0	0	0	0	12022312	
2018	14	0	0	0	0	12022324	
2019	14	0	0	0	0	12022406	
2020	14	0	0	0	0	12022412	
2021	14	0	0	0	0	12022424	
2022	14	0	0	0	0	12022506	
2023	14	0	0	0	0	12022512	
2024	14	0	0	0	0	12022524	
2025	14	226492416	0.2109375	226492416	0.2109375	12022606	
2026	14	0	0	226492416	0.2109375	12022612	
2027	14	1048576	0.0009765625	227540992	0.2119140625	12022624	
2028	14	0	0.0009765625	227540992	0.2119140625	12022706	
2029	14	0	0.0009765625	227540992	0.2119140625	12022712	
2030	14	0	0.0009765625	227540992	0.2119140625	12022724	
2031	14	0	0.0009765625	227540992	0.2119140625	12022806	
2032	14	0	0.0009765625	227540992	0.2119140625	12022812	
2033	14	0	0.0009765625	227540992	0.2119140625	12022824	
2034	14	0	0.0009765625	227540992	0.2119140625	12022906	
2035	14	0	0.0009765625	227540992	0.2119140625	12022912	
2036	14	0	0.0009765625	227540992	0.2119140625	12022924	
2037	14	0	0.0009765625	227540992	0.2119140625	12030106	
2038	14	0	0.0009765625	227540992	0.2119140625	12030112	
2039	14	9437184	0.009765625	236978176	0.220703125	12030124	
2040	14	0	0.009765625	236978176	0.220703125	12030206	
2041	14	0	0.009765625	236978176	0.220703125	12030212	
2042	14	0	0.009765625	236978176	0.220703125	12030224	
2043	14	0	0.009765625	236978176	0.220703125	12030306	
2044	14	0	0.009765625	236978176	0.220703125	12030312	
2045	14	0	0.009765625	236978176	0.220703125	12030324	
2046	14	0	0.009765625	236978176	0.220703125	12030406	
2047	14	0	0.009765625	236978176	0.220703125	12030412	
2048	14	0	0.009765625	236978176	0.220703125	12030424	
2049	14	0	0.009765625	236978176	0.220703125	12030506	
2050	14	0	0.009765625	236978176	0.220703125	12030512	
2051	14	0	0.009765625	236978176	0.220703125	12030524	
2052	14	0	0.009765625	236978176	0.220703125	12030606	
2053	14	0	0.009765625	236978176	0.220703125	12030612	
2054	14	0	0.009765625	236978176	0.220703125	12030624	
2055	14	0	0.009765625	236978176	0.220703125	12030706	
2056	14	0	0.009765625	236978176	0.220703125	12030712	
2057	14	0	0.009765625	236978176	0.220703125	12030724	
2058	14	0	0.009765625	236978176	0.220703125	12030806	
2059	14	0	0.009765625	236978176	0.220703125	12030812	
2060	14	0	0.009765625	236978176	0.220703125	12030824	
2061	14	0	0.009765625	236978176	0.220703125	12030906	
2062	14	0	0.009765625	236978176	0.220703125	12030912	
2063	14	0	0.009765625	236978176	0.220703125	12030924	
2064	14	0	0.009765625	236978176	0.220703125	12031006	
2065	14	0	0.009765625	236978176	0.220703125	12031012	
2066	14	0	0.009765625	236978176	0.220703125	12031024	
2067	14	0	0.009765625	236978176	0.220703125	12031106	
2068	14	0	0.009765625	236978176	0.220703125	12031112	
2069	14	0	0.009765625	236978176	0.220703125	12031124	
2070	14	0	0.009765625	236978176	0.220703125	12031206	
2071	14	0	0.009765625	236978176	0.220703125	12031212	
2072	14	0	0.009765625	236978176	0.220703125	12031224	
2073	14	0	0.009765625	236978176	0.220703125	12031306	
2074	14	0	0.009765625	236978176	0.220703125	12031312	
2075	14	0	0.009765625	236978176	0.220703125	12031324	
2076	14	0	0.009765625	236978176	0.220703125	12031406	
2077	14	-2097152	0.0078125	234881024	0.21875	12031412	
2078	14	0	0.0078125	234881024	0.21875	12031424	
2079	14	0	0.0078125	234881024	0.21875	12031506	
2080	14	0	0.0078125	234881024	0.21875	12031512	
2081	14	0	0.0078125	234881024	0.21875	12031524	
2082	14	0	0.0078125	234881024	0.21875	12031606	
2083	14	0	0.0078125	234881024	0.21875	12031612	
2084	14	0	0.0078125	234881024	0.21875	12031624	
2085	14	0	0.0078125	234881024	0.21875	12031706	
2086	14	0	0.0078125	234881024	0.21875	12031712	
2087	14	0	0.0078125	234881024	0.21875	12031724	
2088	14	0	0.0078125	234881024	0.21875	12031806	
2089	14	0	0.0078125	234881024	0.21875	12031812	
2090	14	0	0.0078125	234881024	0.21875	12031824	
2091	14	0	0.0078125	234881024	0.21875	12031906	
2092	14	2097152	0.009765625	236978176	0.220703125	12031912	
2093	14	0	0.009765625	236978176	0.220703125	12031924	
2094	14	0	0.009765625	236978176	0.220703125	12032006	
2095	14	0	0.009765625	236978176	0.220703125	12032012	
2096	14	0	0.009765625	236978176	0.220703125	12032024	
2097	14	0	0.009765625	236978176	0.220703125	12032106	
2098	14	0	0.009765625	236978176	0.220703125	12032112	
2099	14	0	0.009765625	236978176	0.220703125	12032124	
2100	14	0	0.009765625	236978176	0.220703125	12032206	
2101	14	0	0.009765625	236978176	0.220703125	12032212	
2102	14	0	0.009765625	236978176	0.220703125	12032224	
2103	14	0	0.009765625	236978176	0.220703125	12032306	
2104	14	-1048576	0.0087890625	235929600	0.2197265625	12032312	
2105	14	0	0.0087890625	235929600	0.2197265625	12032324	
2106	14	0	0.0087890625	235929600	0.2197265625	12032406	
2107	14	0	0.0087890625	235929600	0.2197265625	12032412	
2108	14	0	0.0087890625	235929600	0.2197265625	12032424	
2109	14	0	0.0087890625	235929600	0.2197265625	12032506	
2110	14	0	0.0087890625	235929600	0.2197265625	12032512	
2111	14	0	0.0087890625	235929600	0.2197265625	12032524	
2112	14	0	0.0087890625	235929600	0.2197265625	12032606	
2113	14	0	0.0087890625	235929600	0.2197265625	12032612	
2114	14	0	0.0087890625	235929600	0.2197265625	12032624	
2115	14	0	0.0087890625	235929600	0.2197265625	12032706	
2116	14	0	0.0087890625	235929600	0.2197265625	12032712	
2117	14	0	0.0087890625	235929600	0.2197265625	12032724	
2118	14	0	0.0087890625	235929600	0.2197265625	12032806	
2119	14	0	0.0087890625	235929600	0.2197265625	12032812	
2120	14	0	0.0087890625	235929600	0.2197265625	12032824	
2121	14	0	0.0087890625	235929600	0.2197265625	12032906	
2122	14	0	0.0087890625	235929600	0.2197265625	12032912	
2123	14	0	0.0087890625	235929600	0.2197265625	12032924	
2124	14	0	0.0087890625	235929600	0.2197265625	12033006	
2125	14	0	0.0087890625	235929600	0.2197265625	12033012	
2126	14	0	0.0087890625	235929600	0.2197265625	12033024	
2127	14	0	0.0087890625	235929600	0.2197265625	12033106	
2128	14	0	0.0087890625	235929600	0.2197265625	12033112	
2129	14	0	0.0087890625	235929600	0.2197265625	12033124	
2130	14	0	0.0087890625	235929600	0.2197265625	12040106	
2131	14	0	0.0087890625	235929600	0.2197265625	12040112	
2132	14	0	0.0087890625	235929600	0.2197265625	12040124	
2133	14	0	0.0087890625	235929600	0.2197265625	12040206	
2134	14	0	0.0087890625	235929600	0.2197265625	12040212	
2135	14	0	0.0087890625	235929600	0.2197265625	12040224	
2136	14	0	0.0087890625	235929600	0.2197265625	12040306	
2137	14	0	0.0087890625	235929600	0.2197265625	12040312	
2138	14	0	0.0087890625	235929600	0.2197265625	12040324	
