0	9	0	0	0	0	10042206	
1	9	0	0	0	0	10042212	
2	9	0	0	0	0	10042224	
3	9	0	0	0	0	10042306	
4	9	0	0	0	0	10042312	
5	9	0	0	0	0	10042324	
6	9	0	0	0	0	10042406	
7	9	0	0	0	0	10042412	
8	9	0	0	0	0	10042424	
9	9	0	0	0	0	10042506	
10	9	0	0	0	0	10042512	
11	9	0	0	0	0	10042524	
12	9	0	0	0	0	10042606	
13	9	0	0	0	0	10042612	
14	9	0	0	0	0	10042624	
15	9	0	0	0	0	10042706	
16	9	0	0	0	0	10042712	
17	9	0	0	0	0	10042724	
18	9	0	0	0	0	10042806	
19	9	0	0	0	0	10042812	
20	9	0	0	0	0	10042824	
21	9	0	0	0	0	10042906	
22	9	0	0	0	0	10042912	
23	9	0	0	0	0	10042924	
24	9	0	0	0	0	10043006	
25	9	0	0	0	0	10043012	
26	9	0	0	0	0	10043024	
27	9	0	0	0	0	10050106	
28	9	0	0	0	0	10050112	
29	9	0	0	0	0	10050124	
30	9	0	0	0	0	10050206	
31	9	0	0	0	0	10050212	
32	9	0	0	0	0	10050224	
33	9	0	0	0	0	10050306	
34	9	0	0	0	0	10050312	
35	9	0	0	0	0	10050324	
36	9	0	0	0	0	10050406	
37	9	0	0	0	0	10050412	
38	9	0	0	0	0	10050424	
39	9	0	0	0	0	10050506	
40	9	0	0	0	0	10050512	
41	9	0	0	0	0	10050524	
42	9	0	0	0	0	10050606	
43	9	0	0	0	0	10050612	
44	9	0	0	0	0	10050624	
45	9	0	0	0	0	10050706	
46	9	0	0	0	0	10050712	
47	9	0	0	0	0	10050724	
48	9	0	0	0	0	10050806	
49	9	0	0	0	0	10050812	
50	9	0	0	0	0	10050824	
51	9	0	0	0	0	10050906	
52	9	0	0	0	0	10050912	
53	9	0	0	0	0	10050924	
54	9	0	0	0	0	10051006	
55	9	0	0	0	0	10051012	
56	9	0	0	0	0	10051024	
57	9	0	0	0	0	10051106	
58	9	0	0	0	0	10051112	
59	9	0	0	0	0	10051124	
60	9	0	0	0	0	10051206	
61	9	0	0	0	0	10051212	
62	9	0	0	0	0	10051224	
63	9	0	0	0	0	10051306	
64	9	0	0	0	0	10051312	
65	9	0	0	0	0	10051324	
66	9	0	0	0	0	10051406	
67	9	0	0	0	0	10051412	
68	9	0	0	0	0	10051424	
69	9	0	0	0	0	10051506	
70	9	0	0	0	0	10051512	
71	9	0	0	0	0	10051524	
72	9	0	0	0	0	10051606	
73	9	0	0	0	0	10051612	
74	9	0	0	0	0	10051624	
75	9	0	0	0	0	10051706	
76	9	0	0	0	0	10051712	
77	9	0	0	0	0	10051724	
78	9	0	0	0	0	10051806	
79	9	0	0	0	0	10051812	
80	9	0	0	0	0	10051824	
81	9	0	0	0	0	10051906	
82	9	0	0	0	0	10051912	
83	9	0	0	0	0	10051924	
84	9	0	0	0	0	10052006	
85	9	0	0	0	0	10052012	
86	9	0	0	0	0	10052024	
87	9	0	0	0	0	10052106	
88	9	0	0	0	0	10052112	
89	9	0	0	0	0	10052124	
90	9	0	0	0	0	10052206	
91	9	0	0	0	0	10052212	
92	9	0	0	0	0	10052224	
93	9	0	0	0	0	10052306	
94	9	0	0	0	0	10052312	
95	9	0	0	0	0	10052324	
96	9	0	0	0	0	10052406	
97	9	0	0	0	0	10052412	
98	9	0	0	0	0	10052424	
99	9	0	0	0	0	10052506	
100	9	0	0	0	0	10052512	
101	9	0	0	0	0	10052524	
102	9	0	0	0	0	10052606	
103	9	0	0	0	0	10052612	
104	9	0	0	0	0	10052624	
105	9	0	0	0	0	10052706	
106	9	0	0	0	0	10052712	
107	9	0	0	0	0	10052724	
108	9	0	0	0	0	10052806	
109	9	0	0	0	0	10052812	
110	9	0	0	0	0	10052824	
111	9	0	0	0	0	10052906	
112	9	0	0	0	0	10052912	
113	9	0	0	0	0	10052924	
114	9	0	0	0	0	10053006	
115	9	0	0	0	0	10053012	
116	9	0	0	0	0	10053024	
117	9	0	0	0	0	10053106	
118	9	0	0	0	0	10053112	
119	9	0	0	0	0	10053124	
120	9	0	0	0	0	10060106	
121	9	0	0	0	0	10060112	
122	9	0	0	0	0	10060124	
123	9	0	0	0	0	10060206	
124	9	0	0	0	0	10060212	
125	9	0	0	0	0	10060224	
126	9	0	0	0	0	10060306	
127	9	0	0	0	0	10060312	
128	9	0	0	0	0	10060324	
129	9	0	0	0	0	10060406	
130	9	0	0	0	0	10060412	
131	9	0	0	0	0	10060424	
132	9	0	0	0	0	10060506	
133	9	0	0	0	0	10060512	
134	9	0	0	0	0	10060524	
135	9	0	0	0	0	10060606	
136	9	0	0	0	0	10060612	
137	9	0	0	0	0	10060624	
138	9	0	0	0	0	10060706	
139	9	0	0	0	0	10060712	
140	9	0	0	0	0	10060724	
141	9	0	0	0	0	10060806	
142	9	0	0	0	0	10060812	
143	9	0	0	0	0	10060824	
144	9	0	0	0	0	10060906	
145	9	0	0	0	0	10060912	
146	9	0	0	0	0	10060924	
147	9	0	0	0	0	10061006	
148	9	0	0	0	0	10061012	
149	9	0	0	0	0	10061024	
150	9	0	0	0	0	10061106	
151	9	0	0	0	0	10061112	
152	9	0	0	0	0	10061124	
153	9	0	0	0	0	10061206	
154	9	0	0	0	0	10061212	
155	9	0	0	0	0	10061224	
156	9	0	0	0	0	10061306	
157	9	0	0	0	0	10061312	
158	9	0	0	0	0	10061324	
159	9	0	0	0	0	10061406	
160	9	0	0	0	0	10061412	
161	9	0	0	0	0	10061424	
162	9	0	0	0	0	10061506	
163	9	0	0	0	0	10061512	
164	9	0	0	0	0	10061524	
165	9	0	0	0	0	10061606	
166	9	0	0	0	0	10061612	
167	9	0	0	0	0	10061624	
168	9	0	0	0	0	10061706	
169	9	0	0	0	0	10061712	
170	9	0	0	0	0	10061724	
171	9	0	0	0	0	10061806	
172	9	0	0	0	0	10061812	
173	9	0	0	0	0	10061824	
174	9	0	0	0	0	10061906	
175	9	0	0	0	0	10061912	
176	9	0	0	0	0	10061924	
177	9	0	0	0	0	10062006	
178	9	0	0	0	0	10062012	
179	9	0	0	0	0	10062024	
180	9	0	0	0	0	10062106	
181	9	0	0	0	0	10062112	
182	9	0	0	0	0	10062124	
183	9	0	0	0	0	10062206	
184	9	0	0	0	0	10062212	
185	9	0	0	0	0	10062224	
186	9	0	0	0	0	10062306	
187	9	0	0	0	0	10062312	
188	9	0	0	0	0	10062324	
189	9	0	0	0	0	10062406	
190	9	0	0	0	0	10062412	
191	9	0	0	0	0	10062424	
192	9	0	0	0	0	10062506	
193	9	0	0	0	0	10062512	
194	9	0	0	0	0	10062524	
195	9	0	0	0	0	10062606	
196	9	0	0	0	0	10062612	
197	9	0	0	0	0	10062624	
198	9	0	0	0	0	10062706	
199	9	0	0	0	0	10062712	
200	9	0	0	0	0	10062724	
201	9	0	0	0	0	10062806	
202	9	0	0	0	0	10062812	
203	9	0	0	0	0	10062824	
204	9	0	0	0	0	10062906	
205	9	0	0	0	0	10062912	
206	9	0	0	0	0	10062924	
207	9	0	0	0	0	10063006	
208	9	0	0	0	0	10063012	
209	9	0	0	0	0	10063024	
210	9	0	0	0	0	10070106	
211	9	0	0	0	0	10070112	
212	9	0	0	0	0	10070124	
213	9	0	0	0	0	10070206	
214	9	0	0	0	0	10070212	
215	9	0	0	0	0	10070224	
216	9	0	0	0	0	10070306	
217	9	0	0	0	0	10070312	
218	9	0	0	0	0	10070324	
219	9	0	0	0	0	10070406	
220	9	0	0	0	0	10070412	
221	9	0	0	0	0	10070424	
222	9	0	0	0	0	10070506	
223	9	0	0	0	0	10070512	
224	9	0	0	0	0	10070524	
225	9	0	0	0	0	10070606	
226	9	0	0	0	0	10070612	
227	9	0	0	0	0	10070624	
228	9	0	0	0	0	10070706	
229	9	0	0	0	0	10070712	
230	9	0	0	0	0	10070724	
231	9	0	0	0	0	10070806	
232	9	0	0	0	0	10070812	
233	9	0	0	0	0	10070824	
234	9	0	0	0	0	10070906	
235	9	0	0	0	0	10070912	
236	9	0	0	0	0	10070924	
237	9	0	0	0	0	10071006	
238	9	0	0	0	0	10071012	
239	9	0	0	0	0	10071024	
240	9	0	0	0	0	10071106	
241	9	0	0	0	0	10071112	
242	9	0	0	0	0	10071124	
243	9	0	0	0	0	10071206	
244	9	0	0	0	0	10071212	
245	9	0	0	0	0	10071224	
246	9	0	0	0	0	10071306	
247	9	0	0	0	0	10071312	
248	9	0	0	0	0	10071324	
249	9	0	0	0	0	10071406	
250	9	0	0	0	0	10071412	
251	9	0	0	0	0	10071424	
252	9	0	0	0	0	10071506	
253	9	0	0	0	0	10071512	
254	9	0	0	0	0	10071524	
255	9	0	0	0	0	10071606	
256	9	0	0	0	0	10071612	
257	9	0	0	0	0	10071624	
258	9	0	0	0	0	10071706	
259	9	0	0	0	0	10071712	
260	9	0	0	0	0	10071724	
261	9	0	0	0	0	10071806	
262	9	0	0	0	0	10071812	
263	9	0	0	0	0	10071824	
264	9	0	0	0	0	10071906	
265	9	0	0	0	0	10071912	
266	9	0	0	0	0	10071924	
267	9	0	0	0	0	10072006	
268	9	0	0	0	0	10072012	
269	9	0	0	0	0	10072024	
270	9	0	0	0	0	10072106	
271	9	0	0	0	0	10072112	
272	9	0	0	0	0	10072124	
273	9	0	0	0	0	10072206	
274	9	0	0	0	0	10072212	
275	9	0	0	0	0	10072224	
276	9	0	0	0	0	10072306	
277	9	0	0	0	0	10072312	
278	9	0	0	0	0	10072324	
279	9	0	0	0	0	10072406	
280	9	0	0	0	0	10072412	
281	9	0	0	0	0	10072424	
282	9	0	0	0	0	10072506	
283	9	0	0	0	0	10072512	
284	9	0	0	0	0	10072524	
285	9	0	0	0	0	10072606	
286	9	0	0	0	0	10072612	
287	9	0	0	0	0	10072624	
288	9	0	0	0	0	10072706	
289	9	0	0	0	0	10072712	
290	9	0	0	0	0	10072724	
291	9	0	0	0	0	10072806	
292	9	0	0	0	0	10072812	
293	9	0	0	0	0	10072824	
294	9	0	0	0	0	10072906	
295	9	0	0	0	0	10072912	
296	9	0	0	0	0	10072924	
297	9	0	0	0	0	10073006	
298	9	0	0	0	0	10073012	
299	9	0	0	0	0	10073024	
300	9	0	0	0	0	10073106	
301	9	0	0	0	0	10073112	
302	9	0	0	0	0	10073124	
303	9	0	0	0	0	10080106	
304	9	0	0	0	0	10080112	
305	9	0	0	0	0	10080124	
306	9	0	0	0	0	10080206	
307	9	0	0	0	0	10080212	
308	9	0	0	0	0	10080224	
309	9	0	0	0	0	10080306	
310	9	0	0	0	0	10080312	
311	9	0	0	0	0	10080324	
312	9	0	0	0	0	10080406	
313	9	0	0	0	0	10080412	
314	9	0	0	0	0	10080424	
315	9	0	0	0	0	10080506	
316	9	0	0	0	0	10080512	
317	9	0	0	0	0	10080524	
318	9	0	0	0	0	10080606	
319	9	0	0	0	0	10080612	
320	9	0	0	0	0	10080624	
321	9	0	0	0	0	10080706	
322	9	0	0	0	0	10080712	
323	9	0	0	0	0	10080724	
324	9	0	0	0	0	10080806	
325	9	0	0	0	0	10080812	
326	9	0	0	0	0	10080824	
327	9	0	0	0	0	10080906	
328	9	0	0	0	0	10080912	
329	9	0	0	0	0	10080924	
330	9	0	0	0	0	10081006	
331	9	0	0	0	0	10081012	
332	9	0	0	0	0	10081024	
333	9	0	0	0	0	10081106	
334	9	0	0	0	0	10081112	
335	9	0	0	0	0	10081124	
336	9	0	0	0	0	10081206	
337	9	0	0	0	0	10081212	
338	9	0	0	0	0	10081224	
339	9	0	0	0	0	10081306	
340	9	0	0	0	0	10081312	
341	9	0	0	0	0	10081324	
342	9	0	0	0	0	10081406	
343	9	0	0	0	0	10081412	
344	9	0	0	0	0	10081424	
345	9	0	0	0	0	10081506	
346	9	0	0	0	0	10081512	
347	9	0	0	0	0	10081524	
348	9	0	0	0	0	10081606	
349	9	0	0	0	0	10081612	
350	9	0	0	0	0	10081624	
351	9	0	0	0	0	10081706	
352	9	0	0	0	0	10081712	
353	9	0	0	0	0	10081724	
354	9	0	0	0	0	10081806	
355	9	0	0	0	0	10081812	
356	9	0	0	0	0	10081824	
357	9	0	0	0	0	10081906	
358	9	0	0	0	0	10081912	
359	9	0	0	0	0	10081924	
360	9	0	0	0	0	10082006	
361	9	0	0	0	0	10082012	
362	9	0	0	0	0	10082024	
363	9	0	0	0	0	10082106	
364	9	0	0	0	0	10082112	
365	9	0	0	0	0	10082124	
366	9	0	0	0	0	10082206	
367	9	0	0	0	0	10082212	
368	9	0	0	0	0	10082224	
369	9	0	0	0	0	10082306	
370	9	0	0	0	0	10082312	
371	9	0	0	0	0	10082324	
372	9	0	0	0	0	10082406	
373	9	0	0	0	0	10082412	
374	9	0	0	0	0	10082424	
375	9	0	0	0	0	10082506	
376	9	0	0	0	0	10082512	
377	9	0	0	0	0	10082524	
378	9	0	0	0	0	10082606	
379	9	0	0	0	0	10082612	
380	9	0	0	0	0	10082624	
381	9	0	0	0	0	10082706	
382	9	0	0	0	0	10082712	
383	9	0	0	0	0	10082724	
384	9	0	0	0	0	10082806	
385	9	0	0	0	0	10082812	
386	9	0	0	0	0	10082824	
387	9	0	0	0	0	10082906	
388	9	0	0	0	0	10082912	
389	9	0	0	0	0	10082924	
390	9	0	0	0	0	10083006	
391	9	0	0	0	0	10083012	
392	9	0	0	0	0	10083024	
393	9	0	0	0	0	10083106	
394	9	0	0	0	0	10083112	
395	9	0	0	0	0	10083124	
396	9	0	0	0	0	10090106	
397	9	0	0	0	0	10090112	
398	9	0	0	0	0	10090124	
399	9	0	0	0	0	10090206	
400	9	0	0	0	0	10090212	
401	9	0	0	0	0	10090224	
402	9	0	0	0	0	10090306	
403	9	0	0	0	0	10090312	
404	9	0	0	0	0	10090324	
405	9	0	0	0	0	10090406	
406	9	0	0	0	0	10090412	
407	9	0	0	0	0	10090424	
408	9	0	0	0	0	10090506	
409	9	0	0	0	0	10090512	
410	9	0	0	0	0	10090524	
411	9	0	0	0	0	10090606	
412	9	0	0	0	0	10090612	
413	9	0	0	0	0	10090624	
414	9	0	0	0	0	10090706	
415	9	0	0	0	0	10090712	
416	9	0	0	0	0	10090724	
417	9	0	0	0	0	10090806	
418	9	0	0	0	0	10090812	
419	9	0	0	0	0	10090824	
420	9	0	0	0	0	10090906	
421	9	0	0	0	0	10090912	
422	9	0	0	0	0	10090924	
423	9	0	0	0	0	10091006	
424	9	0	0	0	0	10091012	
425	9	0	0	0	0	10091024	
426	9	0	0	0	0	10091106	
427	9	0	0	0	0	10091112	
428	9	0	0	0	0	10091124	
429	9	0	0	0	0	10091206	
430	9	0	0	0	0	10091212	
431	9	0	0	0	0	10091224	
432	9	0	0	0	0	10091306	
433	9	0	0	0	0	10091312	
434	9	0	0	0	0	10091324	
435	9	0	0	0	0	10091406	
436	9	0	0	0	0	10091412	
437	9	0	0	0	0	10091424	
438	9	0	0	0	0	10091506	
439	9	0	0	0	0	10091512	
440	9	0	0	0	0	10091524	
441	9	0	0	0	0	10091606	
442	9	0	0	0	0	10091612	
443	9	0	0	0	0	10091624	
444	9	0	0	0	0	10091706	
445	9	0	0	0	0	10091712	
446	9	0	0	0	0	10091724	
447	9	0	0	0	0	10091806	
448	9	0	0	0	0	10091812	
449	9	0	0	0	0	10091824	
450	9	0	0	0	0	10091906	
451	9	0	0	0	0	10091912	
452	9	0	0	0	0	10091924	
453	9	0	0	0	0	10092006	
454	9	0	0	0	0	10092012	
455	9	0	0	0	0	10092024	
456	9	0	0	0	0	10092106	
457	9	0	0	0	0	10092112	
458	9	0	0	0	0	10092124	
459	9	0	0	0	0	10092206	
460	9	0	0	0	0	10092212	
461	9	0	0	0	0	10092224	
462	9	0	0	0	0	10092306	
463	9	0	0	0	0	10092312	
464	9	0	0	0	0	10092324	
465	9	0	0	0	0	10092406	
466	9	0	0	0	0	10092412	
467	9	0	0	0	0	10092424	
468	9	0	0	0	0	10092506	
469	9	0	0	0	0	10092512	
470	9	0	0	0	0	10092524	
471	9	0	0	0	0	10092606	
472	9	0	0	0	0	10092612	
473	9	0	0	0	0	10092624	
474	9	0	0	0	0	10092706	
475	9	0	0	0	0	10092712	
476	9	0	0	0	0	10092724	
477	9	0	0	0	0	10092806	
478	9	0	0	0	0	10092812	
479	9	0	0	0	0	10092824	
480	9	0	0	0	0	10092906	
481	9	0	0	0	0	10092912	
482	9	0	0	0	0	10092924	
483	9	0	0	0	0	10093006	
484	9	0	0	0	0	10093012	
485	9	0	0	0	0	10093024	
486	9	0	0	0	0	10100106	
487	9	0	0	0	0	10100112	
488	9	0	0	0	0	10100124	
489	9	0	0	0	0	10100206	
490	9	0	0	0	0	10100212	
491	9	0	0	0	0	10100224	
492	9	0	0	0	0	10100306	
493	9	0	0	0	0	10100312	
494	9	0	0	0	0	10100324	
495	9	0	0	0	0	10100406	
496	9	0	0	0	0	10100412	
497	9	0	0	0	0	10100424	
498	9	0	0	0	0	10100506	
499	9	0	0	0	0	10100512	
500	9	0	0	0	0	10100524	
501	9	0	0	0	0	10100606	
502	9	0	0	0	0	10100612	
503	9	0	0	0	0	10100624	
504	9	0	0	0	0	10100706	
505	9	0	0	0	0	10100712	
506	9	0	0	0	0	10100724	
507	9	0	0	0	0	10100806	
508	9	0	0	0	0	10100812	
509	9	0	0	0	0	10100824	
510	9	0	0	0	0	10100906	
511	9	0	0	0	0	10100912	
512	9	0	0	0	0	10100924	
513	9	0	0	0	0	10101006	
514	9	0	0	0	0	10101012	
515	9	0	0	0	0	10101024	
516	9	0	0	0	0	10101106	
517	9	0	0	0	0	10101112	
518	9	0	0	0	0	10101124	
519	9	0	0	0	0	10101206	
520	9	0	0	0	0	10101212	
521	9	0	0	0	0	10101224	
522	9	0	0	0	0	10101306	
523	9	0	0	0	0	10101312	
524	9	0	0	0	0	10101324	
525	9	0	0	0	0	10101406	
526	9	0	0	0	0	10101412	
527	9	0	0	0	0	10101424	
528	9	0	0	0	0	10101506	
529	9	0	0	0	0	10101512	
530	9	0	0	0	0	10101524	
531	9	0	0	0	0	10101606	
532	9	0	0	0	0	10101612	
533	9	0	0	0	0	10101624	
534	9	0	0	0	0	10101706	
535	9	0	0	0	0	10101712	
536	9	0	0	0	0	10101724	
537	9	0	0	0	0	10101806	
538	9	0	0	0	0	10101812	
539	9	0	0	0	0	10101824	
540	9	0	0	0	0	10101906	
541	9	0	0	0	0	10101912	
542	9	0	0	0	0	10101924	
543	9	0	0	0	0	10102006	
544	9	0	0	0	0	10102012	
545	9	0	0	0	0	10102024	
546	9	0	0	0	0	10102106	
547	9	0	0	0	0	10102112	
548	9	0	0	0	0	10102124	
549	9	0	0	0	0	10102206	
550	9	0	0	0	0	10102212	
551	9	0	0	0	0	10102224	
552	9	0	0	0	0	10102306	
553	9	0	0	0	0	10102312	
554	9	0	0	0	0	10102324	
555	9	0	0	0	0	10102406	
556	9	0	0	0	0	10102412	
557	9	0	0	0	0	10102424	
558	9	0	0	0	0	10102506	
559	9	0	0	0	0	10102512	
560	9	0	0	0	0	10102524	
561	9	0	0	0	0	10102606	
562	9	0	0	0	0	10102612	
563	9	0	0	0	0	10102624	
564	9	0	0	0	0	10102706	
565	9	0	0	0	0	10102712	
566	9	0	0	0	0	10102724	
567	9	0	0	0	0	10102806	
568	9	0	0	0	0	10102812	
569	9	0	0	0	0	10102824	
570	9	0	0	0	0	10102906	
571	9	0	0	0	0	10102912	
572	9	0	0	0	0	10102924	
573	9	0	0	0	0	10103006	
574	9	0	0	0	0	10103012	
575	9	0	0	0	0	10103024	
576	9	0	0	0	0	10103106	
577	9	0	0	0	0	10103112	
578	9	0	0	0	0	10103124	
579	9	0	0	0	0	10110106	
580	9	0	0	0	0	10110112	
581	9	0	0	0	0	10110124	
582	9	0	0	0	0	10110206	
583	9	0	0	0	0	10110212	
584	9	0	0	0	0	10110224	
585	9	0	0	0	0	10110306	
586	9	0	0	0	0	10110312	
587	9	0	0	0	0	10110324	
588	9	0	0	0	0	10110406	
589	9	0	0	0	0	10110412	
590	9	0	0	0	0	10110424	
591	9	0	0	0	0	10110506	
592	9	0	0	0	0	10110512	
593	9	0	0	0	0	10110524	
594	9	0	0	0	0	10110606	
595	9	0	0	0	0	10110612	
596	9	0	0	0	0	10110624	
597	9	0	0	0	0	10110706	
598	9	0	0	0	0	10110712	
599	9	0	0	0	0	10110724	
600	9	0	0	0	0	10110806	
601	9	0	0	0	0	10110812	
602	9	0	0	0	0	10110824	
603	9	0	0	0	0	10110906	
604	9	0	0	0	0	10110912	
605	9	0	0	0	0	10110924	
606	9	0	0	0	0	10111006	
607	9	0	0	0	0	10111012	
608	9	0	0	0	0	10111024	
609	9	0	0	0	0	10111106	
610	9	0	0	0	0	10111112	
611	9	0	0	0	0	10111124	
612	9	0	0	0	0	10111206	
613	9	0	0	0	0	10111212	
614	9	0	0	0	0	10111224	
615	9	0	0	0	0	10111306	
616	9	0	0	0	0	10111312	
617	9	0	0	0	0	10111324	
618	9	0	0	0	0	10111406	
619	9	0	0	0	0	10111412	
620	9	0	0	0	0	10111424	
621	9	0	0	0	0	10111506	
622	9	0	0	0	0	10111512	
623	9	0	0	0	0	10111524	
624	9	0	0	0	0	10111606	
625	9	0	0	0	0	10111612	
626	9	0	0	0	0	10111624	
627	9	0	0	0	0	10111706	
628	9	0	0	0	0	10111712	
629	9	0	0	0	0	10111724	
630	9	0	0	0	0	10111806	
631	9	0	0	0	0	10111812	
632	9	0	0	0	0	10111824	
633	9	0	0	0	0	10111906	
634	9	0	0	0	0	10111912	
635	9	0	0	0	0	10111924	
636	9	0	0	0	0	10112006	
637	9	0	0	0	0	10112012	
638	9	0	0	0	0	10112024	
639	9	0	0	0	0	10112106	
640	9	0	0	0	0	10112112	
641	9	0	0	0	0	10112124	
642	9	0	0	0	0	10112206	
643	9	0	0	0	0	10112212	
644	9	0	0	0	0	10112224	
645	9	0	0	0	0	10112306	
646	9	0	0	0	0	10112312	
647	9	0	0	0	0	10112324	
648	9	0	0	0	0	10112406	
649	9	0	0	0	0	10112412	
650	9	0	0	0	0	10112424	
651	9	0	0	0	0	10112506	
652	9	0	0	0	0	10112512	
653	9	0	0	0	0	10112524	
654	9	0	0	0	0	10112606	
655	9	0	0	0	0	10112612	
656	9	0	0	0	0	10112624	
657	9	0	0	0	0	10112706	
658	9	0	0	0	0	10112712	
659	9	0	0	0	0	10112724	
660	9	0	0	0	0	10112806	
661	9	0	0	0	0	10112812	
662	9	0	0	0	0	10112824	
663	9	0	0	0	0	10112906	
664	9	0	0	0	0	10112912	
665	9	0	0	0	0	10112924	
666	9	0	0	0	0	10113006	
667	9	0	0	0	0	10113012	
668	9	0	0	0	0	10113024	
669	9	0	0	0	0	10120106	
670	9	0	0	0	0	10120112	
671	9	0	0	0	0	10120124	
672	9	0	0	0	0	10120206	
673	9	0	0	0	0	10120212	
674	9	0	0	0	0	10120224	
675	9	0	0	0	0	10120306	
676	9	0	0	0	0	10120312	
677	9	0	0	0	0	10120324	
678	9	0	0	0	0	10120406	
679	9	0	0	0	0	10120412	
680	9	0	0	0	0	10120424	
681	9	0	0	0	0	10120506	
682	9	0	0	0	0	10120512	
683	9	0	0	0	0	10120524	
684	9	0	0	0	0	10120606	
685	9	0	0	0	0	10120612	
686	9	0	0	0	0	10120624	
687	9	0	0	0	0	10120706	
688	9	0	0	0	0	10120712	
689	9	0	0	0	0	10120724	
690	9	0	0	0	0	10120806	
691	9	0	0	0	0	10120812	
692	9	0	0	0	0	10120824	
693	9	0	0	0	0	10120906	
694	9	0	0	0	0	10120912	
695	9	0	0	0	0	10120924	
696	9	0	0	0	0	10121006	
697	9	0	0	0	0	10121012	
698	9	0	0	0	0	10121024	
699	9	0	0	0	0	10121106	
700	9	0	0	0	0	10121112	
701	9	0	0	0	0	10121124	
702	9	0	0	0	0	10121206	
703	9	0	0	0	0	10121212	
704	9	0	0	0	0	10121224	
705	9	0	0	0	0	10121306	
706	9	0	0	0	0	10121312	
707	9	0	0	0	0	10121324	
708	9	0	0	0	0	10121406	
709	9	0	0	0	0	10121412	
710	9	0	0	0	0	10121424	
711	9	0	0	0	0	10121506	
712	9	0	0	0	0	10121512	
713	9	0	0	0	0	10121524	
714	9	0	0	0	0	10121606	
715	9	0	0	0	0	10121612	
716	9	0	0	0	0	10121624	
717	9	0	0	0	0	10121706	
718	9	0	0	0	0	10121712	
719	9	0	0	0	0	10121724	
720	9	0	0	0	0	10121806	
721	9	0	0	0	0	10121812	
722	9	0	0	0	0	10121824	
723	9	0	0	0	0	10121906	
724	9	0	0	0	0	10121912	
725	9	0	0	0	0	10121924	
726	9	0	0	0	0	10122006	
727	9	0	0	0	0	10122012	
728	9	0	0	0	0	10122024	
729	9	0	0	0	0	10122106	
730	9	0	0	0	0	10122112	
731	9	0	0	0	0	10122124	
732	9	0	0	0	0	10122206	
733	9	0	0	0	0	10122212	
734	9	0	0	0	0	10122224	
735	9	0	0	0	0	10122306	
736	9	0	0	0	0	10122312	
737	9	0	0	0	0	10122324	
738	9	0	0	0	0	10122406	
739	9	0	0	0	0	10122412	
740	9	0	0	0	0	10122424	
741	9	0	0	0	0	10122506	
742	9	0	0	0	0	10122512	
743	9	0	0	0	0	10122524	
744	9	0	0	0	0	10122606	
745	9	0	0	0	0	10122612	
746	9	0	0	0	0	10122624	
747	9	0	0	0	0	10122706	
748	9	0	0	0	0	10122712	
749	9	0	0	0	0	10122724	
750	9	0	0	0	0	10122806	
751	9	0	0	0	0	10122812	
752	9	0	0	0	0	10122824	
753	9	0	0	0	0	10122906	
754	9	0	0	0	0	10122912	
755	9	0	0	0	0	10122924	
756	9	0	0	0	0	10123006	
757	9	0	0	0	0	10123012	
758	9	0	0	0	0	10123024	
759	9	0	0	0	0	10123106	
760	9	0	0	0	0	10123112	
761	9	0	0	0	0	10123124	
762	9	0	0	0	0	11010106	
763	9	0	0	0	0	11010112	
764	9	0	0	0	0	11010124	
765	9	0	0	0	0	11010206	
766	9	0	0	0	0	11010212	
767	9	0	0	0	0	11010224	
768	9	0	0	0	0	11010306	
769	9	0	0	0	0	11010312	
770	9	0	0	0	0	11010324	
771	9	0	0	0	0	11010406	
772	9	0	0	0	0	11010412	
773	9	0	0	0	0	11010424	
774	9	0	0	0	0	11010506	
775	9	0	0	0	0	11010512	
776	9	0	0	0	0	11010524	
777	9	0	0	0	0	11010606	
778	9	0	0	0	0	11010612	
779	9	0	0	0	0	11010624	
780	9	0	0	0	0	11010706	
781	9	0	0	0	0	11010712	
782	9	0	0	0	0	11010724	
783	9	0	0	0	0	11010806	
784	9	0	0	0	0	11010812	
785	9	0	0	0	0	11010824	
786	9	0	0	0	0	11010906	
787	9	0	0	0	0	11010912	
788	9	0	0	0	0	11010924	
789	9	0	0	0	0	11011006	
790	9	0	0	0	0	11011012	
791	9	0	0	0	0	11011024	
792	9	0	0	0	0	11011106	
793	9	0	0	0	0	11011112	
794	9	0	0	0	0	11011124	
795	9	0	0	0	0	11011206	
796	9	0	0	0	0	11011212	
797	9	0	0	0	0	11011224	
798	9	0	0	0	0	11011306	
799	9	0	0	0	0	11011312	
800	9	0	0	0	0	11011324	
801	9	0	0	0	0	11011406	
802	9	0	0	0	0	11011412	
803	9	0	0	0	0	11011424	
804	9	0	0	0	0	11011506	
805	9	0	0	0	0	11011512	
806	9	0	0	0	0	11011524	
807	9	0	0	0	0	11011606	
808	9	0	0	0	0	11011612	
809	9	0	0	0	0	11011624	
810	9	0	0	0	0	11011706	
811	9	0	0	0	0	11011712	
812	9	0	0	0	0	11011724	
813	9	0	0	0	0	11011806	
814	9	0	0	0	0	11011812	
815	9	0	0	0	0	11011824	
816	9	0	0	0	0	11011906	
817	9	0	0	0	0	11011912	
818	9	0	0	0	0	11011924	
819	9	0	0	0	0	11012006	
820	9	0	0	0	0	11012012	
821	9	0	0	0	0	11012024	
822	9	0	0	0	0	11012106	
823	9	0	0	0	0	11012112	
824	9	0	0	0	0	11012124	
825	9	0	0	0	0	11012206	
826	9	0	0	0	0	11012212	
827	9	0	0	0	0	11012224	
828	9	0	0	0	0	11012306	
829	9	0	0	0	0	11012312	
830	9	0	0	0	0	11012324	
831	9	0	0	0	0	11012406	
832	9	0	0	0	0	11012412	
833	9	0	0	0	0	11012424	
834	9	0	0	0	0	11012506	
835	9	0	0	0	0	11012512	
836	9	0	0	0	0	11012524	
837	9	0	0	0	0	11012606	
838	9	0	0	0	0	11012612	
839	9	0	0	0	0	11012624	
840	9	0	0	0	0	11012706	
841	9	0	0	0	0	11012712	
842	9	0	0	0	0	11012724	
843	9	0	0	0	0	11012806	
844	9	0	0	0	0	11012812	
845	9	0	0	0	0	11012824	
846	9	0	0	0	0	11012906	
847	9	0	0	0	0	11012912	
848	9	0	0	0	0	11012924	
849	9	0	0	0	0	11013006	
850	9	0	0	0	0	11013012	
851	9	0	0	0	0	11013024	
852	9	0	0	0	0	11013106	
853	9	0	0	0	0	11013112	
854	9	0	0	0	0	11013124	
855	9	0	0	0	0	11020106	
856	9	0	0	0	0	11020112	
857	9	0	0	0	0	11020124	
858	9	0	0	0	0	11020206	
859	9	0	0	0	0	11020212	
860	9	0	0	0	0	11020224	
861	9	0	0	0	0	11020306	
862	9	0	0	0	0	11020312	
863	9	0	0	0	0	11020324	
864	9	0	0	0	0	11020406	
865	9	0	0	0	0	11020412	
866	9	0	0	0	0	11020424	
867	9	0	0	0	0	11020506	
868	9	0	0	0	0	11020512	
869	9	0	0	0	0	11020524	
870	9	0	0	0	0	11020606	
871	9	0	0	0	0	11020612	
872	9	0	0	0	0	11020624	
873	9	0	0	0	0	11020706	
874	9	0	0	0	0	11020712	
875	9	0	0	0	0	11020724	
876	9	0	0	0	0	11020806	
877	9	0	0	0	0	11020812	
878	9	0	0	0	0	11020824	
879	9	0	0	0	0	11020906	
880	9	0	0	0	0	11020912	
881	9	0	0	0	0	11020924	
882	9	0	0	0	0	11021006	
883	9	0	0	0	0	11021012	
884	9	0	0	0	0	11021024	
885	9	0	0	0	0	11021106	
886	9	0	0	0	0	11021112	
887	9	0	0	0	0	11021124	
888	9	0	0	0	0	11021206	
889	9	0	0	0	0	11021212	
890	9	0	0	0	0	11021224	
891	9	0	0	0	0	11021306	
892	9	0	0	0	0	11021312	
893	9	0	0	0	0	11021324	
894	9	0	0	0	0	11021406	
895	9	0	0	0	0	11021412	
896	9	0	0	0	0	11021424	
897	9	0	0	0	0	11021506	
898	9	0	0	0	0	11021512	
899	9	0	0	0	0	11021524	
900	9	0	0	0	0	11021606	
901	9	0	0	0	0	11021612	
902	9	0	0	0	0	11021624	
903	9	0	0	0	0	11021706	
904	9	0	0	0	0	11021712	
905	9	0	0	0	0	11021724	
906	9	0	0	0	0	11021806	
907	9	0	0	0	0	11021812	
908	9	0	0	0	0	11021824	
909	9	0	0	0	0	11021906	
910	9	0	0	0	0	11021912	
911	9	0	0	0	0	11021924	
912	9	0	0	0	0	11022006	
913	9	0	0	0	0	11022012	
914	9	0	0	0	0	11022024	
915	9	0	0	0	0	11022106	
916	9	0	0	0	0	11022112	
917	9	0	0	0	0	11022124	
918	9	0	0	0	0	11022206	
919	9	0	0	0	0	11022212	
920	9	0	0	0	0	11022224	
921	9	0	0	0	0	11022306	
922	9	0	0	0	0	11022312	
923	9	0	0	0	0	11022324	
924	9	0	0	0	0	11022406	
925	9	0	0	0	0	11022412	
926	9	0	0	0	0	11022424	
927	9	0	0	0	0	11022506	
928	9	0	0	0	0	11022512	
929	9	0	0	0	0	11022524	
930	9	0	0	0	0	11022606	
931	9	0	0	0	0	11022612	
932	9	0	0	0	0	11022624	
933	9	0	0	0	0	11022706	
934	9	0	0	0	0	11022712	
935	9	0	0	0	0	11022724	
936	9	0	0	0	0	11022806	
937	9	0	0	0	0	11022812	
938	9	0	0	0	0	11022824	
939	9	0	0	0	0	11030106	
940	9	0	0	0	0	11030112	
941	9	0	0	0	0	11030124	
942	9	0	0	0	0	11030206	
943	9	0	0	0	0	11030212	
944	9	0	0	0	0	11030224	
945	9	0	0	0	0	11030306	
946	9	0	0	0	0	11030312	
947	9	0	0	0	0	11030324	
948	9	0	0	0	0	11030406	
949	9	0	0	0	0	11030412	
950	9	0	0	0	0	11030424	
951	9	0	0	0	0	11030506	
952	9	0	0	0	0	11030512	
953	9	0	0	0	0	11030524	
954	9	0	0	0	0	11030606	
955	9	0	0	0	0	11030612	
956	9	0	0	0	0	11030624	
957	9	0	0	0	0	11030706	
958	9	0	0	0	0	11030712	
959	9	0	0	0	0	11030724	
960	9	0	0	0	0	11030806	
961	9	0	0	0	0	11030812	
962	9	0	0	0	0	11030824	
963	9	0	0	0	0	11030906	
964	9	0	0	0	0	11030912	
965	9	0	0	0	0	11030924	
966	9	0	0	0	0	11031006	
967	9	0	0	0	0	11031012	
968	9	0	0	0	0	11031024	
969	9	0	0	0	0	11031106	
970	9	0	0	0	0	11031112	
971	9	0	0	0	0	11031124	
972	9	0	0	0	0	11031206	
973	9	0	0	0	0	11031212	
974	9	0	0	0	0	11031224	
975	9	0	0	0	0	11031306	
976	9	0	0	0	0	11031312	
977	9	0	0	0	0	11031324	
978	9	0	0	0	0	11031406	
979	9	0	0	0	0	11031412	
980	9	0	0	0	0	11031424	
981	9	0	0	0	0	11031506	
982	9	0	0	0	0	11031512	
983	9	0	0	0	0	11031524	
984	9	0	0	0	0	11031606	
985	9	0	0	0	0	11031612	
986	9	0	0	0	0	11031624	
987	9	0	0	0	0	11031706	
988	9	0	0	0	0	11031712	
989	9	0	0	0	0	11031724	
990	9	0	0	0	0	11031806	
991	9	0	0	0	0	11031812	
992	9	0	0	0	0	11031824	
993	9	0	0	0	0	11031906	
994	9	0	0	0	0	11031912	
995	9	0	0	0	0	11031924	
996	9	0	0	0	0	11032006	
997	9	0	0	0	0	11032012	
998	9	0	0	0	0	11032024	
999	9	0	0	0	0	11032106	
1000	9	0	0	0	0	11032112	
1001	9	0	0	0	0	11032124	
1002	9	0	0	0	0	11032206	
1003	9	0	0	0	0	11032212	
1004	9	0	0	0	0	11032224	
1005	9	0	0	0	0	11032306	
1006	9	0	0	0	0	11032312	
1007	9	0	0	0	0	11032324	
1008	9	0	0	0	0	11032406	
1009	9	0	0	0	0	11032412	
1010	9	0	0	0	0	11032424	
1011	9	0	0	0	0	11032506	
1012	9	0	0	0	0	11032512	
1013	9	0	0	0	0	11032524	
1014	9	0	0	0	0	11032606	
1015	9	0	0	0	0	11032612	
1016	9	0	0	0	0	11032624	
1017	9	0	0	0	0	11032706	
1018	9	0	0	0	0	11032712	
1019	9	0	0	0	0	11032724	
1020	9	0	0	0	0	11032806	
1021	9	0	0	0	0	11032812	
1022	9	0	0	0	0	11032824	
1023	9	0	0	0	0	11032906	
1024	9	0	0	0	0	11032912	
1025	9	0	0	0	0	11032924	
1026	9	0	0	0	0	11033006	
1027	9	0	0	0	0	11033012	
1028	9	0	0	0	0	11033024	
1029	9	0	0	0	0	11033106	
1030	9	0	0	0	0	11033112	
1031	9	0	0	0	0	11033124	
1032	9	0	0	0	0	11040106	
1033	9	0	0	0	0	11040112	
1034	9	0	0	0	0	11040124	
1035	9	0	0	0	0	11040206	
1036	9	0	0	0	0	11040212	
1037	9	0	0	0	0	11040224	
1038	9	0	0	0	0	11040306	
1039	9	0	0	0	0	11040312	
1040	9	0	0	0	0	11040324	
1041	9	0	0	0	0	11040406	
1042	9	0	0	0	0	11040412	
1043	9	0	0	0	0	11040424	
1044	9	0	0	0	0	11040506	
1045	9	0	0	0	0	11040512	
1046	9	0	0	0	0	11040524	
1047	9	0	0	0	0	11040606	
1048	9	0	0	0	0	11040612	
1049	9	0	0	0	0	11040624	
1050	9	0	0	0	0	11040706	
1051	9	0	0	0	0	11040712	
1052	9	0	0	0	0	11040724	
1053	9	0	0	0	0	11040806	
1054	9	0	0	0	0	11040812	
1055	9	0	0	0	0	11040824	
1056	9	0	0	0	0	11040906	
1057	9	0	0	0	0	11040912	
1058	9	0	0	0	0	11040924	
1059	9	0	0	0	0	11041006	
1060	9	0	0	0	0	11041012	
1061	9	0	0	0	0	11041024	
1062	9	0	0	0	0	11041106	
1063	9	0	0	0	0	11041112	
1064	9	0	0	0	0	11041124	
1065	9	0	0	0	0	11041206	
1066	9	0	0	0	0	11041212	
1067	9	0	0	0	0	11041224	
1068	9	0	0	0	0	11041306	
1069	9	0	0	0	0	11041312	
1070	9	0	0	0	0	11041324	
1071	9	0	0	0	0	11041406	
1072	9	0	0	0	0	11041412	
1073	9	0	0	0	0	11041424	
1074	9	0	0	0	0	11041506	
1075	9	0	0	0	0	11041512	
1076	9	0	0	0	0	11041524	
1077	9	0	0	0	0	11041606	
1078	9	0	0	0	0	11041612	
1079	9	0	0	0	0	11041624	
1080	9	0	0	0	0	11041706	
1081	9	0	0	0	0	11041712	
1082	9	0	0	0	0	11041724	
1083	9	0	0	0	0	11041806	
1084	9	0	0	0	0	11041812	
1085	9	0	0	0	0	11041824	
1086	9	0	0	0	0	11041906	
1087	9	0	0	0	0	11041912	
1088	9	0	0	0	0	11041924	
1089	9	0	0	0	0	11042006	
1090	9	0	0	0	0	11042012	
1091	9	0	0	0	0	11042024	
1092	9	0	0	0	0	11042106	
1093	9	0	0	0	0	11042112	
1094	9	0	0	0	0	11042124	
1095	9	0	0	0	0	11042206	
1096	9	0	0	0	0	11042212	
1097	9	0	0	0	0	11042224	
1098	9	0	0	0	0	11042306	
1099	9	0	0	0	0	11042312	
1100	9	0	0	0	0	11042324	
1101	9	0	0	0	0	11042406	
1102	9	0	0	0	0	11042412	
1103	9	0	0	0	0	11042424	
1104	9	0	0	0	0	11042506	
1105	9	0	0	0	0	11042512	
1106	9	0	0	0	0	11042524	
1107	9	0	0	0	0	11042606	
1108	9	0	0	0	0	11042612	
1109	9	0	0	0	0	11042624	
1110	9	0	0	0	0	11042706	
1111	9	0	0	0	0	11042712	
1112	9	0	0	0	0	11042724	
1113	9	0	0	0	0	11042806	
1114	9	0	0	0	0	11042812	
1115	9	0	0	0	0	11042824	
1116	9	0	0	0	0	11042906	
1117	9	0	0	0	0	11042912	
1118	9	0	0	0	0	11042924	
1119	9	0	0	0	0	11043006	
1120	9	0	0	0	0	11043012	
1121	9	0	0	0	0	11043024	
1122	9	0	0	0	0	11050106	
1123	9	0	0	0	0	11050112	
1124	9	0	0	0	0	11050124	
1125	9	0	0	0	0	11050206	
1126	9	0	0	0	0	11050212	
1127	9	0	0	0	0	11050224	
1128	9	0	0	0	0	11050306	
1129	9	0	0	0	0	11050312	
1130	9	0	0	0	0	11050324	
1131	9	0	0	0	0	11050406	
1132	9	0	0	0	0	11050412	
1133	9	0	0	0	0	11050424	
1134	9	0	0	0	0	11050506	
1135	9	0	0	0	0	11050512	
1136	9	0	0	0	0	11050524	
1137	9	0	0	0	0	11050606	
1138	9	0	0	0	0	11050612	
1139	9	0	0	0	0	11050624	
1140	9	0	0	0	0	11050706	
1141	9	0	0	0	0	11050712	
1142	9	0	0	0	0	11050724	
1143	9	0	0	0	0	11050806	
1144	9	0	0	0	0	11050812	
1145	9	0	0	0	0	11050824	
1146	9	0	0	0	0	11050906	
1147	9	0	0	0	0	11050912	
1148	9	0	0	0	0	11050924	
1149	9	0	0	0	0	11051006	
1150	9	0	0	0	0	11051012	
1151	9	0	0	0	0	11051024	
1152	9	0	0	0	0	11051106	
1153	9	0	0	0	0	11051112	
1154	9	0	0	0	0	11051124	
1155	9	0	0	0	0	11051206	
1156	9	0	0	0	0	11051212	
1157	9	0	0	0	0	11051224	
1158	9	0	0	0	0	11051306	
1159	9	0	0	0	0	11051312	
1160	9	0	0	0	0	11051324	
1161	9	0	0	0	0	11051406	
1162	9	0	0	0	0	11051412	
1163	9	0	0	0	0	11051424	
1164	9	0	0	0	0	11051506	
1165	9	0	0	0	0	11051512	
1166	9	0	0	0	0	11051524	
1167	9	0	0	0	0	11051606	
1168	9	0	0	0	0	11051612	
1169	9	0	0	0	0	11051624	
1170	9	0	0	0	0	11051706	
1171	9	0	0	0	0	11051712	
1172	9	0	0	0	0	11051724	
1173	9	0	0	0	0	11051806	
1174	9	0	0	0	0	11051812	
1175	9	0	0	0	0	11051824	
1176	9	0	0	0	0	11051906	
1177	9	0	0	0	0	11051912	
1178	9	0	0	0	0	11051924	
1179	9	0	0	0	0	11052006	
1180	9	0	0	0	0	11052012	
1181	9	0	0	0	0	11052024	
1182	9	0	0	0	0	11052106	
1183	9	0	0	0	0	11052112	
1184	9	0	0	0	0	11052124	
1185	9	0	0	0	0	11052206	
1186	9	0	0	0	0	11052212	
1187	9	0	0	0	0	11052224	
1188	9	0	0	0	0	11052306	
1189	9	0	0	0	0	11052312	
1190	9	0	0	0	0	11052324	
1191	9	0	0	0	0	11052406	
1192	9	0	0	0	0	11052412	
1193	9	0	0	0	0	11052424	
1194	9	0	0	0	0	11052506	
1195	9	0	0	0	0	11052512	
1196	9	0	0	0	0	11052524	
1197	9	0	0	0	0	11052606	
1198	9	0	0	0	0	11052612	
1199	9	0	0	0	0	11052624	
1200	9	0	0	0	0	11052706	
1201	9	0	0	0	0	11052712	
1202	9	0	0	0	0	11052724	
1203	9	0	0	0	0	11052806	
1204	9	0	0	0	0	11052812	
1205	9	0	0	0	0	11052824	
1206	9	0	0	0	0	11052906	
1207	9	0	0	0	0	11052912	
1208	9	0	0	0	0	11052924	
1209	9	0	0	0	0	11053006	
1210	9	0	0	0	0	11053012	
1211	9	0	0	0	0	11053024	
1212	9	0	0	0	0	11053106	
1213	9	0	0	0	0	11053112	
1214	9	0	0	0	0	11053124	
1215	9	0	0	0	0	11060106	
1216	9	0	0	0	0	11060112	
1217	9	0	0	0	0	11060124	
1218	9	0	0	0	0	11060206	
1219	9	0	0	0	0	11060212	
1220	9	0	0	0	0	11060224	
1221	9	0	0	0	0	11060306	
1222	9	0	0	0	0	11060312	
1223	9	0	0	0	0	11060324	
1224	9	0	0	0	0	11060406	
1225	9	0	0	0	0	11060412	
1226	9	0	0	0	0	11060424	
1227	9	0	0	0	0	11060506	
1228	9	0	0	0	0	11060512	
1229	9	0	0	0	0	11060524	
1230	9	0	0	0	0	11060606	
1231	9	0	0	0	0	11060612	
1232	9	0	0	0	0	11060624	
1233	9	0	0	0	0	11060706	
1234	9	0	0	0	0	11060712	
1235	9	0	0	0	0	11060724	
1236	9	0	0	0	0	11060806	
1237	9	0	0	0	0	11060812	
1238	9	0	0	0	0	11060824	
1239	9	0	0	0	0	11060906	
1240	9	0	0	0	0	11060912	
1241	9	0	0	0	0	11060924	
1242	9	0	0	0	0	11061006	
1243	9	0	0	0	0	11061012	
1244	9	0	0	0	0	11061024	
1245	9	0	0	0	0	11061106	
1246	9	0	0	0	0	11061112	
1247	9	0	0	0	0	11061124	
1248	9	0	0	0	0	11061206	
1249	9	0	0	0	0	11061212	
1250	9	0	0	0	0	11061224	
1251	9	0	0	0	0	11061306	
1252	9	0	0	0	0	11061312	
1253	9	0	0	0	0	11061324	
1254	9	0	0	0	0	11061406	
1255	9	0	0	0	0	11061412	
1256	9	0	0	0	0	11061424	
1257	9	0	0	0	0	11061506	
1258	9	0	0	0	0	11061512	
1259	9	0	0	0	0	11061524	
1260	9	0	0	0	0	11061606	
1261	9	0	0	0	0	11061612	
1262	9	0	0	0	0	11061624	
1263	9	0	0	0	0	11061706	
1264	9	0	0	0	0	11061712	
1265	9	0	0	0	0	11061724	
1266	9	0	0	0	0	11061806	
1267	9	0	0	0	0	11061812	
1268	9	0	0	0	0	11061824	
1269	9	0	0	0	0	11061906	
1270	9	0	0	0	0	11061912	
1271	9	0	0	0	0	11061924	
1272	9	0	0	0	0	11062006	
1273	9	0	0	0	0	11062012	
1274	9	0	0	0	0	11062024	
1275	9	0	0	0	0	11062106	
1276	9	0	0	0	0	11062112	
1277	9	0	0	0	0	11062124	
1278	9	0	0	0	0	11062206	
1279	9	0	0	0	0	11062212	
1280	9	0	0	0	0	11062224	
1281	9	0	0	0	0	11062306	
1282	9	0	0	0	0	11062312	
1283	9	0	0	0	0	11062324	
1284	9	0	0	0	0	11062406	
1285	9	0	0	0	0	11062412	
1286	9	0	0	0	0	11062424	
1287	9	0	0	0	0	11062506	
1288	9	0	0	0	0	11062512	
1289	9	0	0	0	0	11062524	
1290	9	0	0	0	0	11062606	
1291	9	0	0	0	0	11062612	
1292	9	0	0	0	0	11062624	
1293	9	0	0	0	0	11062706	
1294	9	0	0	0	0	11062712	
1295	9	0	0	0	0	11062724	
1296	9	0	0	0	0	11062806	
1297	9	0	0	0	0	11062812	
1298	9	0	0	0	0	11062824	
1299	9	0	0	0	0	11062906	
1300	9	0	0	0	0	11062912	
1301	9	0	0	0	0	11062924	
1302	9	0	0	0	0	11063006	
1303	9	0	0	0	0	11063012	
1304	9	0	0	0	0	11063024	
1305	9	0	0	0	0	11070106	
1306	9	0	0	0	0	11070112	
1307	9	0	0	0	0	11070124	
1308	9	0	0	0	0	11070206	
1309	9	0	0	0	0	11070212	
1310	9	0	0	0	0	11070224	
1311	9	0	0	0	0	11070306	
1312	9	0	0	0	0	11070312	
1313	9	0	0	0	0	11070324	
1314	9	0	0	0	0	11070406	
1315	9	0	0	0	0	11070412	
1316	9	0	0	0	0	11070424	
1317	9	0	0	0	0	11070506	
1318	9	0	0	0	0	11070512	
1319	9	0	0	0	0	11070524	
1320	9	0	0	0	0	11070606	
1321	9	0	0	0	0	11070612	
1322	9	0	0	0	0	11070624	
1323	9	0	0	0	0	11070706	
1324	9	0	0	0	0	11070712	
1325	9	0	0	0	0	11070724	
1326	9	0	0	0	0	11070806	
1327	9	0	0	0	0	11070812	
1328	9	0	0	0	0	11070824	
1329	9	0	0	0	0	11070906	
1330	9	0	0	0	0	11070912	
1331	9	0	0	0	0	11070924	
1332	9	0	0	0	0	11071006	
1333	9	0	0	0	0	11071012	
1334	9	0	0	0	0	11071024	
1335	9	0	0	0	0	11071106	
1336	9	0	0	0	0	11071112	
1337	9	0	0	0	0	11071124	
1338	9	0	0	0	0	11071206	
1339	9	0	0	0	0	11071212	
1340	9	0	0	0	0	11071224	
1341	9	0	0	0	0	11071306	
1342	9	0	0	0	0	11071312	
1343	9	0	0	0	0	11071324	
1344	9	0	0	0	0	11071406	
1345	9	0	0	0	0	11071412	
1346	9	0	0	0	0	11071424	
1347	9	0	0	0	0	11071506	
1348	9	0	0	0	0	11071512	
1349	9	0	0	0	0	11071524	
1350	9	0	0	0	0	11071606	
1351	9	0	0	0	0	11071612	
1352	9	0	0	0	0	11071624	
1353	9	0	0	0	0	11071706	
1354	9	0	0	0	0	11071712	
1355	9	0	0	0	0	11071724	
1356	9	0	0	0	0	11071806	
1357	9	0	0	0	0	11071812	
1358	9	0	0	0	0	11071824	
1359	9	0	0	0	0	11071906	
1360	9	0	0	0	0	11071912	
1361	9	0	0	0	0	11071924	
1362	9	0	0	0	0	11072006	
1363	9	0	0	0	0	11072012	
1364	9	0	0	0	0	11072024	
1365	9	0	0	0	0	11072106	
1366	9	0	0	0	0	11072112	
1367	9	0	0	0	0	11072124	
1368	9	0	0	0	0	11072206	
1369	9	0	0	0	0	11072212	
1370	9	0	0	0	0	11072224	
1371	9	0	0	0	0	11072306	
1372	9	0	0	0	0	11072312	
1373	9	0	0	0	0	11072324	
1374	9	0	0	0	0	11072406	
1375	9	0	0	0	0	11072412	
1376	9	0	0	0	0	11072424	
1377	9	0	0	0	0	11072506	
1378	9	0	0	0	0	11072512	
1379	9	0	0	0	0	11072524	
1380	9	0	0	0	0	11072606	
1381	9	0	0	0	0	11072612	
1382	9	0	0	0	0	11072624	
1383	9	0	0	0	0	11072706	
1384	9	0	0	0	0	11072712	
1385	9	0	0	0	0	11072724	
1386	9	0	0	0	0	11072806	
1387	9	0	0	0	0	11072812	
1388	9	0	0	0	0	11072824	
1389	9	0	0	0	0	11072906	
1390	9	0	0	0	0	11072912	
1391	9	0	0	0	0	11072924	
1392	9	0	0	0	0	11073006	
1393	9	0	0	0	0	11073012	
1394	9	0	0	0	0	11073024	
1395	9	0	0	0	0	11073106	
1396	9	0	0	0	0	11073112	
1397	9	0	0	0	0	11073124	
1398	9	0	0	0	0	11080106	
1399	9	0	0	0	0	11080112	
1400	9	0	0	0	0	11080124	
1401	9	0	0	0	0	11080206	
1402	9	0	0	0	0	11080212	
1403	9	0	0	0	0	11080224	
1404	9	0	0	0	0	11080306	
1405	9	0	0	0	0	11080312	
1406	9	0	0	0	0	11080324	
1407	9	0	0	0	0	11080406	
1408	9	0	0	0	0	11080412	
1409	9	0	0	0	0	11080424	
1410	9	0	0	0	0	11080506	
1411	9	0	0	0	0	11080512	
1412	9	0	0	0	0	11080524	
1413	9	0	0	0	0	11080606	
1414	9	0	0	0	0	11080612	
1415	9	0	0	0	0	11080624	
1416	9	0	0	0	0	11080706	
1417	9	0	0	0	0	11080712	
1418	9	0	0	0	0	11080724	
1419	9	0	0	0	0	11080806	
1420	9	0	0	0	0	11080812	
1421	9	0	0	0	0	11080824	
1422	9	0	0	0	0	11080906	
1423	9	0	0	0	0	11080912	
1424	9	0	0	0	0	11080924	
1425	9	0	0	0	0	11081006	
1426	9	0	0	0	0	11081012	
1427	9	0	0	0	0	11081024	
1428	9	0	0	0	0	11081106	
1429	9	0	0	0	0	11081112	
1430	9	0	0	0	0	11081124	
1431	9	0	0	0	0	11081206	
1432	9	0	0	0	0	11081212	
1433	9	0	0	0	0	11081224	
1434	9	0	0	0	0	11081306	
1435	9	0	0	0	0	11081312	
1436	9	0	0	0	0	11081324	
1437	9	0	0	0	0	11081406	
1438	9	0	0	0	0	11081412	
1439	9	0	0	0	0	11081424	
1440	9	0	0	0	0	11081506	
1441	9	0	0	0	0	11081512	
1442	9	0	0	0	0	11081524	
1443	9	0	0	0	0	11081606	
1444	9	0	0	0	0	11081612	
1445	9	0	0	0	0	11081624	
1446	9	0	0	0	0	11081706	
1447	9	0	0	0	0	11081712	
1448	9	0	0	0	0	11081724	
1449	9	0	0	0	0	11081806	
1450	9	0	0	0	0	11081812	
1451	9	0	0	0	0	11081824	
1452	9	0	0	0	0	11081906	
1453	9	0	0	0	0	11081912	
1454	9	0	0	0	0	11081924	
1455	9	0	0	0	0	11082006	
1456	9	0	0	0	0	11082012	
1457	9	0	0	0	0	11082024	
1458	9	0	0	0	0	11082106	
1459	9	0	0	0	0	11082112	
1460	9	0	0	0	0	11082124	
1461	9	0	0	0	0	11082206	
1462	9	0	0	0	0	11082212	
1463	9	0	0	0	0	11082224	
1464	9	0	0	0	0	11082306	
1465	9	0	0	0	0	11082312	
1466	9	0	0	0	0	11082324	
1467	9	0	0	0	0	11082406	
1468	9	0	0	0	0	11082412	
1469	9	0	0	0	0	11082424	
1470	9	0	0	0	0	11082506	
1471	9	0	0	0	0	11082512	
1472	9	0	0	0	0	11082524	
1473	9	0	0	0	0	11082606	
1474	9	0	0	0	0	11082612	
1475	9	0	0	0	0	11082624	
1476	9	0	0	0	0	11082706	
1477	9	0	0	0	0	11082712	
1478	9	0	0	0	0	11082724	
1479	9	0	0	0	0	11082806	
1480	9	0	0	0	0	11082812	
1481	9	0	0	0	0	11082824	
1482	9	0	0	0	0	11082906	
1483	9	0	0	0	0	11082912	
1484	9	0	0	0	0	11082924	
1485	9	0	0	0	0	11083006	
1486	9	0	0	0	0	11083012	
1487	9	0	0	0	0	11083024	
1488	9	0	0	0	0	11083106	
1489	9	0	0	0	0	11083112	
1490	9	0	0	0	0	11083124	
1491	9	0	0	0	0	11090106	
1492	9	0	0	0	0	11090112	
1493	9	0	0	0	0	11090124	
1494	9	0	0	0	0	11090206	
1495	9	0	0	0	0	11090212	
1496	9	0	0	0	0	11090224	
1497	9	0	0	0	0	11090306	
1498	9	0	0	0	0	11090312	
1499	9	0	0	0	0	11090324	
1500	9	0	0	0	0	11090406	
1501	9	0	0	0	0	11090412	
1502	9	0	0	0	0	11090424	
1503	9	0	0	0	0	11090506	
1504	9	0	0	0	0	11090512	
1505	9	0	0	0	0	11090524	
1506	9	0	0	0	0	11090606	
1507	9	0	0	0	0	11090612	
1508	9	0	0	0	0	11090624	
1509	9	0	0	0	0	11090706	
1510	9	0	0	0	0	11090712	
1511	9	0	0	0	0	11090724	
1512	9	0	0	0	0	11090806	
1513	9	0	0	0	0	11090812	
1514	9	0	0	0	0	11090824	
1515	9	0	0	0	0	11090906	
1516	9	0	0	0	0	11090912	
1517	9	0	0	0	0	11090924	
1518	9	0	0	0	0	11091006	
1519	9	0	0	0	0	11091012	
1520	9	0	0	0	0	11091024	
1521	9	0	0	0	0	11091106	
1522	9	0	0	0	0	11091112	
1523	9	0	0	0	0	11091124	
1524	9	0	0	0	0	11091206	
1525	9	0	0	0	0	11091212	
1526	9	0	0	0	0	11091224	
1527	9	0	0	0	0	11091306	
1528	9	0	0	0	0	11091312	
1529	9	0	0	0	0	11091324	
1530	9	0	0	0	0	11091406	
1531	9	0	0	0	0	11091412	
1532	9	0	0	0	0	11091424	
1533	9	0	0	0	0	11091506	
1534	9	0	0	0	0	11091512	
1535	9	0	0	0	0	11091524	
1536	9	0	0	0	0	11091606	
1537	9	0	0	0	0	11091612	
1538	9	0	0	0	0	11091624	
1539	9	0	0	0	0	11091706	
1540	9	0	0	0	0	11091712	
1541	9	0	0	0	0	11091724	
1542	9	0	0	0	0	11091806	
1543	9	0	0	0	0	11091812	
1544	9	0	0	0	0	11091824	
1545	9	0	0	0	0	11091906	
1546	9	0	0	0	0	11091912	
1547	9	0	0	0	0	11091924	
1548	9	0	0	0	0	11092006	
1549	9	0	0	0	0	11092012	
1550	9	0	0	0	0	11092024	
1551	9	0	0	0	0	11092106	
1552	9	0	0	0	0	11092112	
1553	9	0	0	0	0	11092124	
1554	9	0	0	0	0	11092206	
1555	9	0	0	0	0	11092212	
1556	9	0	0	0	0	11092224	
1557	9	0	0	0	0	11092306	
1558	9	0	0	0	0	11092312	
1559	9	0	0	0	0	11092324	
1560	9	0	0	0	0	11092406	
1561	9	0	0	0	0	11092412	
1562	9	0	0	0	0	11092424	
1563	9	0	0	0	0	11092506	
1564	9	0	0	0	0	11092512	
1565	9	0	0	0	0	11092524	
1566	9	0	0	0	0	11092606	
1567	9	0	0	0	0	11092612	
1568	9	0	0	0	0	11092624	
1569	9	0	0	0	0	11092706	
1570	9	0	0	0	0	11092712	
1571	9	0	0	0	0	11092724	
1572	9	0	0	0	0	11092806	
1573	9	0	0	0	0	11092812	
1574	9	0	0	0	0	11092824	
1575	9	0	0	0	0	11092906	
1576	9	0	0	0	0	11092912	
1577	9	0	0	0	0	11092924	
1578	9	0	0	0	0	11093006	
1579	9	0	0	0	0	11093012	
1580	9	0	0	0	0	11093024	
1581	9	0	0	0	0	11100106	
1582	9	0	0	0	0	11100112	
1583	9	0	0	0	0	11100124	
1584	9	0	0	0	0	11100206	
1585	9	0	0	0	0	11100212	
1586	9	0	0	0	0	11100224	
1587	9	0	0	0	0	11100306	
1588	9	0	0	0	0	11100312	
1589	9	0	0	0	0	11100324	
1590	9	0	0	0	0	11100406	
1591	9	0	0	0	0	11100412	
1592	9	0	0	0	0	11100424	
1593	9	0	0	0	0	11100506	
1594	9	0	0	0	0	11100512	
1595	9	0	0	0	0	11100524	
1596	9	0	0	0	0	11100606	
1597	9	0	0	0	0	11100612	
1598	9	0	0	0	0	11100624	
1599	9	0	0	0	0	11100706	
1600	9	0	0	0	0	11100712	
1601	9	0	0	0	0	11100724	
1602	9	0	0	0	0	11100806	
1603	9	0	0	0	0	11100812	
1604	9	0	0	0	0	11100824	
1605	9	0	0	0	0	11100906	
1606	9	0	0	0	0	11100912	
1607	9	0	0	0	0	11100924	
1608	9	0	0	0	0	11101006	
1609	9	0	0	0	0	11101012	
1610	9	0	0	0	0	11101024	
1611	9	0	0	0	0	11101106	
1612	9	0	0	0	0	11101112	
1613	9	0	0	0	0	11101124	
1614	9	0	0	0	0	11101206	
1615	9	0	0	0	0	11101212	
1616	9	0	0	0	0	11101224	
1617	9	0	0	0	0	11101306	
1618	9	0	0	0	0	11101312	
1619	9	0	0	0	0	11101324	
1620	9	0	0	0	0	11101406	
1621	9	0	0	0	0	11101412	
1622	9	0	0	0	0	11101424	
1623	9	0	0	0	0	11101506	
1624	9	0	0	0	0	11101512	
1625	9	0	0	0	0	11101524	
1626	9	0	0	0	0	11101606	
1627	9	0	0	0	0	11101612	
1628	9	0	0	0	0	11101624	
1629	9	0	0	0	0	11101706	
1630	9	0	0	0	0	11101712	
1631	9	0	0	0	0	11101724	
1632	9	0	0	0	0	11101806	
1633	9	0	0	0	0	11101812	
1634	9	0	0	0	0	11101824	
1635	9	0	0	0	0	11101906	
1636	9	0	0	0	0	11101912	
1637	9	0	0	0	0	11101924	
1638	9	0	0	0	0	11102006	
1639	9	0	0	0	0	11102012	
1640	9	0	0	0	0	11102024	
1641	9	0	0	0	0	11102106	
1642	9	0	0	0	0	11102112	
1643	9	0	0	0	0	11102124	
1644	9	0	0	0	0	11102206	
1645	9	0	0	0	0	11102212	
1646	9	0	0	0	0	11102224	
1647	9	0	0	0	0	11102306	
1648	9	0	0	0	0	11102312	
1649	9	0	0	0	0	11102324	
1650	9	0	0	0	0	11102406	
1651	9	0	0	0	0	11102412	
1652	9	0	0	0	0	11102424	
1653	9	0	0	0	0	11102506	
1654	9	0	0	0	0	11102512	
1655	9	0	0	0	0	11102524	
1656	9	0	0	0	0	11102606	
1657	9	0	0	0	0	11102612	
1658	9	0	0	0	0	11102624	
1659	9	0	0	0	0	11102706	
1660	9	0	0	0	0	11102712	
1661	9	0	0	0	0	11102724	
1662	9	0	0	0	0	11102806	
1663	9	0	0	0	0	11102812	
1664	9	0	0	0	0	11102824	
1665	9	0	0	0	0	11102906	
1666	9	0	0	0	0	11102912	
1667	9	0	0	0	0	11102924	
1668	9	0	0	0	0	11103006	
1669	9	0	0	0	0	11103012	
1670	9	0	0	0	0	11103024	
1671	9	0	0	0	0	11103106	
1672	9	0	0	0	0	11103112	
1673	9	0	0	0	0	11103124	
1674	9	0	0	0	0	11110106	
1675	9	0	0	0	0	11110112	
1676	9	0	0	0	0	11110124	
1677	9	0	0	0	0	11110206	
1678	9	0	0	0	0	11110212	
1679	9	0	0	0	0	11110224	
1680	9	0	0	0	0	11110306	
1681	9	0	0	0	0	11110312	
1682	9	0	0	0	0	11110324	
1683	9	0	0	0	0	11110406	
1684	9	0	0	0	0	11110412	
1685	9	0	0	0	0	11110424	
1686	9	0	0	0	0	11110506	
1687	9	0	0	0	0	11110512	
1688	9	0	0	0	0	11110524	
1689	9	0	0	0	0	11110606	
1690	9	0	0	0	0	11110612	
1691	9	0	0	0	0	11110624	
1692	9	0	0	0	0	11110706	
1693	9	0	0	0	0	11110712	
1694	9	0	0	0	0	11110724	
1695	9	0	0	0	0	11110806	
1696	9	0	0	0	0	11110812	
1697	9	0	0	0	0	11110824	
1698	9	0	0	0	0	11110906	
1699	9	0	0	0	0	11110912	
1700	9	0	0	0	0	11110924	
1701	9	0	0	0	0	11111006	
1702	9	0	0	0	0	11111012	
1703	9	0	0	0	0	11111024	
1704	9	0	0	0	0	11111106	
1705	9	0	0	0	0	11111112	
1706	9	0	0	0	0	11111124	
1707	9	0	0	0	0	11111206	
1708	9	0	0	0	0	11111212	
1709	9	0	0	0	0	11111224	
1710	9	0	0	0	0	11111306	
1711	9	0	0	0	0	11111312	
1712	9	0	0	0	0	11111324	
1713	9	0	0	0	0	11111406	
1714	9	0	0	0	0	11111412	
1715	9	0	0	0	0	11111424	
1716	9	0	0	0	0	11111506	
1717	9	0	0	0	0	11111512	
1718	9	0	0	0	0	11111524	
1719	9	0	0	0	0	11111606	
1720	9	0	0	0	0	11111612	
1721	9	0	0	0	0	11111624	
1722	9	0	0	0	0	11111706	
1723	9	0	0	0	0	11111712	
1724	9	0	0	0	0	11111724	
1725	9	0	0	0	0	11111806	
1726	9	0	0	0	0	11111812	
1727	9	0	0	0	0	11111824	
1728	9	0	0	0	0	11111906	
1729	9	0	0	0	0	11111912	
1730	9	0	0	0	0	11111924	
1731	9	0	0	0	0	11112006	
1732	9	0	0	0	0	11112012	
1733	9	0	0	0	0	11112024	
1734	9	0	0	0	0	11112106	
1735	9	0	0	0	0	11112112	
1736	9	0	0	0	0	11112124	
1737	9	0	0	0	0	11112206	
1738	9	0	0	0	0	11112212	
1739	9	0	0	0	0	11112224	
1740	9	0	0	0	0	11112306	
1741	9	0	0	0	0	11112312	
1742	9	0	0	0	0	11112324	
1743	9	0	0	0	0	11112406	
1744	9	0	0	0	0	11112412	
1745	9	0	0	0	0	11112424	
1746	9	0	0	0	0	11112506	
1747	9	0	0	0	0	11112512	
1748	9	0	0	0	0	11112524	
1749	9	0	0	0	0	11112606	
1750	9	0	0	0	0	11112612	
1751	9	0	0	0	0	11112624	
1752	9	0	0	0	0	11112706	
1753	9	0	0	0	0	11112712	
1754	9	0	0	0	0	11112724	
1755	9	0	0	0	0	11112806	
1756	9	0	0	0	0	11112812	
1757	9	0	0	0	0	11112824	
1758	9	0	0	0	0	11112906	
1759	9	0	0	0	0	11112912	
1760	9	0	0	0	0	11112924	
1761	9	0	0	0	0	11113006	
1762	9	0	0	0	0	11113012	
1763	9	0	0	0	0	11113024	
1764	9	0	0	0	0	11120106	
1765	9	0	0	0	0	11120112	
1766	9	0	0	0	0	11120124	
1767	9	0	0	0	0	11120206	
1768	9	0	0	0	0	11120212	
1769	9	0	0	0	0	11120224	
1770	9	0	0	0	0	11120306	
1771	9	0	0	0	0	11120312	
1772	9	0	0	0	0	11120324	
1773	9	0	0	0	0	11120406	
1774	9	0	0	0	0	11120412	
1775	9	0	0	0	0	11120424	
1776	9	0	0	0	0	11120506	
1777	9	0	0	0	0	11120512	
1778	9	0	0	0	0	11120524	
1779	9	0	0	0	0	11120606	
1780	9	0	0	0	0	11120612	
1781	9	0	0	0	0	11120624	
1782	9	0	0	0	0	11120706	
1783	9	0	0	0	0	11120712	
1784	9	0	0	0	0	11120724	
1785	9	0	0	0	0	11120806	
1786	9	0	0	0	0	11120812	
1787	9	0	0	0	0	11120824	
1788	9	0	0	0	0	11120906	
1789	9	0	0	0	0	11120912	
1790	9	0	0	0	0	11120924	
1791	9	0	0	0	0	11121006	
1792	9	0	0	0	0	11121012	
1793	9	0	0	0	0	11121024	
1794	9	0	0	0	0	11121106	
1795	9	0	0	0	0	11121112	
1796	9	0	0	0	0	11121124	
1797	9	0	0	0	0	11121206	
1798	9	0	0	0	0	11121212	
1799	9	0	0	0	0	11121224	
1800	9	0	0	0	0	11121306	
1801	9	0	0	0	0	11121312	
1802	9	0	0	0	0	11121324	
1803	9	0	0	0	0	11121406	
1804	9	0	0	0	0	11121412	
1805	9	0	0	0	0	11121424	
1806	9	0	0	0	0	11121506	
1807	9	0	0	0	0	11121512	
1808	9	0	0	0	0	11121524	
1809	9	0	0	0	0	11121606	
1810	9	0	0	0	0	11121612	
1811	9	0	0	0	0	11121624	
1812	9	0	0	0	0	11121706	
1813	9	0	0	0	0	11121712	
1814	9	0	0	0	0	11121724	
1815	9	0	0	0	0	11121806	
1816	9	0	0	0	0	11121812	
1817	9	0	0	0	0	11121824	
1818	9	0	0	0	0	11121906	
1819	9	0	0	0	0	11121912	
1820	9	0	0	0	0	11121924	
1821	9	0	0	0	0	11122006	
1822	9	0	0	0	0	11122012	
1823	9	0	0	0	0	11122024	
1824	9	0	0	0	0	11122106	
1825	9	0	0	0	0	11122112	
1826	9	0	0	0	0	11122124	
1827	9	0	0	0	0	11122206	
1828	9	0	0	0	0	11122212	
1829	9	0	0	0	0	11122224	
1830	9	0	0	0	0	11122306	
1831	9	0	0	0	0	11122312	
1832	9	0	0	0	0	11122324	
1833	9	0	0	0	0	11122406	
1834	9	0	0	0	0	11122412	
1835	9	0	0	0	0	11122424	
1836	9	0	0	0	0	11122506	
1837	9	0	0	0	0	11122512	
1838	9	0	0	0	0	11122524	
1839	9	0	0	0	0	11122606	
1840	9	0	0	0	0	11122612	
1841	9	0	0	0	0	11122624	
1842	9	0	0	0	0	11122706	
1843	9	0	0	0	0	11122712	
1844	9	0	0	0	0	11122724	
1845	9	0	0	0	0	11122806	
1846	9	0	0	0	0	11122812	
1847	9	0	0	0	0	11122824	
1848	9	0	0	0	0	11122906	
1849	9	0	0	0	0	11122912	
1850	9	0	0	0	0	11122924	
1851	9	0	0	0	0	11123006	
1852	9	0	0	0	0	11123012	
1853	9	0	0	0	0	11123024	
1854	9	0	0	0	0	11123106	
1855	9	0	0	0	0	11123112	
1856	9	0	0	0	0	11123124	
1857	9	0	0	0	0	12010106	
1858	9	0	0	0	0	12010112	
1859	9	0	0	0	0	12010124	
1860	9	0	0	0	0	12010206	
1861	9	0	0	0	0	12010212	
1862	9	0	0	0	0	12010224	
1863	9	0	0	0	0	12010306	
1864	9	0	0	0	0	12010312	
1865	9	0	0	0	0	12010324	
1866	9	0	0	0	0	12010406	
1867	9	0	0	0	0	12010412	
1868	9	0	0	0	0	12010424	
1869	9	0	0	0	0	12010506	
1870	9	0	0	0	0	12010512	
1871	9	0	0	0	0	12010524	
1872	9	0	0	0	0	12010606	
1873	9	0	0	0	0	12010612	
1874	9	0	0	0	0	12010624	
1875	9	0	0	0	0	12010706	
1876	9	0	0	0	0	12010712	
1877	9	0	0	0	0	12010724	
1878	9	0	0	0	0	12010806	
1879	9	0	0	0	0	12010812	
1880	9	0	0	0	0	12010824	
1881	9	0	0	0	0	12010906	
1882	9	0	0	0	0	12010912	
1883	9	0	0	0	0	12010924	
1884	9	0	0	0	0	12011006	
1885	9	0	0	0	0	12011012	
1886	9	0	0	0	0	12011024	
1887	9	0	0	0	0	12011106	
1888	9	0	0	0	0	12011112	
1889	9	0	0	0	0	12011124	
1890	9	0	0	0	0	12011206	
1891	9	0	0	0	0	12011212	
1892	9	0	0	0	0	12011224	
1893	9	0	0	0	0	12011306	
1894	9	0	0	0	0	12011312	
1895	9	0	0	0	0	12011324	
1896	9	0	0	0	0	12011406	
1897	9	0	0	0	0	12011412	
1898	9	0	0	0	0	12011424	
1899	9	0	0	0	0	12011506	
1900	9	0	0	0	0	12011512	
1901	9	0	0	0	0	12011524	
1902	9	0	0	0	0	12011606	
1903	9	0	0	0	0	12011612	
1904	9	0	0	0	0	12011624	
1905	9	0	0	0	0	12011706	
1906	9	0	0	0	0	12011712	
1907	9	0	0	0	0	12011724	
1908	9	0	0	0	0	12011806	
1909	9	0	0	0	0	12011812	
1910	9	0	0	0	0	12011824	
1911	9	0	0	0	0	12011906	
1912	9	0	0	0	0	12011912	
1913	9	0	0	0	0	12011924	
1914	9	0	0	0	0	12012006	
1915	9	0	0	0	0	12012012	
1916	9	0	0	0	0	12012024	
1917	9	0	0	0	0	12012106	
1918	9	0	0	0	0	12012112	
1919	9	0	0	0	0	12012124	
1920	9	0	0	0	0	12012206	
1921	9	0	0	0	0	12012212	
1922	9	0	0	0	0	12012224	
1923	9	0	0	0	0	12012306	
1924	9	0	0	0	0	12012312	
1925	9	0	0	0	0	12012324	
1926	9	0	0	0	0	12012406	
1927	9	0	0	0	0	12012412	
1928	9	0	0	0	0	12012424	
1929	9	0	0	0	0	12012506	
1930	9	0	0	0	0	12012512	
1931	9	0	0	0	0	12012524	
1932	9	0	0	0	0	12012606	
1933	9	0	0	0	0	12012612	
1934	9	0	0	0	0	12012624	
1935	9	0	0	0	0	12012706	
1936	9	0	0	0	0	12012712	
1937	9	0	0	0	0	12012724	
1938	9	0	0	0	0	12012806	
1939	9	0	0	0	0	12012812	
1940	9	0	0	0	0	12012824	
1941	9	0	0	0	0	12012906	
1942	9	0	0	0	0	12012912	
1943	9	0	0	0	0	12012924	
1944	9	0	0	0	0	12013006	
1945	9	0	0	0	0	12013012	
1946	9	0	0	0	0	12013024	
1947	9	0	0	0	0	12013106	
1948	9	0	0	0	0	12013112	
1949	9	0	0	0	0	12013124	
1950	9	0	0	0	0	12020106	
1951	9	0	0	0	0	12020112	
1952	9	0	0	0	0	12020124	
1953	9	0	0	0	0	12020206	
1954	9	0	0	0	0	12020212	
1955	9	0	0	0	0	12020224	
1956	9	0	0	0	0	12020306	
1957	9	0	0	0	0	12020312	
1958	9	0	0	0	0	12020324	
1959	9	0	0	0	0	12020406	
1960	9	0	0	0	0	12020412	
1961	9	0	0	0	0	12020424	
1962	9	0	0	0	0	12020506	
1963	9	0	0	0	0	12020512	
1964	9	0	0	0	0	12020524	
1965	9	0	0	0	0	12020606	
1966	9	0	0	0	0	12020612	
1967	9	0	0	0	0	12020624	
1968	9	0	0	0	0	12020706	
1969	9	0	0	0	0	12020712	
1970	9	0	0	0	0	12020724	
1971	9	0	0	0	0	12020806	
1972	9	0	0	0	0	12020812	
1973	9	0	0	0	0	12020824	
1974	9	0	0	0	0	12020906	
1975	9	0	0	0	0	12020912	
1976	9	0	0	0	0	12020924	
1977	9	0	0	0	0	12021006	
1978	9	0	0	0	0	12021012	
1979	9	0	0	0	0	12021024	
1980	9	0	0	0	0	12021106	
1981	9	0	0	0	0	12021112	
1982	9	0	0	0	0	12021124	
1983	9	0	0	0	0	12021206	
1984	9	0	0	0	0	12021212	
1985	9	0	0	0	0	12021224	
1986	9	0	0	0	0	12021306	
1987	9	0	0	0	0	12021312	
1988	9	0	0	0	0	12021324	
1989	9	0	0	0	0	12021406	
1990	9	0	0	0	0	12021412	
1991	9	0	0	0	0	12021424	
1992	9	0	0	0	0	12021506	
1993	9	0	0	0	0	12021512	
1994	9	0	0	0	0	12021524	
1995	9	0	0	0	0	12021606	
1996	9	0	0	0	0	12021612	
1997	9	0	0	0	0	12021624	
1998	9	0	0	0	0	12021706	
1999	9	0	0	0	0	12021712	
2000	9	0	0	0	0	12021724	
2001	9	0	0	0	0	12021806	
2002	9	0	0	0	0	12021812	
2003	9	0	0	0	0	12021824	
2004	9	0	0	0	0	12021906	
2005	9	0	0	0	0	12021912	
2006	9	0	0	0	0	12021924	
2007	9	0	0	0	0	12022006	
2008	9	0	0	0	0	12022012	
2009	9	0	0	0	0	12022024	
2010	9	0	0	0	0	12022106	
2011	9	0	0	0	0	12022112	
2012	9	0	0	0	0	12022124	
2013	9	0	0	0	0	12022206	
2014	9	0	0	0	0	12022212	
2015	9	0	0	0	0	12022224	
2016	9	0	0	0	0	12022306	
2017	9	0	0	0	0	12022312	
2018	9	0	0	0	0	12022324	
2019	9	0	0	0	0	12022406	
2020	9	0	0	0	0	12022412	
2021	9	0	0	0	0	12022424	
2022	9	0	0	0	0	12022506	
2023	9	0	0	0	0	12022512	
2024	9	0	0	0	0	12022524	
2025	9	0	0	0	0	12022606	
2026	9	0	0	0	0	12022612	
2027	9	0	0	0	0	12022624	
2028	9	0	0	0	0	12022706	
2029	9	0	0	0	0	12022712	
2030	9	18944	1.76429748535156e-05	18944	1.76429748535156e-05	12022724	
2031	9	0	0	18944	1.76429748535156e-05	12022806	
2032	9	0	0	18944	1.76429748535156e-05	12022812	
2033	9	16896	1.57356262207031e-05	35840	3.33786010742188e-05	12022824	
2034	9	0	1.57356262207031e-05	35840	3.33786010742188e-05	12022906	
2035	9	0	1.57356262207031e-05	35840	3.33786010742188e-05	12022912	
2036	9	0	1.57356262207031e-05	35840	3.33786010742188e-05	12022924	
2037	9	0	1.57356262207031e-05	35840	3.33786010742188e-05	12030106	
2038	9	0	1.57356262207031e-05	35840	3.33786010742188e-05	12030112	
2039	9	0	1.57356262207031e-05	35840	3.33786010742188e-05	12030124	
2040	9	0	1.57356262207031e-05	35840	3.33786010742188e-05	12030206	
2041	9	0	1.57356262207031e-05	35840	3.33786010742188e-05	12030212	
2042	9	0	1.57356262207031e-05	35840	3.33786010742188e-05	12030224	
2043	9	0	1.57356262207031e-05	35840	3.33786010742188e-05	12030306	
2044	9	0	1.57356262207031e-05	35840	3.33786010742188e-05	12030312	
2045	9	0	1.57356262207031e-05	35840	3.33786010742188e-05	12030324	
2046	9	0	1.57356262207031e-05	35840	3.33786010742188e-05	12030406	
2047	9	0	1.57356262207031e-05	35840	3.33786010742188e-05	12030412	
2048	9	0	1.57356262207031e-05	35840	3.33786010742188e-05	12030424	
2049	9	0	1.57356262207031e-05	35840	3.33786010742188e-05	12030506	
2050	9	0	1.57356262207031e-05	35840	3.33786010742188e-05	12030512	
2051	9	0	1.57356262207031e-05	35840	3.33786010742188e-05	12030524	
2052	9	0	1.57356262207031e-05	35840	3.33786010742188e-05	12030606	
2053	9	0	1.57356262207031e-05	35840	3.33786010742188e-05	12030612	
2054	9	0	1.57356262207031e-05	35840	3.33786010742188e-05	12030624	
2055	9	0	1.57356262207031e-05	35840	3.33786010742188e-05	12030706	
2056	9	0	1.57356262207031e-05	35840	3.33786010742188e-05	12030712	
2057	9	6144	2.14576721191406e-05	41984	3.91006469726562e-05	12030724	
2058	9	0	2.14576721191406e-05	41984	3.91006469726562e-05	12030806	
2059	9	0	2.14576721191406e-05	41984	3.91006469726562e-05	12030812	
2060	9	0	2.14576721191406e-05	41984	3.91006469726562e-05	12030824	
2061	9	0	2.14576721191406e-05	41984	3.91006469726562e-05	12030906	
2062	9	0	2.14576721191406e-05	41984	3.91006469726562e-05	12030912	
2063	9	0	2.14576721191406e-05	41984	3.91006469726562e-05	12030924	
2064	9	0	2.14576721191406e-05	41984	3.91006469726562e-05	12031006	
2065	9	0	2.14576721191406e-05	41984	3.91006469726562e-05	12031012	
2066	9	0	2.14576721191406e-05	41984	3.91006469726562e-05	12031024	
2067	9	0	2.14576721191406e-05	41984	3.91006469726562e-05	12031106	
2068	9	0	2.14576721191406e-05	41984	3.91006469726562e-05	12031112	
2069	9	0	2.14576721191406e-05	41984	3.91006469726562e-05	12031124	
2070	9	0	2.14576721191406e-05	41984	3.91006469726562e-05	12031206	
2071	9	0	2.14576721191406e-05	41984	3.91006469726562e-05	12031212	
2072	9	0	2.14576721191406e-05	41984	3.91006469726562e-05	12031224	
2073	9	0	2.14576721191406e-05	41984	3.91006469726562e-05	12031306	
2074	9	0	2.14576721191406e-05	41984	3.91006469726562e-05	12031312	
2075	9	0	2.14576721191406e-05	41984	3.91006469726562e-05	12031324	
2076	9	0	2.14576721191406e-05	41984	3.91006469726562e-05	12031406	
2077	9	0	2.14576721191406e-05	41984	3.91006469726562e-05	12031412	
2078	9	0	2.14576721191406e-05	41984	3.91006469726562e-05	12031424	
2079	9	0	2.14576721191406e-05	41984	3.91006469726562e-05	12031506	
2080	9	0	2.14576721191406e-05	41984	3.91006469726562e-05	12031512	
2081	9	0	2.14576721191406e-05	41984	3.91006469726562e-05	12031524	
2082	9	0	2.14576721191406e-05	41984	3.91006469726562e-05	12031606	
2083	9	0	2.14576721191406e-05	41984	3.91006469726562e-05	12031612	
2084	9	0	2.14576721191406e-05	41984	3.91006469726562e-05	12031624	
2085	9	0	2.14576721191406e-05	41984	3.91006469726562e-05	12031706	
2086	9	0	2.14576721191406e-05	41984	3.91006469726562e-05	12031712	
2087	9	0	2.14576721191406e-05	41984	3.91006469726562e-05	12031724	
2088	9	0	2.14576721191406e-05	41984	3.91006469726562e-05	12031806	
2089	9	0	2.14576721191406e-05	41984	3.91006469726562e-05	12031812	
2090	9	0	2.14576721191406e-05	41984	3.91006469726562e-05	12031824	
2091	9	0	2.14576721191406e-05	41984	3.91006469726562e-05	12031906	
2092	9	-9216	1.28746032714844e-05	32768	3.0517578125e-05	12031912	
2093	9	6144	1.85966491699219e-05	38912	3.62396240234375e-05	12031924	
2094	9	0	1.85966491699219e-05	38912	3.62396240234375e-05	12032006	
2095	9	0	1.85966491699219e-05	38912	3.62396240234375e-05	12032012	
2096	9	0	1.85966491699219e-05	38912	3.62396240234375e-05	12032024	
2097	9	0	1.85966491699219e-05	38912	3.62396240234375e-05	12032106	
2098	9	0	1.85966491699219e-05	38912	3.62396240234375e-05	12032112	
2099	9	0	1.85966491699219e-05	38912	3.62396240234375e-05	12032124	
2100	9	0	1.85966491699219e-05	38912	3.62396240234375e-05	12032206	
2101	9	0	1.85966491699219e-05	38912	3.62396240234375e-05	12032212	
2102	9	0	1.85966491699219e-05	38912	3.62396240234375e-05	12032224	
2103	9	0	1.85966491699219e-05	38912	3.62396240234375e-05	12032306	
2104	9	0	1.85966491699219e-05	38912	3.62396240234375e-05	12032312	
2105	9	0	1.85966491699219e-05	38912	3.62396240234375e-05	12032324	
2106	9	0	1.85966491699219e-05	38912	3.62396240234375e-05	12032406	
2107	9	0	1.85966491699219e-05	38912	3.62396240234375e-05	12032412	
2108	9	0	1.85966491699219e-05	38912	3.62396240234375e-05	12032424	
2109	9	0	1.85966491699219e-05	38912	3.62396240234375e-05	12032506	
2110	9	0	1.85966491699219e-05	38912	3.62396240234375e-05	12032512	
2111	9	0	1.85966491699219e-05	38912	3.62396240234375e-05	12032524	
2112	9	0	1.85966491699219e-05	38912	3.62396240234375e-05	12032606	
2113	9	0	1.85966491699219e-05	38912	3.62396240234375e-05	12032612	
2114	9	0	1.85966491699219e-05	38912	3.62396240234375e-05	12032624	
2115	9	0	1.85966491699219e-05	38912	3.62396240234375e-05	12032706	
2116	9	0	1.85966491699219e-05	38912	3.62396240234375e-05	12032712	
2117	9	0	1.85966491699219e-05	38912	3.62396240234375e-05	12032724	
2118	9	0	1.85966491699219e-05	38912	3.62396240234375e-05	12032806	
2119	9	0	1.85966491699219e-05	38912	3.62396240234375e-05	12032812	
2120	9	0	1.85966491699219e-05	38912	3.62396240234375e-05	12032824	
2121	9	0	1.85966491699219e-05	38912	3.62396240234375e-05	12032906	
2122	9	0	1.85966491699219e-05	38912	3.62396240234375e-05	12032912	
2123	9	0	1.85966491699219e-05	38912	3.62396240234375e-05	12032924	
2124	9	0	1.85966491699219e-05	38912	3.62396240234375e-05	12033006	
2125	9	0	1.85966491699219e-05	38912	3.62396240234375e-05	12033012	
2126	9	0	1.85966491699219e-05	38912	3.62396240234375e-05	12033024	
2127	9	0	1.85966491699219e-05	38912	3.62396240234375e-05	12033106	
2128	9	0	1.85966491699219e-05	38912	3.62396240234375e-05	12033112	
2129	9	0	1.85966491699219e-05	38912	3.62396240234375e-05	12033124	
2130	9	0	1.85966491699219e-05	38912	3.62396240234375e-05	12040106	
2131	9	0	1.85966491699219e-05	38912	3.62396240234375e-05	12040112	
2132	9	0	1.85966491699219e-05	38912	3.62396240234375e-05	12040124	
2133	9	0	1.85966491699219e-05	38912	3.62396240234375e-05	12040206	
2134	9	0	1.85966491699219e-05	38912	3.62396240234375e-05	12040212	
2135	9	0	1.85966491699219e-05	38912	3.62396240234375e-05	12040224	
2136	9	0	1.85966491699219e-05	38912	3.62396240234375e-05	12040306	
2137	9	0	1.85966491699219e-05	38912	3.62396240234375e-05	12040312	
2138	9	0	1.85966491699219e-05	38912	3.62396240234375e-05	12040324	
