0	45	0	0	0	0	10042206	
1	45	0	0	0	0	10042212	
2	45	0	0	0	0	10042224	
3	45	0	0	0	0	10042306	
4	45	0	0	0	0	10042312	
5	45	0	0	0	0	10042324	
6	45	0	0	0	0	10042406	
7	45	0	0	0	0	10042412	
8	45	0	0	0	0	10042424	
9	45	0	0	0	0	10042506	
10	45	0	0	0	0	10042512	
11	45	0	0	0	0	10042524	
12	45	0	0	0	0	10042606	
13	45	0	0	0	0	10042612	
14	45	0	0	0	0	10042624	
15	45	0	0	0	0	10042706	
16	45	0	0	0	0	10042712	
17	45	0	0	0	0	10042724	
18	45	0	0	0	0	10042806	
19	45	0	0	0	0	10042812	
20	45	0	0	0	0	10042824	
21	45	0	0	0	0	10042906	
22	45	0	0	0	0	10042912	
23	45	0	0	0	0	10042924	
24	45	0	0	0	0	10043006	
25	45	0	0	0	0	10043012	
26	45	0	0	0	0	10043024	
27	45	0	0	0	0	10050106	
28	45	0	0	0	0	10050112	
29	45	0	0	0	0	10050124	
30	45	0	0	0	0	10050206	
31	45	0	0	0	0	10050212	
32	45	0	0	0	0	10050224	
33	45	0	0	0	0	10050306	
34	45	0	0	0	0	10050312	
35	45	0	0	0	0	10050324	
36	45	0	0	0	0	10050406	
37	45	0	0	0	0	10050412	
38	45	0	0	0	0	10050424	
39	45	0	0	0	0	10050506	
40	45	0	0	0	0	10050512	
41	45	0	0	0	0	10050524	
42	45	0	0	0	0	10050606	
43	45	0	0	0	0	10050612	
44	45	0	0	0	0	10050624	
45	45	0	0	0	0	10050706	
46	45	0	0	0	0	10050712	
47	45	0	0	0	0	10050724	
48	45	0	0	0	0	10050806	
49	45	0	0	0	0	10050812	
50	45	0	0	0	0	10050824	
51	45	0	0	0	0	10050906	
52	45	0	0	0	0	10050912	
53	45	0	0	0	0	10050924	
54	45	0	0	0	0	10051006	
55	45	0	0	0	0	10051012	
56	45	0	0	0	0	10051024	
57	45	0	0	0	0	10051106	
58	45	0	0	0	0	10051112	
59	45	0	0	0	0	10051124	
60	45	0	0	0	0	10051206	
61	45	0	0	0	0	10051212	
62	45	0	0	0	0	10051224	
63	45	0	0	0	0	10051306	
64	45	0	0	0	0	10051312	
65	45	0	0	0	0	10051324	
66	45	0	0	0	0	10051406	
67	45	0	0	0	0	10051412	
68	45	0	0	0	0	10051424	
69	45	0	0	0	0	10051506	
70	45	0	0	0	0	10051512	
71	45	0	0	0	0	10051524	
72	45	0	0	0	0	10051606	
73	45	0	0	0	0	10051612	
74	45	0	0	0	0	10051624	
75	45	0	0	0	0	10051706	
76	45	0	0	0	0	10051712	
77	45	0	0	0	0	10051724	
78	45	0	0	0	0	10051806	
79	45	0	0	0	0	10051812	
80	45	0	0	0	0	10051824	
81	45	0	0	0	0	10051906	
82	45	0	0	0	0	10051912	
83	45	0	0	0	0	10051924	
84	45	0	0	0	0	10052006	
85	45	0	0	0	0	10052012	
86	45	0	0	0	0	10052024	
87	45	0	0	0	0	10052106	
88	45	0	0	0	0	10052112	
89	45	0	0	0	0	10052124	
90	45	0	0	0	0	10052206	
91	45	0	0	0	0	10052212	
92	45	0	0	0	0	10052224	
93	45	0	0	0	0	10052306	
94	45	0	0	0	0	10052312	
95	45	0	0	0	0	10052324	
96	45	0	0	0	0	10052406	
97	45	0	0	0	0	10052412	
98	45	0	0	0	0	10052424	
99	45	0	0	0	0	10052506	
100	45	0	0	0	0	10052512	
101	45	0	0	0	0	10052524	
102	45	0	0	0	0	10052606	
103	45	0	0	0	0	10052612	
104	45	0	0	0	0	10052624	
105	45	0	0	0	0	10052706	
106	45	0	0	0	0	10052712	
107	45	0	0	0	0	10052724	
108	45	0	0	0	0	10052806	
109	45	0	0	0	0	10052812	
110	45	0	0	0	0	10052824	
111	45	0	0	0	0	10052906	
112	45	0	0	0	0	10052912	
113	45	0	0	0	0	10052924	
114	45	0	0	0	0	10053006	
115	45	0	0	0	0	10053012	
116	45	0	0	0	0	10053024	
117	45	0	0	0	0	10053106	
118	45	0	0	0	0	10053112	
119	45	0	0	0	0	10053124	
120	45	0	0	0	0	10060106	
121	45	0	0	0	0	10060112	
122	45	0	0	0	0	10060124	
123	45	0	0	0	0	10060206	
124	45	0	0	0	0	10060212	
125	45	0	0	0	0	10060224	
126	45	0	0	0	0	10060306	
127	45	0	0	0	0	10060312	
128	45	0	0	0	0	10060324	
129	45	0	0	0	0	10060406	
130	45	0	0	0	0	10060412	
131	45	0	0	0	0	10060424	
132	45	0	0	0	0	10060506	
133	45	0	0	0	0	10060512	
134	45	0	0	0	0	10060524	
135	45	0	0	0	0	10060606	
136	45	0	0	0	0	10060612	
137	45	0	0	0	0	10060624	
138	45	0	0	0	0	10060706	
139	45	0	0	0	0	10060712	
140	45	0	0	0	0	10060724	
141	45	0	0	0	0	10060806	
142	45	0	0	0	0	10060812	
143	45	0	0	0	0	10060824	
144	45	0	0	0	0	10060906	
145	45	0	0	0	0	10060912	
146	45	0	0	0	0	10060924	
147	45	0	0	0	0	10061006	
148	45	0	0	0	0	10061012	
149	45	0	0	0	0	10061024	
150	45	0	0	0	0	10061106	
151	45	0	0	0	0	10061112	
152	45	0	0	0	0	10061124	
153	45	0	0	0	0	10061206	
154	45	0	0	0	0	10061212	
155	45	0	0	0	0	10061224	
156	45	0	0	0	0	10061306	
157	45	0	0	0	0	10061312	
158	45	0	0	0	0	10061324	
159	45	0	0	0	0	10061406	
160	45	0	0	0	0	10061412	
161	45	0	0	0	0	10061424	
162	45	0	0	0	0	10061506	
163	45	0	0	0	0	10061512	
164	45	0	0	0	0	10061524	
165	45	0	0	0	0	10061606	
166	45	0	0	0	0	10061612	
167	45	0	0	0	0	10061624	
168	45	0	0	0	0	10061706	
169	45	0	0	0	0	10061712	
170	45	0	0	0	0	10061724	
171	45	0	0	0	0	10061806	
172	45	0	0	0	0	10061812	
173	45	0	0	0	0	10061824	
174	45	0	0	0	0	10061906	
175	45	0	0	0	0	10061912	
176	45	0	0	0	0	10061924	
177	45	0	0	0	0	10062006	
178	45	0	0	0	0	10062012	
179	45	0	0	0	0	10062024	
180	45	0	0	0	0	10062106	
181	45	0	0	0	0	10062112	
182	45	0	0	0	0	10062124	
183	45	0	0	0	0	10062206	
184	45	0	0	0	0	10062212	
185	45	0	0	0	0	10062224	
186	45	0	0	0	0	10062306	
187	45	0	0	0	0	10062312	
188	45	0	0	0	0	10062324	
189	45	0	0	0	0	10062406	
190	45	0	0	0	0	10062412	
191	45	0	0	0	0	10062424	
192	45	0	0	0	0	10062506	
193	45	0	0	0	0	10062512	
194	45	0	0	0	0	10062524	
195	45	0	0	0	0	10062606	
196	45	0	0	0	0	10062612	
197	45	0	0	0	0	10062624	
198	45	0	0	0	0	10062706	
199	45	0	0	0	0	10062712	
200	45	0	0	0	0	10062724	
201	45	0	0	0	0	10062806	
202	45	0	0	0	0	10062812	
203	45	0	0	0	0	10062824	
204	45	0	0	0	0	10062906	
205	45	0	0	0	0	10062912	
206	45	0	0	0	0	10062924	
207	45	0	0	0	0	10063006	
208	45	0	0	0	0	10063012	
209	45	0	0	0	0	10063024	
210	45	0	0	0	0	10070106	
211	45	0	0	0	0	10070112	
212	45	0	0	0	0	10070124	
213	45	0	0	0	0	10070206	
214	45	0	0	0	0	10070212	
215	45	0	0	0	0	10070224	
216	45	0	0	0	0	10070306	
217	45	0	0	0	0	10070312	
218	45	0	0	0	0	10070324	
219	45	0	0	0	0	10070406	
220	45	0	0	0	0	10070412	
221	45	0	0	0	0	10070424	
222	45	0	0	0	0	10070506	
223	45	0	0	0	0	10070512	
224	45	0	0	0	0	10070524	
225	45	0	0	0	0	10070606	
226	45	0	0	0	0	10070612	
227	45	0	0	0	0	10070624	
228	45	0	0	0	0	10070706	
229	45	0	0	0	0	10070712	
230	45	0	0	0	0	10070724	
231	45	0	0	0	0	10070806	
232	45	0	0	0	0	10070812	
233	45	0	0	0	0	10070824	
234	45	0	0	0	0	10070906	
235	45	0	0	0	0	10070912	
236	45	0	0	0	0	10070924	
237	45	0	0	0	0	10071006	
238	45	0	0	0	0	10071012	
239	45	0	0	0	0	10071024	
240	45	0	0	0	0	10071106	
241	45	0	0	0	0	10071112	
242	45	0	0	0	0	10071124	
243	45	0	0	0	0	10071206	
244	45	0	0	0	0	10071212	
245	45	0	0	0	0	10071224	
246	45	0	0	0	0	10071306	
247	45	0	0	0	0	10071312	
248	45	0	0	0	0	10071324	
249	45	0	0	0	0	10071406	
250	45	0	0	0	0	10071412	
251	45	0	0	0	0	10071424	
252	45	0	0	0	0	10071506	
253	45	0	0	0	0	10071512	
254	45	0	0	0	0	10071524	
255	45	0	0	0	0	10071606	
256	45	0	0	0	0	10071612	
257	45	0	0	0	0	10071624	
258	45	0	0	0	0	10071706	
259	45	0	0	0	0	10071712	
260	45	0	0	0	0	10071724	
261	45	0	0	0	0	10071806	
262	45	0	0	0	0	10071812	
263	45	0	0	0	0	10071824	
264	45	0	0	0	0	10071906	
265	45	0	0	0	0	10071912	
266	45	0	0	0	0	10071924	
267	45	0	0	0	0	10072006	
268	45	0	0	0	0	10072012	
269	45	0	0	0	0	10072024	
270	45	0	0	0	0	10072106	
271	45	0	0	0	0	10072112	
272	45	0	0	0	0	10072124	
273	45	0	0	0	0	10072206	
274	45	0	0	0	0	10072212	
275	45	0	0	0	0	10072224	
276	45	0	0	0	0	10072306	
277	45	0	0	0	0	10072312	
278	45	0	0	0	0	10072324	
279	45	0	0	0	0	10072406	
280	45	0	0	0	0	10072412	
281	45	0	0	0	0	10072424	
282	45	0	0	0	0	10072506	
283	45	0	0	0	0	10072512	
284	45	0	0	0	0	10072524	
285	45	0	0	0	0	10072606	
286	45	0	0	0	0	10072612	
287	45	0	0	0	0	10072624	
288	45	0	0	0	0	10072706	
289	45	0	0	0	0	10072712	
290	45	0	0	0	0	10072724	
291	45	0	0	0	0	10072806	
292	45	0	0	0	0	10072812	
293	45	0	0	0	0	10072824	
294	45	0	0	0	0	10072906	
295	45	0	0	0	0	10072912	
296	45	0	0	0	0	10072924	
297	45	0	0	0	0	10073006	
298	45	0	0	0	0	10073012	
299	45	0	0	0	0	10073024	
300	45	0	0	0	0	10073106	
301	45	0	0	0	0	10073112	
302	45	0	0	0	0	10073124	
303	45	0	0	0	0	10080106	
304	45	0	0	0	0	10080112	
305	45	0	0	0	0	10080124	
306	45	0	0	0	0	10080206	
307	45	0	0	0	0	10080212	
308	45	0	0	0	0	10080224	
309	45	0	0	0	0	10080306	
310	45	0	0	0	0	10080312	
311	45	0	0	0	0	10080324	
312	45	0	0	0	0	10080406	
313	45	0	0	0	0	10080412	
314	45	0	0	0	0	10080424	
315	45	0	0	0	0	10080506	
316	45	0	0	0	0	10080512	
317	45	0	0	0	0	10080524	
318	45	0	0	0	0	10080606	
319	45	0	0	0	0	10080612	
320	45	0	0	0	0	10080624	
321	45	0	0	0	0	10080706	
322	45	0	0	0	0	10080712	
323	45	0	0	0	0	10080724	
324	45	0	0	0	0	10080806	
325	45	0	0	0	0	10080812	
326	45	0	0	0	0	10080824	
327	45	0	0	0	0	10080906	
328	45	0	0	0	0	10080912	
329	45	0	0	0	0	10080924	
330	45	0	0	0	0	10081006	
331	45	0	0	0	0	10081012	
332	45	0	0	0	0	10081024	
333	45	0	0	0	0	10081106	
334	45	0	0	0	0	10081112	
335	45	0	0	0	0	10081124	
336	45	0	0	0	0	10081206	
337	45	0	0	0	0	10081212	
338	45	0	0	0	0	10081224	
339	45	0	0	0	0	10081306	
340	45	0	0	0	0	10081312	
341	45	0	0	0	0	10081324	
342	45	0	0	0	0	10081406	
343	45	0	0	0	0	10081412	
344	45	0	0	0	0	10081424	
345	45	0	0	0	0	10081506	
346	45	0	0	0	0	10081512	
347	45	0	0	0	0	10081524	
348	45	0	0	0	0	10081606	
349	45	0	0	0	0	10081612	
350	45	0	0	0	0	10081624	
351	45	0	0	0	0	10081706	
352	45	0	0	0	0	10081712	
353	45	0	0	0	0	10081724	
354	45	0	0	0	0	10081806	
355	45	0	0	0	0	10081812	
356	45	0	0	0	0	10081824	
357	45	0	0	0	0	10081906	
358	45	0	0	0	0	10081912	
359	45	0	0	0	0	10081924	
360	45	0	0	0	0	10082006	
361	45	0	0	0	0	10082012	
362	45	0	0	0	0	10082024	
363	45	0	0	0	0	10082106	
364	45	0	0	0	0	10082112	
365	45	0	0	0	0	10082124	
366	45	0	0	0	0	10082206	
367	45	0	0	0	0	10082212	
368	45	0	0	0	0	10082224	
369	45	0	0	0	0	10082306	
370	45	0	0	0	0	10082312	
371	45	0	0	0	0	10082324	
372	45	0	0	0	0	10082406	
373	45	0	0	0	0	10082412	
374	45	0	0	0	0	10082424	
375	45	0	0	0	0	10082506	
376	45	0	0	0	0	10082512	
377	45	0	0	0	0	10082524	
378	45	0	0	0	0	10082606	
379	45	0	0	0	0	10082612	
380	45	0	0	0	0	10082624	
381	45	0	0	0	0	10082706	
382	45	0	0	0	0	10082712	
383	45	0	0	0	0	10082724	
384	45	0	0	0	0	10082806	
385	45	0	0	0	0	10082812	
386	45	0	0	0	0	10082824	
387	45	0	0	0	0	10082906	
388	45	0	0	0	0	10082912	
389	45	0	0	0	0	10082924	
390	45	0	0	0	0	10083006	
391	45	0	0	0	0	10083012	
392	45	0	0	0	0	10083024	
393	45	0	0	0	0	10083106	
394	45	0	0	0	0	10083112	
395	45	0	0	0	0	10083124	
396	45	0	0	0	0	10090106	
397	45	0	0	0	0	10090112	
398	45	0	0	0	0	10090124	
399	45	0	0	0	0	10090206	
400	45	0	0	0	0	10090212	
401	45	0	0	0	0	10090224	
402	45	0	0	0	0	10090306	
403	45	0	0	0	0	10090312	
404	45	0	0	0	0	10090324	
405	45	0	0	0	0	10090406	
406	45	0	0	0	0	10090412	
407	45	0	0	0	0	10090424	
408	45	0	0	0	0	10090506	
409	45	0	0	0	0	10090512	
410	45	0	0	0	0	10090524	
411	45	0	0	0	0	10090606	
412	45	0	0	0	0	10090612	
413	45	0	0	0	0	10090624	
414	45	0	0	0	0	10090706	
415	45	0	0	0	0	10090712	
416	45	0	0	0	0	10090724	
417	45	0	0	0	0	10090806	
418	45	0	0	0	0	10090812	
419	45	0	0	0	0	10090824	
420	45	0	0	0	0	10090906	
421	45	0	0	0	0	10090912	
422	45	0	0	0	0	10090924	
423	45	0	0	0	0	10091006	
424	45	0	0	0	0	10091012	
425	45	0	0	0	0	10091024	
426	45	0	0	0	0	10091106	
427	45	0	0	0	0	10091112	
428	45	0	0	0	0	10091124	
429	45	0	0	0	0	10091206	
430	45	0	0	0	0	10091212	
431	45	0	0	0	0	10091224	
432	45	0	0	0	0	10091306	
433	45	0	0	0	0	10091312	
434	45	0	0	0	0	10091324	
435	45	0	0	0	0	10091406	
436	45	0	0	0	0	10091412	
437	45	0	0	0	0	10091424	
438	45	0	0	0	0	10091506	
439	45	0	0	0	0	10091512	
440	45	0	0	0	0	10091524	
441	45	0	0	0	0	10091606	
442	45	0	0	0	0	10091612	
443	45	0	0	0	0	10091624	
444	45	0	0	0	0	10091706	
445	45	0	0	0	0	10091712	
446	45	0	0	0	0	10091724	
447	45	0	0	0	0	10091806	
448	45	0	0	0	0	10091812	
449	45	0	0	0	0	10091824	
450	45	0	0	0	0	10091906	
451	45	0	0	0	0	10091912	
452	45	0	0	0	0	10091924	
453	45	0	0	0	0	10092006	
454	45	0	0	0	0	10092012	
455	45	0	0	0	0	10092024	
456	45	0	0	0	0	10092106	
457	45	0	0	0	0	10092112	
458	45	0	0	0	0	10092124	
459	45	0	0	0	0	10092206	
460	45	0	0	0	0	10092212	
461	45	0	0	0	0	10092224	
462	45	0	0	0	0	10092306	
463	45	0	0	0	0	10092312	
464	45	0	0	0	0	10092324	
465	45	0	0	0	0	10092406	
466	45	0	0	0	0	10092412	
467	45	0	0	0	0	10092424	
468	45	0	0	0	0	10092506	
469	45	0	0	0	0	10092512	
470	45	0	0	0	0	10092524	
471	45	0	0	0	0	10092606	
472	45	0	0	0	0	10092612	
473	45	0	0	0	0	10092624	
474	45	0	0	0	0	10092706	
475	45	0	0	0	0	10092712	
476	45	0	0	0	0	10092724	
477	45	0	0	0	0	10092806	
478	45	0	0	0	0	10092812	
479	45	0	0	0	0	10092824	
480	45	0	0	0	0	10092906	
481	45	0	0	0	0	10092912	
482	45	0	0	0	0	10092924	
483	45	0	0	0	0	10093006	
484	45	0	0	0	0	10093012	
485	45	0	0	0	0	10093024	
486	45	0	0	0	0	10100106	
487	45	0	0	0	0	10100112	
488	45	0	0	0	0	10100124	
489	45	0	0	0	0	10100206	
490	45	0	0	0	0	10100212	
491	45	0	0	0	0	10100224	
492	45	0	0	0	0	10100306	
493	45	0	0	0	0	10100312	
494	45	0	0	0	0	10100324	
495	45	0	0	0	0	10100406	
496	45	0	0	0	0	10100412	
497	45	0	0	0	0	10100424	
498	45	0	0	0	0	10100506	
499	45	0	0	0	0	10100512	
500	45	0	0	0	0	10100524	
501	45	0	0	0	0	10100606	
502	45	0	0	0	0	10100612	
503	45	0	0	0	0	10100624	
504	45	0	0	0	0	10100706	
505	45	0	0	0	0	10100712	
506	45	0	0	0	0	10100724	
507	45	0	0	0	0	10100806	
508	45	0	0	0	0	10100812	
509	45	0	0	0	0	10100824	
510	45	0	0	0	0	10100906	
511	45	0	0	0	0	10100912	
512	45	0	0	0	0	10100924	
513	45	0	0	0	0	10101006	
514	45	0	0	0	0	10101012	
515	45	0	0	0	0	10101024	
516	45	0	0	0	0	10101106	
517	45	0	0	0	0	10101112	
518	45	0	0	0	0	10101124	
519	45	0	0	0	0	10101206	
520	45	0	0	0	0	10101212	
521	45	0	0	0	0	10101224	
522	45	0	0	0	0	10101306	
523	45	0	0	0	0	10101312	
524	45	0	0	0	0	10101324	
525	45	0	0	0	0	10101406	
526	45	0	0	0	0	10101412	
527	45	0	0	0	0	10101424	
528	45	0	0	0	0	10101506	
529	45	0	0	0	0	10101512	
530	45	0	0	0	0	10101524	
531	45	0	0	0	0	10101606	
532	45	0	0	0	0	10101612	
533	45	0	0	0	0	10101624	
534	45	0	0	0	0	10101706	
535	45	0	0	0	0	10101712	
536	45	0	0	0	0	10101724	
537	45	0	0	0	0	10101806	
538	45	0	0	0	0	10101812	
539	45	0	0	0	0	10101824	
540	45	0	0	0	0	10101906	
541	45	0	0	0	0	10101912	
542	45	0	0	0	0	10101924	
543	45	0	0	0	0	10102006	
544	45	0	0	0	0	10102012	
545	45	0	0	0	0	10102024	
546	45	0	0	0	0	10102106	
547	45	0	0	0	0	10102112	
548	45	0	0	0	0	10102124	
549	45	0	0	0	0	10102206	
550	45	0	0	0	0	10102212	
551	45	0	0	0	0	10102224	
552	45	0	0	0	0	10102306	
553	45	0	0	0	0	10102312	
554	45	0	0	0	0	10102324	
555	45	0	0	0	0	10102406	
556	45	0	0	0	0	10102412	
557	45	0	0	0	0	10102424	
558	45	0	0	0	0	10102506	
559	45	0	0	0	0	10102512	
560	45	0	0	0	0	10102524	
561	45	0	0	0	0	10102606	
562	45	0	0	0	0	10102612	
563	45	0	0	0	0	10102624	
564	45	0	0	0	0	10102706	
565	45	0	0	0	0	10102712	
566	45	0	0	0	0	10102724	
567	45	0	0	0	0	10102806	
568	45	0	0	0	0	10102812	
569	45	0	0	0	0	10102824	
570	45	0	0	0	0	10102906	
571	45	0	0	0	0	10102912	
572	45	0	0	0	0	10102924	
573	45	0	0	0	0	10103006	
574	45	0	0	0	0	10103012	
575	45	0	0	0	0	10103024	
576	45	0	0	0	0	10103106	
577	45	0	0	0	0	10103112	
578	45	0	0	0	0	10103124	
579	45	0	0	0	0	10110106	
580	45	0	0	0	0	10110112	
581	45	0	0	0	0	10110124	
582	45	0	0	0	0	10110206	
583	45	0	0	0	0	10110212	
584	45	0	0	0	0	10110224	
585	45	0	0	0	0	10110306	
586	45	0	0	0	0	10110312	
587	45	0	0	0	0	10110324	
588	45	0	0	0	0	10110406	
589	45	0	0	0	0	10110412	
590	45	0	0	0	0	10110424	
591	45	0	0	0	0	10110506	
592	45	0	0	0	0	10110512	
593	45	0	0	0	0	10110524	
594	45	0	0	0	0	10110606	
595	45	0	0	0	0	10110612	
596	45	0	0	0	0	10110624	
597	45	0	0	0	0	10110706	
598	45	0	0	0	0	10110712	
599	45	0	0	0	0	10110724	
600	45	0	0	0	0	10110806	
601	45	0	0	0	0	10110812	
602	45	0	0	0	0	10110824	
603	45	0	0	0	0	10110906	
604	45	0	0	0	0	10110912	
605	45	0	0	0	0	10110924	
606	45	0	0	0	0	10111006	
607	45	0	0	0	0	10111012	
608	45	0	0	0	0	10111024	
609	45	0	0	0	0	10111106	
610	45	0	0	0	0	10111112	
611	45	0	0	0	0	10111124	
612	45	0	0	0	0	10111206	
613	45	0	0	0	0	10111212	
614	45	0	0	0	0	10111224	
615	45	0	0	0	0	10111306	
616	45	0	0	0	0	10111312	
617	45	0	0	0	0	10111324	
618	45	0	0	0	0	10111406	
619	45	0	0	0	0	10111412	
620	45	0	0	0	0	10111424	
621	45	0	0	0	0	10111506	
622	45	0	0	0	0	10111512	
623	45	0	0	0	0	10111524	
624	45	0	0	0	0	10111606	
625	45	0	0	0	0	10111612	
626	45	0	0	0	0	10111624	
627	45	0	0	0	0	10111706	
628	45	0	0	0	0	10111712	
629	45	0	0	0	0	10111724	
630	45	0	0	0	0	10111806	
631	45	0	0	0	0	10111812	
632	45	0	0	0	0	10111824	
633	45	0	0	0	0	10111906	
634	45	0	0	0	0	10111912	
635	45	0	0	0	0	10111924	
636	45	0	0	0	0	10112006	
637	45	0	0	0	0	10112012	
638	45	0	0	0	0	10112024	
639	45	0	0	0	0	10112106	
640	45	0	0	0	0	10112112	
641	45	0	0	0	0	10112124	
642	45	0	0	0	0	10112206	
643	45	0	0	0	0	10112212	
644	45	0	0	0	0	10112224	
645	45	0	0	0	0	10112306	
646	45	0	0	0	0	10112312	
647	45	0	0	0	0	10112324	
648	45	0	0	0	0	10112406	
649	45	0	0	0	0	10112412	
650	45	0	0	0	0	10112424	
651	45	0	0	0	0	10112506	
652	45	0	0	0	0	10112512	
653	45	0	0	0	0	10112524	
654	45	0	0	0	0	10112606	
655	45	0	0	0	0	10112612	
656	45	0	0	0	0	10112624	
657	45	0	0	0	0	10112706	
658	45	0	0	0	0	10112712	
659	45	0	0	0	0	10112724	
660	45	0	0	0	0	10112806	
661	45	0	0	0	0	10112812	
662	45	0	0	0	0	10112824	
663	45	0	0	0	0	10112906	
664	45	0	0	0	0	10112912	
665	45	0	0	0	0	10112924	
666	45	0	0	0	0	10113006	
667	45	0	0	0	0	10113012	
668	45	0	0	0	0	10113024	
669	45	0	0	0	0	10120106	
670	45	0	0	0	0	10120112	
671	45	0	0	0	0	10120124	
672	45	0	0	0	0	10120206	
673	45	0	0	0	0	10120212	
674	45	0	0	0	0	10120224	
675	45	0	0	0	0	10120306	
676	45	0	0	0	0	10120312	
677	45	0	0	0	0	10120324	
678	45	0	0	0	0	10120406	
679	45	0	0	0	0	10120412	
680	45	0	0	0	0	10120424	
681	45	0	0	0	0	10120506	
682	45	0	0	0	0	10120512	
683	45	0	0	0	0	10120524	
684	45	0	0	0	0	10120606	
685	45	0	0	0	0	10120612	
686	45	0	0	0	0	10120624	
687	45	0	0	0	0	10120706	
688	45	0	0	0	0	10120712	
689	45	0	0	0	0	10120724	
690	45	0	0	0	0	10120806	
691	45	0	0	0	0	10120812	
692	45	0	0	0	0	10120824	
693	45	0	0	0	0	10120906	
694	45	0	0	0	0	10120912	
695	45	0	0	0	0	10120924	
696	45	0	0	0	0	10121006	
697	45	0	0	0	0	10121012	
698	45	0	0	0	0	10121024	
699	45	0	0	0	0	10121106	
700	45	0	0	0	0	10121112	
701	45	0	0	0	0	10121124	
702	45	0	0	0	0	10121206	
703	45	0	0	0	0	10121212	
704	45	0	0	0	0	10121224	
705	45	0	0	0	0	10121306	
706	45	0	0	0	0	10121312	
707	45	0	0	0	0	10121324	
708	45	0	0	0	0	10121406	
709	45	0	0	0	0	10121412	
710	45	0	0	0	0	10121424	
711	45	0	0	0	0	10121506	
712	45	0	0	0	0	10121512	
713	45	0	0	0	0	10121524	
714	45	0	0	0	0	10121606	
715	45	0	0	0	0	10121612	
716	45	0	0	0	0	10121624	
717	45	0	0	0	0	10121706	
718	45	0	0	0	0	10121712	
719	45	0	0	0	0	10121724	
720	45	0	0	0	0	10121806	
721	45	0	0	0	0	10121812	
722	45	0	0	0	0	10121824	
723	45	0	0	0	0	10121906	
724	45	0	0	0	0	10121912	
725	45	0	0	0	0	10121924	
726	45	0	0	0	0	10122006	
727	45	0	0	0	0	10122012	
728	45	0	0	0	0	10122024	
729	45	0	0	0	0	10122106	
730	45	0	0	0	0	10122112	
731	45	0	0	0	0	10122124	
732	45	0	0	0	0	10122206	
733	45	0	0	0	0	10122212	
734	45	0	0	0	0	10122224	
735	45	0	0	0	0	10122306	
736	45	0	0	0	0	10122312	
737	45	0	0	0	0	10122324	
738	45	0	0	0	0	10122406	
739	45	0	0	0	0	10122412	
740	45	0	0	0	0	10122424	
741	45	0	0	0	0	10122506	
742	45	0	0	0	0	10122512	
743	45	0	0	0	0	10122524	
744	45	0	0	0	0	10122606	
745	45	0	0	0	0	10122612	
746	45	0	0	0	0	10122624	
747	45	0	0	0	0	10122706	
748	45	0	0	0	0	10122712	
749	45	0	0	0	0	10122724	
750	45	0	0	0	0	10122806	
751	45	0	0	0	0	10122812	
752	45	0	0	0	0	10122824	
753	45	0	0	0	0	10122906	
754	45	0	0	0	0	10122912	
755	45	0	0	0	0	10122924	
756	45	0	0	0	0	10123006	
757	45	0	0	0	0	10123012	
758	45	0	0	0	0	10123024	
759	45	0	0	0	0	10123106	
760	45	0	0	0	0	10123112	
761	45	0	0	0	0	10123124	
762	45	0	0	0	0	11010106	
763	45	0	0	0	0	11010112	
764	45	0	0	0	0	11010124	
765	45	0	0	0	0	11010206	
766	45	0	0	0	0	11010212	
767	45	0	0	0	0	11010224	
768	45	0	0	0	0	11010306	
769	45	0	0	0	0	11010312	
770	45	0	0	0	0	11010324	
771	45	0	0	0	0	11010406	
772	45	0	0	0	0	11010412	
773	45	0	0	0	0	11010424	
774	45	0	0	0	0	11010506	
775	45	0	0	0	0	11010512	
776	45	0	0	0	0	11010524	
777	45	0	0	0	0	11010606	
778	45	0	0	0	0	11010612	
779	45	0	0	0	0	11010624	
780	45	0	0	0	0	11010706	
781	45	0	0	0	0	11010712	
782	45	0	0	0	0	11010724	
783	45	0	0	0	0	11010806	
784	45	0	0	0	0	11010812	
785	45	0	0	0	0	11010824	
786	45	0	0	0	0	11010906	
787	45	0	0	0	0	11010912	
788	45	0	0	0	0	11010924	
789	45	0	0	0	0	11011006	
790	45	0	0	0	0	11011012	
791	45	0	0	0	0	11011024	
792	45	0	0	0	0	11011106	
793	45	0	0	0	0	11011112	
794	45	0	0	0	0	11011124	
795	45	0	0	0	0	11011206	
796	45	0	0	0	0	11011212	
797	45	0	0	0	0	11011224	
798	45	0	0	0	0	11011306	
799	45	0	0	0	0	11011312	
800	45	0	0	0	0	11011324	
801	45	0	0	0	0	11011406	
802	45	0	0	0	0	11011412	
803	45	0	0	0	0	11011424	
804	45	0	0	0	0	11011506	
805	45	0	0	0	0	11011512	
806	45	0	0	0	0	11011524	
807	45	0	0	0	0	11011606	
808	45	0	0	0	0	11011612	
809	45	0	0	0	0	11011624	
810	45	0	0	0	0	11011706	
811	45	0	0	0	0	11011712	
812	45	0	0	0	0	11011724	
813	45	0	0	0	0	11011806	
814	45	0	0	0	0	11011812	
815	45	0	0	0	0	11011824	
816	45	0	0	0	0	11011906	
817	45	0	0	0	0	11011912	
818	45	0	0	0	0	11011924	
819	45	0	0	0	0	11012006	
820	45	0	0	0	0	11012012	
821	45	0	0	0	0	11012024	
822	45	0	0	0	0	11012106	
823	45	0	0	0	0	11012112	
824	45	0	0	0	0	11012124	
825	45	0	0	0	0	11012206	
826	45	0	0	0	0	11012212	
827	45	0	0	0	0	11012224	
828	45	0	0	0	0	11012306	
829	45	0	0	0	0	11012312	
830	45	0	0	0	0	11012324	
831	45	0	0	0	0	11012406	
832	45	0	0	0	0	11012412	
833	45	0	0	0	0	11012424	
834	45	0	0	0	0	11012506	
835	45	0	0	0	0	11012512	
836	45	0	0	0	0	11012524	
837	45	0	0	0	0	11012606	
838	45	0	0	0	0	11012612	
839	45	0	0	0	0	11012624	
840	45	0	0	0	0	11012706	
841	45	0	0	0	0	11012712	
842	45	0	0	0	0	11012724	
843	45	0	0	0	0	11012806	
844	45	0	0	0	0	11012812	
845	45	0	0	0	0	11012824	
846	45	0	0	0	0	11012906	
847	45	0	0	0	0	11012912	
848	45	0	0	0	0	11012924	
849	45	0	0	0	0	11013006	
850	45	0	0	0	0	11013012	
851	45	0	0	0	0	11013024	
852	45	0	0	0	0	11013106	
853	45	0	0	0	0	11013112	
854	45	0	0	0	0	11013124	
855	45	0	0	0	0	11020106	
856	45	0	0	0	0	11020112	
857	45	0	0	0	0	11020124	
858	45	0	0	0	0	11020206	
859	45	0	0	0	0	11020212	
860	45	0	0	0	0	11020224	
861	45	0	0	0	0	11020306	
862	45	0	0	0	0	11020312	
863	45	0	0	0	0	11020324	
864	45	0	0	0	0	11020406	
865	45	0	0	0	0	11020412	
866	45	0	0	0	0	11020424	
867	45	0	0	0	0	11020506	
868	45	0	0	0	0	11020512	
869	45	0	0	0	0	11020524	
870	45	0	0	0	0	11020606	
871	45	0	0	0	0	11020612	
872	45	0	0	0	0	11020624	
873	45	0	0	0	0	11020706	
874	45	0	0	0	0	11020712	
875	45	0	0	0	0	11020724	
876	45	0	0	0	0	11020806	
877	45	0	0	0	0	11020812	
878	45	0	0	0	0	11020824	
879	45	0	0	0	0	11020906	
880	45	0	0	0	0	11020912	
881	45	0	0	0	0	11020924	
882	45	0	0	0	0	11021006	
883	45	0	0	0	0	11021012	
884	45	0	0	0	0	11021024	
885	45	0	0	0	0	11021106	
886	45	0	0	0	0	11021112	
887	45	0	0	0	0	11021124	
888	45	0	0	0	0	11021206	
889	45	0	0	0	0	11021212	
890	45	0	0	0	0	11021224	
891	45	0	0	0	0	11021306	
892	45	0	0	0	0	11021312	
893	45	0	0	0	0	11021324	
894	45	0	0	0	0	11021406	
895	45	0	0	0	0	11021412	
896	45	0	0	0	0	11021424	
897	45	0	0	0	0	11021506	
898	45	0	0	0	0	11021512	
899	45	0	0	0	0	11021524	
900	45	0	0	0	0	11021606	
901	45	0	0	0	0	11021612	
902	45	0	0	0	0	11021624	
903	45	0	0	0	0	11021706	
904	45	0	0	0	0	11021712	
905	45	0	0	0	0	11021724	
906	45	0	0	0	0	11021806	
907	45	0	0	0	0	11021812	
908	45	0	0	0	0	11021824	
909	45	0	0	0	0	11021906	
910	45	0	0	0	0	11021912	
911	45	0	0	0	0	11021924	
912	45	0	0	0	0	11022006	
913	45	0	0	0	0	11022012	
914	45	0	0	0	0	11022024	
915	45	0	0	0	0	11022106	
916	45	0	0	0	0	11022112	
917	45	0	0	0	0	11022124	
918	45	0	0	0	0	11022206	
919	45	0	0	0	0	11022212	
920	45	0	0	0	0	11022224	
921	45	0	0	0	0	11022306	
922	45	0	0	0	0	11022312	
923	45	0	0	0	0	11022324	
924	45	0	0	0	0	11022406	
925	45	0	0	0	0	11022412	
926	45	0	0	0	0	11022424	
927	45	0	0	0	0	11022506	
928	45	0	0	0	0	11022512	
929	45	0	0	0	0	11022524	
930	45	0	0	0	0	11022606	
931	45	0	0	0	0	11022612	
932	45	0	0	0	0	11022624	
933	45	0	0	0	0	11022706	
934	45	0	0	0	0	11022712	
935	45	0	0	0	0	11022724	
936	45	0	0	0	0	11022806	
937	45	0	0	0	0	11022812	
938	45	0	0	0	0	11022824	
939	45	0	0	0	0	11030106	
940	45	0	0	0	0	11030112	
941	45	0	0	0	0	11030124	
942	45	0	0	0	0	11030206	
943	45	0	0	0	0	11030212	
944	45	0	0	0	0	11030224	
945	45	0	0	0	0	11030306	
946	45	0	0	0	0	11030312	
947	45	0	0	0	0	11030324	
948	45	0	0	0	0	11030406	
949	45	0	0	0	0	11030412	
950	45	0	0	0	0	11030424	
951	45	0	0	0	0	11030506	
952	45	0	0	0	0	11030512	
953	45	0	0	0	0	11030524	
954	45	0	0	0	0	11030606	
955	45	0	0	0	0	11030612	
956	45	0	0	0	0	11030624	
957	45	0	0	0	0	11030706	
958	45	0	0	0	0	11030712	
959	45	0	0	0	0	11030724	
960	45	0	0	0	0	11030806	
961	45	0	0	0	0	11030812	
962	45	0	0	0	0	11030824	
963	45	0	0	0	0	11030906	
964	45	0	0	0	0	11030912	
965	45	0	0	0	0	11030924	
966	45	0	0	0	0	11031006	
967	45	0	0	0	0	11031012	
968	45	0	0	0	0	11031024	
969	45	0	0	0	0	11031106	
970	45	0	0	0	0	11031112	
971	45	0	0	0	0	11031124	
972	45	0	0	0	0	11031206	
973	45	0	0	0	0	11031212	
974	45	0	0	0	0	11031224	
975	45	0	0	0	0	11031306	
976	45	0	0	0	0	11031312	
977	45	0	0	0	0	11031324	
978	45	0	0	0	0	11031406	
979	45	0	0	0	0	11031412	
980	45	0	0	0	0	11031424	
981	45	0	0	0	0	11031506	
982	45	0	0	0	0	11031512	
983	45	0	0	0	0	11031524	
984	45	0	0	0	0	11031606	
985	45	0	0	0	0	11031612	
986	45	0	0	0	0	11031624	
987	45	0	0	0	0	11031706	
988	45	0	0	0	0	11031712	
989	45	0	0	0	0	11031724	
990	45	0	0	0	0	11031806	
991	45	0	0	0	0	11031812	
992	45	0	0	0	0	11031824	
993	45	0	0	0	0	11031906	
994	45	0	0	0	0	11031912	
995	45	0	0	0	0	11031924	
996	45	0	0	0	0	11032006	
997	45	0	0	0	0	11032012	
998	45	0	0	0	0	11032024	
999	45	0	0	0	0	11032106	
1000	45	0	0	0	0	11032112	
1001	45	0	0	0	0	11032124	
1002	45	0	0	0	0	11032206	
1003	45	0	0	0	0	11032212	
1004	45	0	0	0	0	11032224	
1005	45	0	0	0	0	11032306	
1006	45	0	0	0	0	11032312	
1007	45	0	0	0	0	11032324	
1008	45	0	0	0	0	11032406	
1009	45	0	0	0	0	11032412	
1010	45	0	0	0	0	11032424	
1011	45	0	0	0	0	11032506	
1012	45	0	0	0	0	11032512	
1013	45	0	0	0	0	11032524	
1014	45	0	0	0	0	11032606	
1015	45	0	0	0	0	11032612	
1016	45	0	0	0	0	11032624	
1017	45	0	0	0	0	11032706	
1018	45	0	0	0	0	11032712	
1019	45	0	0	0	0	11032724	
1020	45	0	0	0	0	11032806	
1021	45	0	0	0	0	11032812	
1022	45	0	0	0	0	11032824	
1023	45	0	0	0	0	11032906	
1024	45	0	0	0	0	11032912	
1025	45	0	0	0	0	11032924	
1026	45	0	0	0	0	11033006	
1027	45	0	0	0	0	11033012	
1028	45	0	0	0	0	11033024	
1029	45	0	0	0	0	11033106	
1030	45	0	0	0	0	11033112	
1031	45	0	0	0	0	11033124	
1032	45	0	0	0	0	11040106	
1033	45	0	0	0	0	11040112	
1034	45	0	0	0	0	11040124	
1035	45	0	0	0	0	11040206	
1036	45	0	0	0	0	11040212	
1037	45	0	0	0	0	11040224	
1038	45	0	0	0	0	11040306	
1039	45	0	0	0	0	11040312	
1040	45	0	0	0	0	11040324	
1041	45	0	0	0	0	11040406	
1042	45	0	0	0	0	11040412	
1043	45	0	0	0	0	11040424	
1044	45	0	0	0	0	11040506	
1045	45	0	0	0	0	11040512	
1046	45	0	0	0	0	11040524	
1047	45	0	0	0	0	11040606	
1048	45	0	0	0	0	11040612	
1049	45	0	0	0	0	11040624	
1050	45	0	0	0	0	11040706	
1051	45	0	0	0	0	11040712	
1052	45	0	0	0	0	11040724	
1053	45	0	0	0	0	11040806	
1054	45	0	0	0	0	11040812	
1055	45	0	0	0	0	11040824	
1056	45	0	0	0	0	11040906	
1057	45	0	0	0	0	11040912	
1058	45	0	0	0	0	11040924	
1059	45	0	0	0	0	11041006	
1060	45	0	0	0	0	11041012	
1061	45	0	0	0	0	11041024	
1062	45	0	0	0	0	11041106	
1063	45	0	0	0	0	11041112	
1064	45	0	0	0	0	11041124	
1065	45	0	0	0	0	11041206	
1066	45	0	0	0	0	11041212	
1067	45	0	0	0	0	11041224	
1068	45	0	0	0	0	11041306	
1069	45	0	0	0	0	11041312	
1070	45	0	0	0	0	11041324	
1071	45	0	0	0	0	11041406	
1072	45	0	0	0	0	11041412	
1073	45	0	0	0	0	11041424	
1074	45	0	0	0	0	11041506	
1075	45	0	0	0	0	11041512	
1076	45	0	0	0	0	11041524	
1077	45	0	0	0	0	11041606	
1078	45	0	0	0	0	11041612	
1079	45	0	0	0	0	11041624	
1080	45	0	0	0	0	11041706	
1081	45	0	0	0	0	11041712	
1082	45	0	0	0	0	11041724	
1083	45	0	0	0	0	11041806	
1084	45	0	0	0	0	11041812	
1085	45	0	0	0	0	11041824	
1086	45	0	0	0	0	11041906	
1087	45	0	0	0	0	11041912	
1088	45	0	0	0	0	11041924	
1089	45	0	0	0	0	11042006	
1090	45	0	0	0	0	11042012	
1091	45	0	0	0	0	11042024	
1092	45	0	0	0	0	11042106	
1093	45	0	0	0	0	11042112	
1094	45	0	0	0	0	11042124	
1095	45	0	0	0	0	11042206	
1096	45	0	0	0	0	11042212	
1097	45	0	0	0	0	11042224	
1098	45	0	0	0	0	11042306	
1099	45	0	0	0	0	11042312	
1100	45	0	0	0	0	11042324	
1101	45	0	0	0	0	11042406	
1102	45	0	0	0	0	11042412	
1103	45	0	0	0	0	11042424	
1104	45	0	0	0	0	11042506	
1105	45	0	0	0	0	11042512	
1106	45	0	0	0	0	11042524	
1107	45	0	0	0	0	11042606	
1108	45	0	0	0	0	11042612	
1109	45	0	0	0	0	11042624	
1110	45	0	0	0	0	11042706	
1111	45	0	0	0	0	11042712	
1112	45	0	0	0	0	11042724	
1113	45	0	0	0	0	11042806	
1114	45	0	0	0	0	11042812	
1115	45	0	0	0	0	11042824	
1116	45	0	0	0	0	11042906	
1117	45	0	0	0	0	11042912	
1118	45	0	0	0	0	11042924	
1119	45	0	0	0	0	11043006	
1120	45	0	0	0	0	11043012	
1121	45	0	0	0	0	11043024	
1122	45	0	0	0	0	11050106	
1123	45	0	0	0	0	11050112	
1124	45	0	0	0	0	11050124	
1125	45	0	0	0	0	11050206	
1126	45	0	0	0	0	11050212	
1127	45	0	0	0	0	11050224	
1128	45	0	0	0	0	11050306	
1129	45	0	0	0	0	11050312	
1130	45	0	0	0	0	11050324	
1131	45	0	0	0	0	11050406	
1132	45	0	0	0	0	11050412	
1133	45	0	0	0	0	11050424	
1134	45	0	0	0	0	11050506	
1135	45	0	0	0	0	11050512	
1136	45	0	0	0	0	11050524	
1137	45	0	0	0	0	11050606	
1138	45	0	0	0	0	11050612	
1139	45	0	0	0	0	11050624	
1140	45	0	0	0	0	11050706	
1141	45	0	0	0	0	11050712	
1142	45	0	0	0	0	11050724	
1143	45	0	0	0	0	11050806	
1144	45	0	0	0	0	11050812	
1145	45	0	0	0	0	11050824	
1146	45	0	0	0	0	11050906	
1147	45	0	0	0	0	11050912	
1148	45	0	0	0	0	11050924	
1149	45	0	0	0	0	11051006	
1150	45	0	0	0	0	11051012	
1151	45	0	0	0	0	11051024	
1152	45	0	0	0	0	11051106	
1153	45	0	0	0	0	11051112	
1154	45	0	0	0	0	11051124	
1155	45	0	0	0	0	11051206	
1156	45	0	0	0	0	11051212	
1157	45	0	0	0	0	11051224	
1158	45	0	0	0	0	11051306	
1159	45	0	0	0	0	11051312	
1160	45	0	0	0	0	11051324	
1161	45	0	0	0	0	11051406	
1162	45	0	0	0	0	11051412	
1163	45	0	0	0	0	11051424	
1164	45	0	0	0	0	11051506	
1165	45	0	0	0	0	11051512	
1166	45	0	0	0	0	11051524	
1167	45	0	0	0	0	11051606	
1168	45	0	0	0	0	11051612	
1169	45	0	0	0	0	11051624	
1170	45	0	0	0	0	11051706	
1171	45	0	0	0	0	11051712	
1172	45	0	0	0	0	11051724	
1173	45	0	0	0	0	11051806	
1174	45	0	0	0	0	11051812	
1175	45	0	0	0	0	11051824	
1176	45	0	0	0	0	11051906	
1177	45	0	0	0	0	11051912	
1178	45	0	0	0	0	11051924	
1179	45	0	0	0	0	11052006	
1180	45	0	0	0	0	11052012	
1181	45	0	0	0	0	11052024	
1182	45	0	0	0	0	11052106	
1183	45	0	0	0	0	11052112	
1184	45	0	0	0	0	11052124	
1185	45	0	0	0	0	11052206	
1186	45	0	0	0	0	11052212	
1187	45	0	0	0	0	11052224	
1188	45	0	0	0	0	11052306	
1189	45	0	0	0	0	11052312	
1190	45	0	0	0	0	11052324	
1191	45	0	0	0	0	11052406	
1192	45	0	0	0	0	11052412	
1193	45	0	0	0	0	11052424	
1194	45	0	0	0	0	11052506	
1195	45	0	0	0	0	11052512	
1196	45	0	0	0	0	11052524	
1197	45	0	0	0	0	11052606	
1198	45	0	0	0	0	11052612	
1199	45	0	0	0	0	11052624	
1200	45	0	0	0	0	11052706	
1201	45	0	0	0	0	11052712	
1202	45	0	0	0	0	11052724	
1203	45	0	0	0	0	11052806	
1204	45	0	0	0	0	11052812	
1205	45	0	0	0	0	11052824	
1206	45	0	0	0	0	11052906	
1207	45	0	0	0	0	11052912	
1208	45	0	0	0	0	11052924	
1209	45	0	0	0	0	11053006	
1210	45	0	0	0	0	11053012	
1211	45	0	0	0	0	11053024	
1212	45	0	0	0	0	11053106	
1213	45	0	0	0	0	11053112	
1214	45	0	0	0	0	11053124	
1215	45	0	0	0	0	11060106	
1216	45	0	0	0	0	11060112	
1217	45	0	0	0	0	11060124	
1218	45	0	0	0	0	11060206	
1219	45	0	0	0	0	11060212	
1220	45	0	0	0	0	11060224	
1221	45	0	0	0	0	11060306	
1222	45	0	0	0	0	11060312	
1223	45	0	0	0	0	11060324	
1224	45	0	0	0	0	11060406	
1225	45	0	0	0	0	11060412	
1226	45	0	0	0	0	11060424	
1227	45	0	0	0	0	11060506	
1228	45	0	0	0	0	11060512	
1229	45	0	0	0	0	11060524	
1230	45	0	0	0	0	11060606	
1231	45	0	0	0	0	11060612	
1232	45	0	0	0	0	11060624	
1233	45	0	0	0	0	11060706	
1234	45	0	0	0	0	11060712	
1235	45	0	0	0	0	11060724	
1236	45	0	0	0	0	11060806	
1237	45	0	0	0	0	11060812	
1238	45	0	0	0	0	11060824	
1239	45	0	0	0	0	11060906	
1240	45	0	0	0	0	11060912	
1241	45	0	0	0	0	11060924	
1242	45	0	0	0	0	11061006	
1243	45	0	0	0	0	11061012	
1244	45	0	0	0	0	11061024	
1245	45	0	0	0	0	11061106	
1246	45	0	0	0	0	11061112	
1247	45	0	0	0	0	11061124	
1248	45	0	0	0	0	11061206	
1249	45	0	0	0	0	11061212	
1250	45	0	0	0	0	11061224	
1251	45	0	0	0	0	11061306	
1252	45	0	0	0	0	11061312	
1253	45	0	0	0	0	11061324	
1254	45	0	0	0	0	11061406	
1255	45	0	0	0	0	11061412	
1256	45	0	0	0	0	11061424	
1257	45	0	0	0	0	11061506	
1258	45	0	0	0	0	11061512	
1259	45	0	0	0	0	11061524	
1260	45	0	0	0	0	11061606	
1261	45	0	0	0	0	11061612	
1262	45	0	0	0	0	11061624	
1263	45	0	0	0	0	11061706	
1264	45	0	0	0	0	11061712	
1265	45	0	0	0	0	11061724	
1266	45	0	0	0	0	11061806	
1267	45	0	0	0	0	11061812	
1268	45	0	0	0	0	11061824	
1269	45	0	0	0	0	11061906	
1270	45	0	0	0	0	11061912	
1271	45	0	0	0	0	11061924	
1272	45	0	0	0	0	11062006	
1273	45	0	0	0	0	11062012	
1274	45	0	0	0	0	11062024	
1275	45	0	0	0	0	11062106	
1276	45	0	0	0	0	11062112	
1277	45	0	0	0	0	11062124	
1278	45	0	0	0	0	11062206	
1279	45	0	0	0	0	11062212	
1280	45	0	0	0	0	11062224	
1281	45	0	0	0	0	11062306	
1282	45	0	0	0	0	11062312	
1283	45	0	0	0	0	11062324	
1284	45	0	0	0	0	11062406	
1285	45	0	0	0	0	11062412	
1286	45	0	0	0	0	11062424	
1287	45	0	0	0	0	11062506	
1288	45	0	0	0	0	11062512	
1289	45	0	0	0	0	11062524	
1290	45	0	0	0	0	11062606	
1291	45	0	0	0	0	11062612	
1292	45	0	0	0	0	11062624	
1293	45	0	0	0	0	11062706	
1294	45	0	0	0	0	11062712	
1295	45	0	0	0	0	11062724	
1296	45	0	0	0	0	11062806	
1297	45	0	0	0	0	11062812	
1298	45	0	0	0	0	11062824	
1299	45	0	0	0	0	11062906	
1300	45	0	0	0	0	11062912	
1301	45	0	0	0	0	11062924	
1302	45	0	0	0	0	11063006	
1303	45	0	0	0	0	11063012	
1304	45	0	0	0	0	11063024	
1305	45	0	0	0	0	11070106	
1306	45	0	0	0	0	11070112	
1307	45	0	0	0	0	11070124	
1308	45	0	0	0	0	11070206	
1309	45	0	0	0	0	11070212	
1310	45	0	0	0	0	11070224	
1311	45	0	0	0	0	11070306	
1312	45	0	0	0	0	11070312	
1313	45	0	0	0	0	11070324	
1314	45	0	0	0	0	11070406	
1315	45	0	0	0	0	11070412	
1316	45	0	0	0	0	11070424	
1317	45	0	0	0	0	11070506	
1318	45	0	0	0	0	11070512	
1319	45	0	0	0	0	11070524	
1320	45	0	0	0	0	11070606	
1321	45	0	0	0	0	11070612	
1322	45	0	0	0	0	11070624	
1323	45	0	0	0	0	11070706	
1324	45	0	0	0	0	11070712	
1325	45	0	0	0	0	11070724	
1326	45	0	0	0	0	11070806	
1327	45	0	0	0	0	11070812	
1328	45	0	0	0	0	11070824	
1329	45	0	0	0	0	11070906	
1330	45	0	0	0	0	11070912	
1331	45	0	0	0	0	11070924	
1332	45	0	0	0	0	11071006	
1333	45	0	0	0	0	11071012	
1334	45	0	0	0	0	11071024	
1335	45	0	0	0	0	11071106	
1336	45	0	0	0	0	11071112	
1337	45	0	0	0	0	11071124	
1338	45	0	0	0	0	11071206	
1339	45	0	0	0	0	11071212	
1340	45	0	0	0	0	11071224	
1341	45	0	0	0	0	11071306	
1342	45	0	0	0	0	11071312	
1343	45	0	0	0	0	11071324	
1344	45	0	0	0	0	11071406	
1345	45	0	0	0	0	11071412	
1346	45	0	0	0	0	11071424	
1347	45	0	0	0	0	11071506	
1348	45	0	0	0	0	11071512	
1349	45	0	0	0	0	11071524	
1350	45	0	0	0	0	11071606	
1351	45	0	0	0	0	11071612	
1352	45	0	0	0	0	11071624	
1353	45	0	0	0	0	11071706	
1354	45	0	0	0	0	11071712	
1355	45	0	0	0	0	11071724	
1356	45	0	0	0	0	11071806	
1357	45	0	0	0	0	11071812	
1358	45	0	0	0	0	11071824	
1359	45	0	0	0	0	11071906	
1360	45	0	0	0	0	11071912	
1361	45	0	0	0	0	11071924	
1362	45	0	0	0	0	11072006	
1363	45	0	0	0	0	11072012	
1364	45	0	0	0	0	11072024	
1365	45	0	0	0	0	11072106	
1366	45	0	0	0	0	11072112	
1367	45	0	0	0	0	11072124	
1368	45	0	0	0	0	11072206	
1369	45	0	0	0	0	11072212	
1370	45	0	0	0	0	11072224	
1371	45	0	0	0	0	11072306	
1372	45	0	0	0	0	11072312	
1373	45	0	0	0	0	11072324	
1374	45	0	0	0	0	11072406	
1375	45	0	0	0	0	11072412	
1376	45	0	0	0	0	11072424	
1377	45	0	0	0	0	11072506	
1378	45	0	0	0	0	11072512	
1379	45	0	0	0	0	11072524	
1380	45	0	0	0	0	11072606	
1381	45	0	0	0	0	11072612	
1382	45	0	0	0	0	11072624	
1383	45	0	0	0	0	11072706	
1384	45	0	0	0	0	11072712	
1385	45	0	0	0	0	11072724	
1386	45	0	0	0	0	11072806	
1387	45	0	0	0	0	11072812	
1388	45	0	0	0	0	11072824	
1389	45	0	0	0	0	11072906	
1390	45	0	0	0	0	11072912	
1391	45	0	0	0	0	11072924	
1392	45	0	0	0	0	11073006	
1393	45	0	0	0	0	11073012	
1394	45	0	0	0	0	11073024	
1395	45	0	0	0	0	11073106	
1396	45	0	0	0	0	11073112	
1397	45	0	0	0	0	11073124	
1398	45	0	0	0	0	11080106	
1399	45	0	0	0	0	11080112	
1400	45	0	0	0	0	11080124	
1401	45	0	0	0	0	11080206	
1402	45	0	0	0	0	11080212	
1403	45	0	0	0	0	11080224	
1404	45	0	0	0	0	11080306	
1405	45	0	0	0	0	11080312	
1406	45	0	0	0	0	11080324	
1407	45	0	0	0	0	11080406	
1408	45	0	0	0	0	11080412	
1409	45	0	0	0	0	11080424	
1410	45	0	0	0	0	11080506	
1411	45	0	0	0	0	11080512	
1412	45	0	0	0	0	11080524	
1413	45	0	0	0	0	11080606	
1414	45	0	0	0	0	11080612	
1415	45	0	0	0	0	11080624	
1416	45	0	0	0	0	11080706	
1417	45	0	0	0	0	11080712	
1418	45	0	0	0	0	11080724	
1419	45	0	0	0	0	11080806	
1420	45	0	0	0	0	11080812	
1421	45	0	0	0	0	11080824	
1422	45	0	0	0	0	11080906	
1423	45	0	0	0	0	11080912	
1424	45	0	0	0	0	11080924	
1425	45	0	0	0	0	11081006	
1426	45	0	0	0	0	11081012	
1427	45	0	0	0	0	11081024	
1428	45	0	0	0	0	11081106	
1429	45	0	0	0	0	11081112	
1430	45	0	0	0	0	11081124	
1431	45	0	0	0	0	11081206	
1432	45	0	0	0	0	11081212	
1433	45	0	0	0	0	11081224	
1434	45	0	0	0	0	11081306	
1435	45	0	0	0	0	11081312	
1436	45	0	0	0	0	11081324	
1437	45	0	0	0	0	11081406	
1438	45	0	0	0	0	11081412	
1439	45	0	0	0	0	11081424	
1440	45	0	0	0	0	11081506	
1441	45	0	0	0	0	11081512	
1442	45	0	0	0	0	11081524	
1443	45	0	0	0	0	11081606	
1444	45	1024	9.5367431640625e-07	1024	9.5367431640625e-07	11081612	
1445	45	0	0	1024	9.5367431640625e-07	11081624	
1446	45	0	0	1024	9.5367431640625e-07	11081706	
1447	45	0	0	1024	9.5367431640625e-07	11081712	
1448	45	0	0	1024	9.5367431640625e-07	11081724	
1449	45	0	0	1024	9.5367431640625e-07	11081806	
1450	45	0	0	1024	9.5367431640625e-07	11081812	
1451	45	0	0	1024	9.5367431640625e-07	11081824	
1452	45	0	0	1024	9.5367431640625e-07	11081906	
1453	45	0	0	1024	9.5367431640625e-07	11081912	
1454	45	0	0	1024	9.5367431640625e-07	11081924	
1455	45	0	0	1024	9.5367431640625e-07	11082006	
1456	45	0	0	1024	9.5367431640625e-07	11082012	
1457	45	0	0	1024	9.5367431640625e-07	11082024	
1458	45	0	0	1024	9.5367431640625e-07	11082106	
1459	45	0	0	1024	9.5367431640625e-07	11082112	
1460	45	0	0	1024	9.5367431640625e-07	11082124	
1461	45	0	0	1024	9.5367431640625e-07	11082206	
1462	45	0	0	1024	9.5367431640625e-07	11082212	
1463	45	0	0	1024	9.5367431640625e-07	11082224	
1464	45	0	0	1024	9.5367431640625e-07	11082306	
1465	45	0	0	1024	9.5367431640625e-07	11082312	
1466	45	0	0	1024	9.5367431640625e-07	11082324	
1467	45	0	0	1024	9.5367431640625e-07	11082406	
1468	45	0	0	1024	9.5367431640625e-07	11082412	
1469	45	0	0	1024	9.5367431640625e-07	11082424	
1470	45	0	0	1024	9.5367431640625e-07	11082506	
1471	45	0	0	1024	9.5367431640625e-07	11082512	
1472	45	0	0	1024	9.5367431640625e-07	11082524	
1473	45	0	0	1024	9.5367431640625e-07	11082606	
1474	45	0	0	1024	9.5367431640625e-07	11082612	
1475	45	0	0	1024	9.5367431640625e-07	11082624	
1476	45	0	0	1024	9.5367431640625e-07	11082706	
1477	45	0	0	1024	9.5367431640625e-07	11082712	
1478	45	0	0	1024	9.5367431640625e-07	11082724	
1479	45	0	0	1024	9.5367431640625e-07	11082806	
1480	45	0	0	1024	9.5367431640625e-07	11082812	
1481	45	0	0	1024	9.5367431640625e-07	11082824	
1482	45	0	0	1024	9.5367431640625e-07	11082906	
1483	45	0	0	1024	9.5367431640625e-07	11082912	
1484	45	0	0	1024	9.5367431640625e-07	11082924	
1485	45	0	0	1024	9.5367431640625e-07	11083006	
1486	45	0	0	1024	9.5367431640625e-07	11083012	
1487	45	0	0	1024	9.5367431640625e-07	11083024	
1488	45	0	0	1024	9.5367431640625e-07	11083106	
1489	45	0	0	1024	9.5367431640625e-07	11083112	
1490	45	0	0	1024	9.5367431640625e-07	11083124	
1491	45	0	0	1024	9.5367431640625e-07	11090106	
1492	45	0	0	1024	9.5367431640625e-07	11090112	
1493	45	0	0	1024	9.5367431640625e-07	11090124	
1494	45	0	0	1024	9.5367431640625e-07	11090206	
1495	45	0	0	1024	9.5367431640625e-07	11090212	
1496	45	0	0	1024	9.5367431640625e-07	11090224	
1497	45	0	0	1024	9.5367431640625e-07	11090306	
1498	45	0	0	1024	9.5367431640625e-07	11090312	
1499	45	0	0	1024	9.5367431640625e-07	11090324	
1500	45	0	0	1024	9.5367431640625e-07	11090406	
1501	45	0	0	1024	9.5367431640625e-07	11090412	
1502	45	0	0	1024	9.5367431640625e-07	11090424	
1503	45	0	0	1024	9.5367431640625e-07	11090506	
1504	45	0	0	1024	9.5367431640625e-07	11090512	
1505	45	0	0	1024	9.5367431640625e-07	11090524	
1506	45	0	0	1024	9.5367431640625e-07	11090606	
1507	45	0	0	1024	9.5367431640625e-07	11090612	
1508	45	0	0	1024	9.5367431640625e-07	11090624	
1509	45	0	0	1024	9.5367431640625e-07	11090706	
1510	45	0	0	1024	9.5367431640625e-07	11090712	
1511	45	0	0	1024	9.5367431640625e-07	11090724	
1512	45	0	0	1024	9.5367431640625e-07	11090806	
1513	45	0	0	1024	9.5367431640625e-07	11090812	
1514	45	0	0	1024	9.5367431640625e-07	11090824	
1515	45	0	0	1024	9.5367431640625e-07	11090906	
1516	45	0	0	1024	9.5367431640625e-07	11090912	
1517	45	0	0	1024	9.5367431640625e-07	11090924	
1518	45	0	0	1024	9.5367431640625e-07	11091006	
1519	45	0	0	1024	9.5367431640625e-07	11091012	
1520	45	0	0	1024	9.5367431640625e-07	11091024	
1521	45	0	0	1024	9.5367431640625e-07	11091106	
1522	45	0	0	1024	9.5367431640625e-07	11091112	
1523	45	0	0	1024	9.5367431640625e-07	11091124	
1524	45	0	0	1024	9.5367431640625e-07	11091206	
1525	45	0	0	1024	9.5367431640625e-07	11091212	
1526	45	0	0	1024	9.5367431640625e-07	11091224	
1527	45	0	0	1024	9.5367431640625e-07	11091306	
1528	45	0	0	1024	9.5367431640625e-07	11091312	
1529	45	0	0	1024	9.5367431640625e-07	11091324	
1530	45	0	0	1024	9.5367431640625e-07	11091406	
1531	45	0	0	1024	9.5367431640625e-07	11091412	
1532	45	0	0	1024	9.5367431640625e-07	11091424	
1533	45	0	0	1024	9.5367431640625e-07	11091506	
1534	45	0	0	1024	9.5367431640625e-07	11091512	
1535	45	0	0	1024	9.5367431640625e-07	11091524	
1536	45	0	0	1024	9.5367431640625e-07	11091606	
1537	45	0	0	1024	9.5367431640625e-07	11091612	
1538	45	0	0	1024	9.5367431640625e-07	11091624	
1539	45	0	0	1024	9.5367431640625e-07	11091706	
1540	45	0	0	1024	9.5367431640625e-07	11091712	
1541	45	0	0	1024	9.5367431640625e-07	11091724	
1542	45	0	0	1024	9.5367431640625e-07	11091806	
1543	45	0	0	1024	9.5367431640625e-07	11091812	
1544	45	0	0	1024	9.5367431640625e-07	11091824	
1545	45	0	0	1024	9.5367431640625e-07	11091906	
1546	45	0	0	1024	9.5367431640625e-07	11091912	
1547	45	0	0	1024	9.5367431640625e-07	11091924	
1548	45	0	0	1024	9.5367431640625e-07	11092006	
1549	45	0	0	1024	9.5367431640625e-07	11092012	
1550	45	0	0	1024	9.5367431640625e-07	11092024	
1551	45	0	0	1024	9.5367431640625e-07	11092106	
1552	45	0	0	1024	9.5367431640625e-07	11092112	
1553	45	0	0	1024	9.5367431640625e-07	11092124	
1554	45	0	0	1024	9.5367431640625e-07	11092206	
1555	45	0	0	1024	9.5367431640625e-07	11092212	
1556	45	0	0	1024	9.5367431640625e-07	11092224	
1557	45	0	0	1024	9.5367431640625e-07	11092306	
1558	45	0	0	1024	9.5367431640625e-07	11092312	
1559	45	0	0	1024	9.5367431640625e-07	11092324	
1560	45	0	0	1024	9.5367431640625e-07	11092406	
1561	45	0	0	1024	9.5367431640625e-07	11092412	
1562	45	0	0	1024	9.5367431640625e-07	11092424	
1563	45	0	0	1024	9.5367431640625e-07	11092506	
1564	45	0	0	1024	9.5367431640625e-07	11092512	
1565	45	0	0	1024	9.5367431640625e-07	11092524	
1566	45	0	0	1024	9.5367431640625e-07	11092606	
1567	45	0	0	1024	9.5367431640625e-07	11092612	
1568	45	0	0	1024	9.5367431640625e-07	11092624	
1569	45	0	0	1024	9.5367431640625e-07	11092706	
1570	45	0	0	1024	9.5367431640625e-07	11092712	
1571	45	0	0	1024	9.5367431640625e-07	11092724	
1572	45	0	0	1024	9.5367431640625e-07	11092806	
1573	45	0	0	1024	9.5367431640625e-07	11092812	
1574	45	0	0	1024	9.5367431640625e-07	11092824	
1575	45	0	0	1024	9.5367431640625e-07	11092906	
1576	45	0	0	1024	9.5367431640625e-07	11092912	
1577	45	0	0	1024	9.5367431640625e-07	11092924	
1578	45	0	0	1024	9.5367431640625e-07	11093006	
1579	45	0	0	1024	9.5367431640625e-07	11093012	
1580	45	0	0	1024	9.5367431640625e-07	11093024	
1581	45	0	0	1024	9.5367431640625e-07	11100106	
1582	45	0	0	1024	9.5367431640625e-07	11100112	
1583	45	0	0	1024	9.5367431640625e-07	11100124	
1584	45	0	0	1024	9.5367431640625e-07	11100206	
1585	45	0	0	1024	9.5367431640625e-07	11100212	
1586	45	0	0	1024	9.5367431640625e-07	11100224	
1587	45	0	0	1024	9.5367431640625e-07	11100306	
1588	45	0	0	1024	9.5367431640625e-07	11100312	
1589	45	0	0	1024	9.5367431640625e-07	11100324	
1590	45	0	0	1024	9.5367431640625e-07	11100406	
1591	45	0	0	1024	9.5367431640625e-07	11100412	
1592	45	0	0	1024	9.5367431640625e-07	11100424	
1593	45	0	0	1024	9.5367431640625e-07	11100506	
1594	45	0	0	1024	9.5367431640625e-07	11100512	
1595	45	0	0	1024	9.5367431640625e-07	11100524	
1596	45	0	0	1024	9.5367431640625e-07	11100606	
1597	45	0	0	1024	9.5367431640625e-07	11100612	
1598	45	0	0	1024	9.5367431640625e-07	11100624	
1599	45	0	0	1024	9.5367431640625e-07	11100706	
1600	45	0	0	1024	9.5367431640625e-07	11100712	
1601	45	0	0	1024	9.5367431640625e-07	11100724	
1602	45	0	0	1024	9.5367431640625e-07	11100806	
1603	45	0	0	1024	9.5367431640625e-07	11100812	
1604	45	0	0	1024	9.5367431640625e-07	11100824	
1605	45	0	0	1024	9.5367431640625e-07	11100906	
1606	45	0	0	1024	9.5367431640625e-07	11100912	
1607	45	0	0	1024	9.5367431640625e-07	11100924	
1608	45	0	0	1024	9.5367431640625e-07	11101006	
1609	45	0	0	1024	9.5367431640625e-07	11101012	
1610	45	0	0	1024	9.5367431640625e-07	11101024	
1611	45	0	0	1024	9.5367431640625e-07	11101106	
1612	45	0	0	1024	9.5367431640625e-07	11101112	
1613	45	0	0	1024	9.5367431640625e-07	11101124	
1614	45	0	0	1024	9.5367431640625e-07	11101206	
1615	45	0	0	1024	9.5367431640625e-07	11101212	
1616	45	0	0	1024	9.5367431640625e-07	11101224	
1617	45	0	0	1024	9.5367431640625e-07	11101306	
1618	45	0	0	1024	9.5367431640625e-07	11101312	
1619	45	0	0	1024	9.5367431640625e-07	11101324	
1620	45	0	0	1024	9.5367431640625e-07	11101406	
1621	45	0	0	1024	9.5367431640625e-07	11101412	
1622	45	0	0	1024	9.5367431640625e-07	11101424	
1623	45	0	0	1024	9.5367431640625e-07	11101506	
1624	45	0	0	1024	9.5367431640625e-07	11101512	
1625	45	0	0	1024	9.5367431640625e-07	11101524	
1626	45	0	0	1024	9.5367431640625e-07	11101606	
1627	45	0	0	1024	9.5367431640625e-07	11101612	
1628	45	0	0	1024	9.5367431640625e-07	11101624	
1629	45	0	0	1024	9.5367431640625e-07	11101706	
1630	45	0	0	1024	9.5367431640625e-07	11101712	
1631	45	0	0	1024	9.5367431640625e-07	11101724	
1632	45	0	0	1024	9.5367431640625e-07	11101806	
1633	45	0	0	1024	9.5367431640625e-07	11101812	
1634	45	0	0	1024	9.5367431640625e-07	11101824	
1635	45	0	0	1024	9.5367431640625e-07	11101906	
1636	45	0	0	1024	9.5367431640625e-07	11101912	
1637	45	0	0	1024	9.5367431640625e-07	11101924	
1638	45	0	0	1024	9.5367431640625e-07	11102006	
1639	45	0	0	1024	9.5367431640625e-07	11102012	
1640	45	0	0	1024	9.5367431640625e-07	11102024	
1641	45	0	0	1024	9.5367431640625e-07	11102106	
1642	45	0	0	1024	9.5367431640625e-07	11102112	
1643	45	0	0	1024	9.5367431640625e-07	11102124	
1644	45	0	0	1024	9.5367431640625e-07	11102206	
1645	45	0	0	1024	9.5367431640625e-07	11102212	
1646	45	0	0	1024	9.5367431640625e-07	11102224	
1647	45	0	0	1024	9.5367431640625e-07	11102306	
1648	45	0	0	1024	9.5367431640625e-07	11102312	
1649	45	0	0	1024	9.5367431640625e-07	11102324	
1650	45	0	0	1024	9.5367431640625e-07	11102406	
1651	45	0	0	1024	9.5367431640625e-07	11102412	
1652	45	0	0	1024	9.5367431640625e-07	11102424	
1653	45	0	0	1024	9.5367431640625e-07	11102506	
1654	45	0	0	1024	9.5367431640625e-07	11102512	
1655	45	0	0	1024	9.5367431640625e-07	11102524	
1656	45	0	0	1024	9.5367431640625e-07	11102606	
1657	45	0	0	1024	9.5367431640625e-07	11102612	
1658	45	0	0	1024	9.5367431640625e-07	11102624	
1659	45	0	0	1024	9.5367431640625e-07	11102706	
1660	45	0	0	1024	9.5367431640625e-07	11102712	
1661	45	0	0	1024	9.5367431640625e-07	11102724	
1662	45	0	0	1024	9.5367431640625e-07	11102806	
1663	45	0	0	1024	9.5367431640625e-07	11102812	
1664	45	0	0	1024	9.5367431640625e-07	11102824	
1665	45	0	0	1024	9.5367431640625e-07	11102906	
1666	45	0	0	1024	9.5367431640625e-07	11102912	
1667	45	0	0	1024	9.5367431640625e-07	11102924	
1668	45	0	0	1024	9.5367431640625e-07	11103006	
1669	45	0	0	1024	9.5367431640625e-07	11103012	
1670	45	0	0	1024	9.5367431640625e-07	11103024	
1671	45	0	0	1024	9.5367431640625e-07	11103106	
1672	45	0	0	1024	9.5367431640625e-07	11103112	
1673	45	0	0	1024	9.5367431640625e-07	11103124	
1674	45	0	0	1024	9.5367431640625e-07	11110106	
1675	45	0	0	1024	9.5367431640625e-07	11110112	
1676	45	0	0	1024	9.5367431640625e-07	11110124	
1677	45	0	0	1024	9.5367431640625e-07	11110206	
1678	45	0	0	1024	9.5367431640625e-07	11110212	
1679	45	0	0	1024	9.5367431640625e-07	11110224	
1680	45	0	0	1024	9.5367431640625e-07	11110306	
1681	45	0	0	1024	9.5367431640625e-07	11110312	
1682	45	0	0	1024	9.5367431640625e-07	11110324	
1683	45	0	0	1024	9.5367431640625e-07	11110406	
1684	45	0	0	1024	9.5367431640625e-07	11110412	
1685	45	0	0	1024	9.5367431640625e-07	11110424	
1686	45	0	0	1024	9.5367431640625e-07	11110506	
1687	45	0	0	1024	9.5367431640625e-07	11110512	
1688	45	0	0	1024	9.5367431640625e-07	11110524	
1689	45	0	0	1024	9.5367431640625e-07	11110606	
1690	45	0	0	1024	9.5367431640625e-07	11110612	
1691	45	0	0	1024	9.5367431640625e-07	11110624	
1692	45	0	0	1024	9.5367431640625e-07	11110706	
1693	45	0	0	1024	9.5367431640625e-07	11110712	
1694	45	0	0	1024	9.5367431640625e-07	11110724	
1695	45	0	0	1024	9.5367431640625e-07	11110806	
1696	45	0	0	1024	9.5367431640625e-07	11110812	
1697	45	0	0	1024	9.5367431640625e-07	11110824	
1698	45	0	0	1024	9.5367431640625e-07	11110906	
1699	45	0	0	1024	9.5367431640625e-07	11110912	
1700	45	0	0	1024	9.5367431640625e-07	11110924	
1701	45	0	0	1024	9.5367431640625e-07	11111006	
1702	45	0	0	1024	9.5367431640625e-07	11111012	
1703	45	0	0	1024	9.5367431640625e-07	11111024	
1704	45	0	0	1024	9.5367431640625e-07	11111106	
1705	45	0	0	1024	9.5367431640625e-07	11111112	
1706	45	0	0	1024	9.5367431640625e-07	11111124	
1707	45	0	0	1024	9.5367431640625e-07	11111206	
1708	45	0	0	1024	9.5367431640625e-07	11111212	
1709	45	0	0	1024	9.5367431640625e-07	11111224	
1710	45	0	0	1024	9.5367431640625e-07	11111306	
1711	45	0	0	1024	9.5367431640625e-07	11111312	
1712	45	0	0	1024	9.5367431640625e-07	11111324	
1713	45	0	0	1024	9.5367431640625e-07	11111406	
1714	45	0	0	1024	9.5367431640625e-07	11111412	
1715	45	0	0	1024	9.5367431640625e-07	11111424	
1716	45	0	0	1024	9.5367431640625e-07	11111506	
1717	45	0	0	1024	9.5367431640625e-07	11111512	
1718	45	0	0	1024	9.5367431640625e-07	11111524	
1719	45	0	0	1024	9.5367431640625e-07	11111606	
1720	45	0	0	1024	9.5367431640625e-07	11111612	
1721	45	0	0	1024	9.5367431640625e-07	11111624	
1722	45	0	0	1024	9.5367431640625e-07	11111706	
1723	45	0	0	1024	9.5367431640625e-07	11111712	
1724	45	0	0	1024	9.5367431640625e-07	11111724	
1725	45	0	0	1024	9.5367431640625e-07	11111806	
1726	45	0	0	1024	9.5367431640625e-07	11111812	
1727	45	0	0	1024	9.5367431640625e-07	11111824	
1728	45	0	0	1024	9.5367431640625e-07	11111906	
1729	45	0	0	1024	9.5367431640625e-07	11111912	
1730	45	0	0	1024	9.5367431640625e-07	11111924	
1731	45	0	0	1024	9.5367431640625e-07	11112006	
1732	45	0	0	1024	9.5367431640625e-07	11112012	
1733	45	0	0	1024	9.5367431640625e-07	11112024	
1734	45	0	0	1024	9.5367431640625e-07	11112106	
1735	45	0	0	1024	9.5367431640625e-07	11112112	
1736	45	0	0	1024	9.5367431640625e-07	11112124	
1737	45	0	0	1024	9.5367431640625e-07	11112206	
1738	45	0	0	1024	9.5367431640625e-07	11112212	
1739	45	0	0	1024	9.5367431640625e-07	11112224	
1740	45	0	0	1024	9.5367431640625e-07	11112306	
1741	45	0	0	1024	9.5367431640625e-07	11112312	
1742	45	0	0	1024	9.5367431640625e-07	11112324	
1743	45	0	0	1024	9.5367431640625e-07	11112406	
1744	45	0	0	1024	9.5367431640625e-07	11112412	
1745	45	0	0	1024	9.5367431640625e-07	11112424	
1746	45	0	0	1024	9.5367431640625e-07	11112506	
1747	45	0	0	1024	9.5367431640625e-07	11112512	
1748	45	0	0	1024	9.5367431640625e-07	11112524	
1749	45	0	0	1024	9.5367431640625e-07	11112606	
1750	45	0	0	1024	9.5367431640625e-07	11112612	
1751	45	0	0	1024	9.5367431640625e-07	11112624	
1752	45	0	0	1024	9.5367431640625e-07	11112706	
1753	45	0	0	1024	9.5367431640625e-07	11112712	
1754	45	0	0	1024	9.5367431640625e-07	11112724	
1755	45	0	0	1024	9.5367431640625e-07	11112806	
1756	45	0	0	1024	9.5367431640625e-07	11112812	
1757	45	0	0	1024	9.5367431640625e-07	11112824	
1758	45	0	0	1024	9.5367431640625e-07	11112906	
1759	45	0	0	1024	9.5367431640625e-07	11112912	
1760	45	0	0	1024	9.5367431640625e-07	11112924	
1761	45	0	0	1024	9.5367431640625e-07	11113006	
1762	45	0	0	1024	9.5367431640625e-07	11113012	
1763	45	0	0	1024	9.5367431640625e-07	11113024	
1764	45	0	0	1024	9.5367431640625e-07	11120106	
1765	45	0	0	1024	9.5367431640625e-07	11120112	
1766	45	0	0	1024	9.5367431640625e-07	11120124	
1767	45	0	0	1024	9.5367431640625e-07	11120206	
1768	45	0	0	1024	9.5367431640625e-07	11120212	
1769	45	0	0	1024	9.5367431640625e-07	11120224	
1770	45	0	0	1024	9.5367431640625e-07	11120306	
1771	45	0	0	1024	9.5367431640625e-07	11120312	
1772	45	0	0	1024	9.5367431640625e-07	11120324	
1773	45	0	0	1024	9.5367431640625e-07	11120406	
1774	45	0	0	1024	9.5367431640625e-07	11120412	
1775	45	0	0	1024	9.5367431640625e-07	11120424	
1776	45	0	0	1024	9.5367431640625e-07	11120506	
1777	45	0	0	1024	9.5367431640625e-07	11120512	
1778	45	0	0	1024	9.5367431640625e-07	11120524	
1779	45	0	0	1024	9.5367431640625e-07	11120606	
1780	45	0	0	1024	9.5367431640625e-07	11120612	
1781	45	0	0	1024	9.5367431640625e-07	11120624	
1782	45	0	0	1024	9.5367431640625e-07	11120706	
1783	45	0	0	1024	9.5367431640625e-07	11120712	
1784	45	0	0	1024	9.5367431640625e-07	11120724	
1785	45	0	0	1024	9.5367431640625e-07	11120806	
1786	45	0	0	1024	9.5367431640625e-07	11120812	
1787	45	0	0	1024	9.5367431640625e-07	11120824	
1788	45	0	0	1024	9.5367431640625e-07	11120906	
1789	45	0	0	1024	9.5367431640625e-07	11120912	
1790	45	0	0	1024	9.5367431640625e-07	11120924	
1791	45	0	0	1024	9.5367431640625e-07	11121006	
1792	45	0	0	1024	9.5367431640625e-07	11121012	
1793	45	0	0	1024	9.5367431640625e-07	11121024	
1794	45	0	0	1024	9.5367431640625e-07	11121106	
1795	45	0	0	1024	9.5367431640625e-07	11121112	
1796	45	0	0	1024	9.5367431640625e-07	11121124	
1797	45	0	0	1024	9.5367431640625e-07	11121206	
1798	45	0	0	1024	9.5367431640625e-07	11121212	
1799	45	0	0	1024	9.5367431640625e-07	11121224	
1800	45	0	0	1024	9.5367431640625e-07	11121306	
1801	45	0	0	1024	9.5367431640625e-07	11121312	
1802	45	0	0	1024	9.5367431640625e-07	11121324	
1803	45	0	0	1024	9.5367431640625e-07	11121406	
1804	45	0	0	1024	9.5367431640625e-07	11121412	
1805	45	0	0	1024	9.5367431640625e-07	11121424	
1806	45	0	0	1024	9.5367431640625e-07	11121506	
1807	45	0	0	1024	9.5367431640625e-07	11121512	
1808	45	0	0	1024	9.5367431640625e-07	11121524	
1809	45	0	0	1024	9.5367431640625e-07	11121606	
1810	45	0	0	1024	9.5367431640625e-07	11121612	
1811	45	0	0	1024	9.5367431640625e-07	11121624	
1812	45	0	0	1024	9.5367431640625e-07	11121706	
1813	45	0	0	1024	9.5367431640625e-07	11121712	
1814	45	0	0	1024	9.5367431640625e-07	11121724	
1815	45	0	0	1024	9.5367431640625e-07	11121806	
1816	45	0	0	1024	9.5367431640625e-07	11121812	
1817	45	0	0	1024	9.5367431640625e-07	11121824	
1818	45	0	0	1024	9.5367431640625e-07	11121906	
1819	45	0	0	1024	9.5367431640625e-07	11121912	
1820	45	0	0	1024	9.5367431640625e-07	11121924	
1821	45	0	0	1024	9.5367431640625e-07	11122006	
1822	45	0	0	1024	9.5367431640625e-07	11122012	
1823	45	0	0	1024	9.5367431640625e-07	11122024	
1824	45	0	0	1024	9.5367431640625e-07	11122106	
1825	45	0	0	1024	9.5367431640625e-07	11122112	
1826	45	0	0	1024	9.5367431640625e-07	11122124	
1827	45	0	0	1024	9.5367431640625e-07	11122206	
1828	45	0	0	1024	9.5367431640625e-07	11122212	
1829	45	0	0	1024	9.5367431640625e-07	11122224	
1830	45	0	0	1024	9.5367431640625e-07	11122306	
1831	45	0	0	1024	9.5367431640625e-07	11122312	
1832	45	0	0	1024	9.5367431640625e-07	11122324	
1833	45	0	0	1024	9.5367431640625e-07	11122406	
1834	45	0	0	1024	9.5367431640625e-07	11122412	
1835	45	0	0	1024	9.5367431640625e-07	11122424	
1836	45	0	0	1024	9.5367431640625e-07	11122506	
1837	45	0	0	1024	9.5367431640625e-07	11122512	
1838	45	0	0	1024	9.5367431640625e-07	11122524	
1839	45	0	0	1024	9.5367431640625e-07	11122606	
1840	45	0	0	1024	9.5367431640625e-07	11122612	
1841	45	0	0	1024	9.5367431640625e-07	11122624	
1842	45	0	0	1024	9.5367431640625e-07	11122706	
1843	45	0	0	1024	9.5367431640625e-07	11122712	
1844	45	0	0	1024	9.5367431640625e-07	11122724	
1845	45	0	0	1024	9.5367431640625e-07	11122806	
1846	45	0	0	1024	9.5367431640625e-07	11122812	
1847	45	0	0	1024	9.5367431640625e-07	11122824	
1848	45	0	0	1024	9.5367431640625e-07	11122906	
1849	45	0	0	1024	9.5367431640625e-07	11122912	
1850	45	0	0	1024	9.5367431640625e-07	11122924	
1851	45	0	0	1024	9.5367431640625e-07	11123006	
1852	45	0	0	1024	9.5367431640625e-07	11123012	
1853	45	0	0	1024	9.5367431640625e-07	11123024	
1854	45	0	0	1024	9.5367431640625e-07	11123106	
1855	45	0	0	1024	9.5367431640625e-07	11123112	
1856	45	0	0	1024	9.5367431640625e-07	11123124	
1857	45	0	0	1024	9.5367431640625e-07	12010106	
1858	45	0	0	1024	9.5367431640625e-07	12010112	
1859	45	0	0	1024	9.5367431640625e-07	12010124	
1860	45	0	0	1024	9.5367431640625e-07	12010206	
1861	45	0	0	1024	9.5367431640625e-07	12010212	
1862	45	0	0	1024	9.5367431640625e-07	12010224	
1863	45	0	0	1024	9.5367431640625e-07	12010306	
1864	45	0	0	1024	9.5367431640625e-07	12010312	
1865	45	0	0	1024	9.5367431640625e-07	12010324	
1866	45	0	0	1024	9.5367431640625e-07	12010406	
1867	45	0	0	1024	9.5367431640625e-07	12010412	
1868	45	0	0	1024	9.5367431640625e-07	12010424	
1869	45	0	0	1024	9.5367431640625e-07	12010506	
1870	45	0	0	1024	9.5367431640625e-07	12010512	
1871	45	0	0	1024	9.5367431640625e-07	12010524	
1872	45	0	0	1024	9.5367431640625e-07	12010606	
1873	45	0	0	1024	9.5367431640625e-07	12010612	
1874	45	0	0	1024	9.5367431640625e-07	12010624	
1875	45	0	0	1024	9.5367431640625e-07	12010706	
1876	45	0	0	1024	9.5367431640625e-07	12010712	
1877	45	0	0	1024	9.5367431640625e-07	12010724	
1878	45	0	0	1024	9.5367431640625e-07	12010806	
1879	45	0	0	1024	9.5367431640625e-07	12010812	
1880	45	0	0	1024	9.5367431640625e-07	12010824	
1881	45	0	0	1024	9.5367431640625e-07	12010906	
1882	45	0	0	1024	9.5367431640625e-07	12010912	
1883	45	0	0	1024	9.5367431640625e-07	12010924	
1884	45	0	0	1024	9.5367431640625e-07	12011006	
1885	45	0	0	1024	9.5367431640625e-07	12011012	
1886	45	0	0	1024	9.5367431640625e-07	12011024	
1887	45	0	0	1024	9.5367431640625e-07	12011106	
1888	45	0	0	1024	9.5367431640625e-07	12011112	
1889	45	0	0	1024	9.5367431640625e-07	12011124	
1890	45	0	0	1024	9.5367431640625e-07	12011206	
1891	45	0	0	1024	9.5367431640625e-07	12011212	
1892	45	0	0	1024	9.5367431640625e-07	12011224	
1893	45	0	0	1024	9.5367431640625e-07	12011306	
1894	45	0	0	1024	9.5367431640625e-07	12011312	
1895	45	0	0	1024	9.5367431640625e-07	12011324	
1896	45	0	0	1024	9.5367431640625e-07	12011406	
1897	45	0	0	1024	9.5367431640625e-07	12011412	
1898	45	0	0	1024	9.5367431640625e-07	12011424	
1899	45	0	0	1024	9.5367431640625e-07	12011506	
1900	45	0	0	1024	9.5367431640625e-07	12011512	
1901	45	0	0	1024	9.5367431640625e-07	12011524	
1902	45	0	0	1024	9.5367431640625e-07	12011606	
1903	45	0	0	1024	9.5367431640625e-07	12011612	
1904	45	0	0	1024	9.5367431640625e-07	12011624	
1905	45	0	0	1024	9.5367431640625e-07	12011706	
1906	45	0	0	1024	9.5367431640625e-07	12011712	
1907	45	0	0	1024	9.5367431640625e-07	12011724	
1908	45	0	0	1024	9.5367431640625e-07	12011806	
1909	45	0	0	1024	9.5367431640625e-07	12011812	
1910	45	0	0	1024	9.5367431640625e-07	12011824	
1911	45	0	0	1024	9.5367431640625e-07	12011906	
1912	45	0	0	1024	9.5367431640625e-07	12011912	
1913	45	0	0	1024	9.5367431640625e-07	12011924	
1914	45	0	0	1024	9.5367431640625e-07	12012006	
1915	45	0	0	1024	9.5367431640625e-07	12012012	
1916	45	0	0	1024	9.5367431640625e-07	12012024	
1917	45	0	0	1024	9.5367431640625e-07	12012106	
1918	45	0	0	1024	9.5367431640625e-07	12012112	
1919	45	0	0	1024	9.5367431640625e-07	12012124	
1920	45	0	0	1024	9.5367431640625e-07	12012206	
1921	45	0	0	1024	9.5367431640625e-07	12012212	
1922	45	0	0	1024	9.5367431640625e-07	12012224	
1923	45	0	0	1024	9.5367431640625e-07	12012306	
1924	45	0	0	1024	9.5367431640625e-07	12012312	
1925	45	0	0	1024	9.5367431640625e-07	12012324	
1926	45	0	0	1024	9.5367431640625e-07	12012406	
1927	45	0	0	1024	9.5367431640625e-07	12012412	
1928	45	0	0	1024	9.5367431640625e-07	12012424	
1929	45	0	0	1024	9.5367431640625e-07	12012506	
1930	45	0	0	1024	9.5367431640625e-07	12012512	
1931	45	0	0	1024	9.5367431640625e-07	12012524	
1932	45	0	0	1024	9.5367431640625e-07	12012606	
1933	45	0	0	1024	9.5367431640625e-07	12012612	
1934	45	0	0	1024	9.5367431640625e-07	12012624	
1935	45	0	0	1024	9.5367431640625e-07	12012706	
1936	45	0	0	1024	9.5367431640625e-07	12012712	
1937	45	0	0	1024	9.5367431640625e-07	12012724	
1938	45	0	0	1024	9.5367431640625e-07	12012806	
1939	45	0	0	1024	9.5367431640625e-07	12012812	
1940	45	0	0	1024	9.5367431640625e-07	12012824	
1941	45	0	0	1024	9.5367431640625e-07	12012906	
1942	45	0	0	1024	9.5367431640625e-07	12012912	
1943	45	0	0	1024	9.5367431640625e-07	12012924	
1944	45	0	0	1024	9.5367431640625e-07	12013006	
1945	45	0	0	1024	9.5367431640625e-07	12013012	
1946	45	0	0	1024	9.5367431640625e-07	12013024	
1947	45	0	0	1024	9.5367431640625e-07	12013106	
1948	45	0	0	1024	9.5367431640625e-07	12013112	
1949	45	0	0	1024	9.5367431640625e-07	12013124	
1950	45	0	0	1024	9.5367431640625e-07	12020106	
1951	45	0	0	1024	9.5367431640625e-07	12020112	
1952	45	0	0	1024	9.5367431640625e-07	12020124	
1953	45	0	0	1024	9.5367431640625e-07	12020206	
1954	45	0	0	1024	9.5367431640625e-07	12020212	
1955	45	0	0	1024	9.5367431640625e-07	12020224	
1956	45	0	0	1024	9.5367431640625e-07	12020306	
1957	45	0	0	1024	9.5367431640625e-07	12020312	
1958	45	0	0	1024	9.5367431640625e-07	12020324	
1959	45	0	0	1024	9.5367431640625e-07	12020406	
1960	45	0	0	1024	9.5367431640625e-07	12020412	
1961	45	0	0	1024	9.5367431640625e-07	12020424	
1962	45	0	0	1024	9.5367431640625e-07	12020506	
1963	45	0	0	1024	9.5367431640625e-07	12020512	
1964	45	0	0	1024	9.5367431640625e-07	12020524	
1965	45	0	0	1024	9.5367431640625e-07	12020606	
1966	45	0	0	1024	9.5367431640625e-07	12020612	
1967	45	0	0	1024	9.5367431640625e-07	12020624	
1968	45	0	0	1024	9.5367431640625e-07	12020706	
1969	45	0	0	1024	9.5367431640625e-07	12020712	
1970	45	0	0	1024	9.5367431640625e-07	12020724	
1971	45	0	0	1024	9.5367431640625e-07	12020806	
1972	45	0	0	1024	9.5367431640625e-07	12020812	
1973	45	0	0	1024	9.5367431640625e-07	12020824	
1974	45	0	0	1024	9.5367431640625e-07	12020906	
1975	45	0	0	1024	9.5367431640625e-07	12020912	
1976	45	0	0	1024	9.5367431640625e-07	12020924	
1977	45	0	0	1024	9.5367431640625e-07	12021006	
1978	45	0	0	1024	9.5367431640625e-07	12021012	
1979	45	0	0	1024	9.5367431640625e-07	12021024	
1980	45	0	0	1024	9.5367431640625e-07	12021106	
1981	45	0	0	1024	9.5367431640625e-07	12021112	
1982	45	0	0	1024	9.5367431640625e-07	12021124	
1983	45	0	0	1024	9.5367431640625e-07	12021206	
1984	45	0	0	1024	9.5367431640625e-07	12021212	
1985	45	0	0	1024	9.5367431640625e-07	12021224	
1986	45	0	0	1024	9.5367431640625e-07	12021306	
1987	45	0	0	1024	9.5367431640625e-07	12021312	
1988	45	0	0	1024	9.5367431640625e-07	12021324	
1989	45	0	0	1024	9.5367431640625e-07	12021406	
1990	45	0	0	1024	9.5367431640625e-07	12021412	
1991	45	0	0	1024	9.5367431640625e-07	12021424	
1992	45	0	0	1024	9.5367431640625e-07	12021506	
1993	45	0	0	1024	9.5367431640625e-07	12021512	
1994	45	0	0	1024	9.5367431640625e-07	12021524	
1995	45	0	0	1024	9.5367431640625e-07	12021606	
1996	45	0	0	1024	9.5367431640625e-07	12021612	
1997	45	0	0	1024	9.5367431640625e-07	12021624	
1998	45	0	0	1024	9.5367431640625e-07	12021706	
1999	45	0	0	1024	9.5367431640625e-07	12021712	
2000	45	0	0	1024	9.5367431640625e-07	12021724	
2001	45	0	0	1024	9.5367431640625e-07	12021806	
2002	45	0	0	1024	9.5367431640625e-07	12021812	
2003	45	0	0	1024	9.5367431640625e-07	12021824	
2004	45	0	0	1024	9.5367431640625e-07	12021906	
2005	45	0	0	1024	9.5367431640625e-07	12021912	
2006	45	0	0	1024	9.5367431640625e-07	12021924	
2007	45	0	0	1024	9.5367431640625e-07	12022006	
2008	45	0	0	1024	9.5367431640625e-07	12022012	
2009	45	0	0	1024	9.5367431640625e-07	12022024	
2010	45	0	0	1024	9.5367431640625e-07	12022106	
2011	45	0	0	1024	9.5367431640625e-07	12022112	
2012	45	0	0	1024	9.5367431640625e-07	12022124	
2013	45	0	0	1024	9.5367431640625e-07	12022206	
2014	45	0	0	1024	9.5367431640625e-07	12022212	
2015	45	0	0	1024	9.5367431640625e-07	12022224	
2016	45	0	0	1024	9.5367431640625e-07	12022306	
2017	45	0	0	1024	9.5367431640625e-07	12022312	
2018	45	0	0	1024	9.5367431640625e-07	12022324	
2019	45	0	0	1024	9.5367431640625e-07	12022406	
2020	45	0	0	1024	9.5367431640625e-07	12022412	
2021	45	0	0	1024	9.5367431640625e-07	12022424	
2022	45	0	0	1024	9.5367431640625e-07	12022506	
2023	45	0	0	1024	9.5367431640625e-07	12022512	
2024	45	0	0	1024	9.5367431640625e-07	12022524	
2025	45	0	0	1024	9.5367431640625e-07	12022606	
2026	45	0	0	1024	9.5367431640625e-07	12022612	
2027	45	0	0	1024	9.5367431640625e-07	12022624	
2028	45	0	0	1024	9.5367431640625e-07	12022706	
2029	45	0	0	1024	9.5367431640625e-07	12022712	
2030	45	0	0	1024	9.5367431640625e-07	12022724	
2031	45	0	0	1024	9.5367431640625e-07	12022806	
2032	45	0	0	1024	9.5367431640625e-07	12022812	
2033	45	0	0	1024	9.5367431640625e-07	12022824	
2034	45	0	0	1024	9.5367431640625e-07	12022906	
2035	45	0	0	1024	9.5367431640625e-07	12022912	
2036	45	0	0	1024	9.5367431640625e-07	12022924	
2037	45	0	0	1024	9.5367431640625e-07	12030106	
2038	45	0	0	1024	9.5367431640625e-07	12030112	
2039	45	0	0	1024	9.5367431640625e-07	12030124	
2040	45	0	0	1024	9.5367431640625e-07	12030206	
2041	45	0	0	1024	9.5367431640625e-07	12030212	
2042	45	0	0	1024	9.5367431640625e-07	12030224	
2043	45	0	0	1024	9.5367431640625e-07	12030306	
2044	45	0	0	1024	9.5367431640625e-07	12030312	
2045	45	0	0	1024	9.5367431640625e-07	12030324	
2046	45	0	0	1024	9.5367431640625e-07	12030406	
2047	45	0	0	1024	9.5367431640625e-07	12030412	
2048	45	0	0	1024	9.5367431640625e-07	12030424	
2049	45	0	0	1024	9.5367431640625e-07	12030506	
2050	45	0	0	1024	9.5367431640625e-07	12030512	
2051	45	0	0	1024	9.5367431640625e-07	12030524	
2052	45	0	0	1024	9.5367431640625e-07	12030606	
2053	45	0	0	1024	9.5367431640625e-07	12030612	
2054	45	0	0	1024	9.5367431640625e-07	12030624	
2055	45	0	0	1024	9.5367431640625e-07	12030706	
2056	45	0	0	1024	9.5367431640625e-07	12030712	
2057	45	0	0	1024	9.5367431640625e-07	12030724	
2058	45	0	0	1024	9.5367431640625e-07	12030806	
2059	45	0	0	1024	9.5367431640625e-07	12030812	
2060	45	0	0	1024	9.5367431640625e-07	12030824	
2061	45	0	0	1024	9.5367431640625e-07	12030906	
2062	45	0	0	1024	9.5367431640625e-07	12030912	
2063	45	0	0	1024	9.5367431640625e-07	12030924	
2064	45	0	0	1024	9.5367431640625e-07	12031006	
2065	45	0	0	1024	9.5367431640625e-07	12031012	
2066	45	0	0	1024	9.5367431640625e-07	12031024	
2067	45	0	0	1024	9.5367431640625e-07	12031106	
2068	45	0	0	1024	9.5367431640625e-07	12031112	
2069	45	0	0	1024	9.5367431640625e-07	12031124	
2070	45	0	0	1024	9.5367431640625e-07	12031206	
2071	45	0	0	1024	9.5367431640625e-07	12031212	
2072	45	0	0	1024	9.5367431640625e-07	12031224	
2073	45	0	0	1024	9.5367431640625e-07	12031306	
2074	45	0	0	1024	9.5367431640625e-07	12031312	
2075	45	0	0	1024	9.5367431640625e-07	12031324	
2076	45	0	0	1024	9.5367431640625e-07	12031406	
2077	45	0	0	1024	9.5367431640625e-07	12031412	
2078	45	0	0	1024	9.5367431640625e-07	12031424	
2079	45	0	0	1024	9.5367431640625e-07	12031506	
2080	45	0	0	1024	9.5367431640625e-07	12031512	
2081	45	0	0	1024	9.5367431640625e-07	12031524	
2082	45	0	0	1024	9.5367431640625e-07	12031606	
2083	45	0	0	1024	9.5367431640625e-07	12031612	
2084	45	0	0	1024	9.5367431640625e-07	12031624	
2085	45	0	0	1024	9.5367431640625e-07	12031706	
2086	45	0	0	1024	9.5367431640625e-07	12031712	
2087	45	0	0	1024	9.5367431640625e-07	12031724	
2088	45	0	0	1024	9.5367431640625e-07	12031806	
2089	45	0	0	1024	9.5367431640625e-07	12031812	
2090	45	0	0	1024	9.5367431640625e-07	12031824	
2091	45	0	0	1024	9.5367431640625e-07	12031906	
2092	45	0	0	1024	9.5367431640625e-07	12031912	
2093	45	0	0	1024	9.5367431640625e-07	12031924	
2094	45	0	0	1024	9.5367431640625e-07	12032006	
2095	45	0	0	1024	9.5367431640625e-07	12032012	
2096	45	0	0	1024	9.5367431640625e-07	12032024	
2097	45	0	0	1024	9.5367431640625e-07	12032106	
2098	45	0	0	1024	9.5367431640625e-07	12032112	
2099	45	0	0	1024	9.5367431640625e-07	12032124	
2100	45	0	0	1024	9.5367431640625e-07	12032206	
2101	45	0	0	1024	9.5367431640625e-07	12032212	
2102	45	0	0	1024	9.5367431640625e-07	12032224	
2103	45	0	0	1024	9.5367431640625e-07	12032306	
2104	45	0	0	1024	9.5367431640625e-07	12032312	
2105	45	0	0	1024	9.5367431640625e-07	12032324	
2106	45	0	0	1024	9.5367431640625e-07	12032406	
2107	45	0	0	1024	9.5367431640625e-07	12032412	
2108	45	0	0	1024	9.5367431640625e-07	12032424	
2109	45	0	0	1024	9.5367431640625e-07	12032506	
2110	45	0	0	1024	9.5367431640625e-07	12032512	
2111	45	0	0	1024	9.5367431640625e-07	12032524	
2112	45	0	0	1024	9.5367431640625e-07	12032606	
2113	45	0	0	1024	9.5367431640625e-07	12032612	
2114	45	0	0	1024	9.5367431640625e-07	12032624	
2115	45	0	0	1024	9.5367431640625e-07	12032706	
2116	45	0	0	1024	9.5367431640625e-07	12032712	
2117	45	0	0	1024	9.5367431640625e-07	12032724	
2118	45	0	0	1024	9.5367431640625e-07	12032806	
2119	45	0	0	1024	9.5367431640625e-07	12032812	
2120	45	0	0	1024	9.5367431640625e-07	12032824	
2121	45	0	0	1024	9.5367431640625e-07	12032906	
2122	45	0	0	1024	9.5367431640625e-07	12032912	
2123	45	0	0	1024	9.5367431640625e-07	12032924	
2124	45	0	0	1024	9.5367431640625e-07	12033006	
2125	45	0	0	1024	9.5367431640625e-07	12033012	
2126	45	0	0	1024	9.5367431640625e-07	12033024	
2127	45	0	0	1024	9.5367431640625e-07	12033106	
2128	45	0	0	1024	9.5367431640625e-07	12033112	
2129	45	0	0	1024	9.5367431640625e-07	12033124	
2130	45	0	0	1024	9.5367431640625e-07	12040106	
2131	45	0	0	1024	9.5367431640625e-07	12040112	
2132	45	0	0	1024	9.5367431640625e-07	12040124	
2133	45	0	0	1024	9.5367431640625e-07	12040206	
2134	45	0	0	1024	9.5367431640625e-07	12040212	
2135	45	0	0	1024	9.5367431640625e-07	12040224	
2136	45	0	0	1024	9.5367431640625e-07	12040306	
2137	45	0	0	1024	9.5367431640625e-07	12040312	
2138	45	0	0	1024	9.5367431640625e-07	12040324	
