0	7	0	0	0	0	10042206	
1	7	0	0	0	0	10042212	
2	7	0	0	0	0	10042224	
3	7	0	0	0	0	10042306	
4	7	0	0	0	0	10042312	
5	7	0	0	0	0	10042324	
6	7	0	0	0	0	10042406	
7	7	0	0	0	0	10042412	
8	7	0	0	0	0	10042424	
9	7	0	0	0	0	10042506	
10	7	0	0	0	0	10042512	
11	7	0	0	0	0	10042524	
12	7	0	0	0	0	10042606	
13	7	0	0	0	0	10042612	
14	7	0	0	0	0	10042624	
15	7	0	0	0	0	10042706	
16	7	0	0	0	0	10042712	
17	7	0	0	0	0	10042724	
18	7	0	0	0	0	10042806	
19	7	0	0	0	0	10042812	
20	7	0	0	0	0	10042824	
21	7	0	0	0	0	10042906	
22	7	0	0	0	0	10042912	
23	7	0	0	0	0	10042924	
24	7	0	0	0	0	10043006	
25	7	0	0	0	0	10043012	
26	7	0	0	0	0	10043024	
27	7	0	0	0	0	10050106	
28	7	0	0	0	0	10050112	
29	7	0	0	0	0	10050124	
30	7	0	0	0	0	10050206	
31	7	0	0	0	0	10050212	
32	7	0	0	0	0	10050224	
33	7	0	0	0	0	10050306	
34	7	0	0	0	0	10050312	
35	7	0	0	0	0	10050324	
36	7	0	0	0	0	10050406	
37	7	0	0	0	0	10050412	
38	7	0	0	0	0	10050424	
39	7	0	0	0	0	10050506	
40	7	0	0	0	0	10050512	
41	7	0	0	0	0	10050524	
42	7	0	0	0	0	10050606	
43	7	0	0	0	0	10050612	
44	7	0	0	0	0	10050624	
45	7	0	0	0	0	10050706	
46	7	0	0	0	0	10050712	
47	7	0	0	0	0	10050724	
48	7	0	0	0	0	10050806	
49	7	0	0	0	0	10050812	
50	7	0	0	0	0	10050824	
51	7	0	0	0	0	10050906	
52	7	0	0	0	0	10050912	
53	7	0	0	0	0	10050924	
54	7	0	0	0	0	10051006	
55	7	0	0	0	0	10051012	
56	7	0	0	0	0	10051024	
57	7	0	0	0	0	10051106	
58	7	0	0	0	0	10051112	
59	7	0	0	0	0	10051124	
60	7	0	0	0	0	10051206	
61	7	0	0	0	0	10051212	
62	7	0	0	0	0	10051224	
63	7	0	0	0	0	10051306	
64	7	0	0	0	0	10051312	
65	7	0	0	0	0	10051324	
66	7	0	0	0	0	10051406	
67	7	0	0	0	0	10051412	
68	7	0	0	0	0	10051424	
69	7	0	0	0	0	10051506	
70	7	0	0	0	0	10051512	
71	7	0	0	0	0	10051524	
72	7	0	0	0	0	10051606	
73	7	0	0	0	0	10051612	
74	7	0	0	0	0	10051624	
75	7	0	0	0	0	10051706	
76	7	0	0	0	0	10051712	
77	7	0	0	0	0	10051724	
78	7	0	0	0	0	10051806	
79	7	0	0	0	0	10051812	
80	7	0	0	0	0	10051824	
81	7	0	0	0	0	10051906	
82	7	0	0	0	0	10051912	
83	7	0	0	0	0	10051924	
84	7	0	0	0	0	10052006	
85	7	0	0	0	0	10052012	
86	7	0	0	0	0	10052024	
87	7	0	0	0	0	10052106	
88	7	0	0	0	0	10052112	
89	7	0	0	0	0	10052124	
90	7	0	0	0	0	10052206	
91	7	0	0	0	0	10052212	
92	7	0	0	0	0	10052224	
93	7	0	0	0	0	10052306	
94	7	0	0	0	0	10052312	
95	7	0	0	0	0	10052324	
96	7	0	0	0	0	10052406	
97	7	0	0	0	0	10052412	
98	7	0	0	0	0	10052424	
99	7	0	0	0	0	10052506	
100	7	0	0	0	0	10052512	
101	7	0	0	0	0	10052524	
102	7	0	0	0	0	10052606	
103	7	0	0	0	0	10052612	
104	7	0	0	0	0	10052624	
105	7	0	0	0	0	10052706	
106	7	0	0	0	0	10052712	
107	7	0	0	0	0	10052724	
108	7	0	0	0	0	10052806	
109	7	0	0	0	0	10052812	
110	7	0	0	0	0	10052824	
111	7	0	0	0	0	10052906	
112	7	0	0	0	0	10052912	
113	7	0	0	0	0	10052924	
114	7	0	0	0	0	10053006	
115	7	0	0	0	0	10053012	
116	7	0	0	0	0	10053024	
117	7	0	0	0	0	10053106	
118	7	0	0	0	0	10053112	
119	7	0	0	0	0	10053124	
120	7	0	0	0	0	10060106	
121	7	0	0	0	0	10060112	
122	7	0	0	0	0	10060124	
123	7	0	0	0	0	10060206	
124	7	0	0	0	0	10060212	
125	7	0	0	0	0	10060224	
126	7	0	0	0	0	10060306	
127	7	0	0	0	0	10060312	
128	7	0	0	0	0	10060324	
129	7	0	0	0	0	10060406	
130	7	0	0	0	0	10060412	
131	7	0	0	0	0	10060424	
132	7	0	0	0	0	10060506	
133	7	0	0	0	0	10060512	
134	7	0	0	0	0	10060524	
135	7	0	0	0	0	10060606	
136	7	0	0	0	0	10060612	
137	7	0	0	0	0	10060624	
138	7	0	0	0	0	10060706	
139	7	0	0	0	0	10060712	
140	7	0	0	0	0	10060724	
141	7	0	0	0	0	10060806	
142	7	1536	1.43051147460938e-06	1536	1.43051147460938e-06	10060812	
143	7	0	0	1536	1.43051147460938e-06	10060824	
144	7	0	0	1536	1.43051147460938e-06	10060906	
145	7	0	0	1536	1.43051147460938e-06	10060912	
146	7	0	0	1536	1.43051147460938e-06	10060924	
147	7	0	0	1536	1.43051147460938e-06	10061006	
148	7	0	0	1536	1.43051147460938e-06	10061012	
149	7	0	0	1536	1.43051147460938e-06	10061024	
150	7	0	0	1536	1.43051147460938e-06	10061106	
151	7	0	0	1536	1.43051147460938e-06	10061112	
152	7	0	0	1536	1.43051147460938e-06	10061124	
153	7	0	0	1536	1.43051147460938e-06	10061206	
154	7	0	0	1536	1.43051147460938e-06	10061212	
155	7	0	0	1536	1.43051147460938e-06	10061224	
156	7	0	0	1536	1.43051147460938e-06	10061306	
157	7	0	0	1536	1.43051147460938e-06	10061312	
158	7	0	0	1536	1.43051147460938e-06	10061324	
159	7	0	0	1536	1.43051147460938e-06	10061406	
160	7	0	0	1536	1.43051147460938e-06	10061412	
161	7	0	0	1536	1.43051147460938e-06	10061424	
162	7	0	0	1536	1.43051147460938e-06	10061506	
163	7	0	0	1536	1.43051147460938e-06	10061512	
164	7	0	0	1536	1.43051147460938e-06	10061524	
165	7	0	0	1536	1.43051147460938e-06	10061606	
166	7	0	0	1536	1.43051147460938e-06	10061612	
167	7	0	0	1536	1.43051147460938e-06	10061624	
168	7	0	0	1536	1.43051147460938e-06	10061706	
169	7	0	0	1536	1.43051147460938e-06	10061712	
170	7	0	0	1536	1.43051147460938e-06	10061724	
171	7	0	0	1536	1.43051147460938e-06	10061806	
172	7	0	0	1536	1.43051147460938e-06	10061812	
173	7	0	0	1536	1.43051147460938e-06	10061824	
174	7	0	0	1536	1.43051147460938e-06	10061906	
175	7	0	0	1536	1.43051147460938e-06	10061912	
176	7	0	0	1536	1.43051147460938e-06	10061924	
177	7	0	0	1536	1.43051147460938e-06	10062006	
178	7	0	0	1536	1.43051147460938e-06	10062012	
179	7	0	0	1536	1.43051147460938e-06	10062024	
180	7	0	0	1536	1.43051147460938e-06	10062106	
181	7	0	0	1536	1.43051147460938e-06	10062112	
182	7	0	0	1536	1.43051147460938e-06	10062124	
183	7	0	0	1536	1.43051147460938e-06	10062206	
184	7	0	0	1536	1.43051147460938e-06	10062212	
185	7	0	0	1536	1.43051147460938e-06	10062224	
186	7	0	0	1536	1.43051147460938e-06	10062306	
187	7	0	0	1536	1.43051147460938e-06	10062312	
188	7	0	0	1536	1.43051147460938e-06	10062324	
189	7	0	0	1536	1.43051147460938e-06	10062406	
190	7	0	0	1536	1.43051147460938e-06	10062412	
191	7	0	0	1536	1.43051147460938e-06	10062424	
192	7	0	0	1536	1.43051147460938e-06	10062506	
193	7	0	0	1536	1.43051147460938e-06	10062512	
194	7	0	0	1536	1.43051147460938e-06	10062524	
195	7	0	0	1536	1.43051147460938e-06	10062606	
196	7	0	0	1536	1.43051147460938e-06	10062612	
197	7	0	0	1536	1.43051147460938e-06	10062624	
198	7	0	0	1536	1.43051147460938e-06	10062706	
199	7	0	0	1536	1.43051147460938e-06	10062712	
200	7	0	0	1536	1.43051147460938e-06	10062724	
201	7	0	0	1536	1.43051147460938e-06	10062806	
202	7	0	0	1536	1.43051147460938e-06	10062812	
203	7	0	0	1536	1.43051147460938e-06	10062824	
204	7	0	0	1536	1.43051147460938e-06	10062906	
205	7	0	0	1536	1.43051147460938e-06	10062912	
206	7	0	0	1536	1.43051147460938e-06	10062924	
207	7	0	0	1536	1.43051147460938e-06	10063006	
208	7	0	0	1536	1.43051147460938e-06	10063012	
209	7	0	0	1536	1.43051147460938e-06	10063024	
210	7	0	0	1536	1.43051147460938e-06	10070106	
211	7	0	0	1536	1.43051147460938e-06	10070112	
212	7	0	0	1536	1.43051147460938e-06	10070124	
213	7	0	0	1536	1.43051147460938e-06	10070206	
214	7	0	0	1536	1.43051147460938e-06	10070212	
215	7	0	0	1536	1.43051147460938e-06	10070224	
216	7	0	0	1536	1.43051147460938e-06	10070306	
217	7	0	0	1536	1.43051147460938e-06	10070312	
218	7	0	0	1536	1.43051147460938e-06	10070324	
219	7	0	0	1536	1.43051147460938e-06	10070406	
220	7	0	0	1536	1.43051147460938e-06	10070412	
221	7	0	0	1536	1.43051147460938e-06	10070424	
222	7	0	0	1536	1.43051147460938e-06	10070506	
223	7	0	0	1536	1.43051147460938e-06	10070512	
224	7	0	0	1536	1.43051147460938e-06	10070524	
225	7	0	0	1536	1.43051147460938e-06	10070606	
226	7	0	0	1536	1.43051147460938e-06	10070612	
227	7	0	0	1536	1.43051147460938e-06	10070624	
228	7	0	0	1536	1.43051147460938e-06	10070706	
229	7	0	0	1536	1.43051147460938e-06	10070712	
230	7	0	0	1536	1.43051147460938e-06	10070724	
231	7	0	0	1536	1.43051147460938e-06	10070806	
232	7	0	0	1536	1.43051147460938e-06	10070812	
233	7	0	0	1536	1.43051147460938e-06	10070824	
234	7	0	0	1536	1.43051147460938e-06	10070906	
235	7	0	0	1536	1.43051147460938e-06	10070912	
236	7	0	0	1536	1.43051147460938e-06	10070924	
237	7	0	0	1536	1.43051147460938e-06	10071006	
238	7	0	0	1536	1.43051147460938e-06	10071012	
239	7	0	0	1536	1.43051147460938e-06	10071024	
240	7	0	0	1536	1.43051147460938e-06	10071106	
241	7	0	0	1536	1.43051147460938e-06	10071112	
242	7	0	0	1536	1.43051147460938e-06	10071124	
243	7	0	0	1536	1.43051147460938e-06	10071206	
244	7	0	0	1536	1.43051147460938e-06	10071212	
245	7	0	0	1536	1.43051147460938e-06	10071224	
246	7	0	0	1536	1.43051147460938e-06	10071306	
247	7	0	0	1536	1.43051147460938e-06	10071312	
248	7	0	0	1536	1.43051147460938e-06	10071324	
249	7	0	0	1536	1.43051147460938e-06	10071406	
250	7	0	0	1536	1.43051147460938e-06	10071412	
251	7	0	0	1536	1.43051147460938e-06	10071424	
252	7	0	0	1536	1.43051147460938e-06	10071506	
253	7	0	0	1536	1.43051147460938e-06	10071512	
254	7	0	0	1536	1.43051147460938e-06	10071524	
255	7	0	0	1536	1.43051147460938e-06	10071606	
256	7	0	0	1536	1.43051147460938e-06	10071612	
257	7	0	0	1536	1.43051147460938e-06	10071624	
258	7	0	0	1536	1.43051147460938e-06	10071706	
259	7	0	0	1536	1.43051147460938e-06	10071712	
260	7	0	0	1536	1.43051147460938e-06	10071724	
261	7	0	0	1536	1.43051147460938e-06	10071806	
262	7	0	0	1536	1.43051147460938e-06	10071812	
263	7	0	0	1536	1.43051147460938e-06	10071824	
264	7	0	0	1536	1.43051147460938e-06	10071906	
265	7	0	0	1536	1.43051147460938e-06	10071912	
266	7	0	0	1536	1.43051147460938e-06	10071924	
267	7	0	0	1536	1.43051147460938e-06	10072006	
268	7	0	0	1536	1.43051147460938e-06	10072012	
269	7	0	0	1536	1.43051147460938e-06	10072024	
270	7	0	0	1536	1.43051147460938e-06	10072106	
271	7	0	0	1536	1.43051147460938e-06	10072112	
272	7	0	0	1536	1.43051147460938e-06	10072124	
273	7	0	0	1536	1.43051147460938e-06	10072206	
274	7	0	0	1536	1.43051147460938e-06	10072212	
275	7	0	0	1536	1.43051147460938e-06	10072224	
276	7	0	0	1536	1.43051147460938e-06	10072306	
277	7	0	0	1536	1.43051147460938e-06	10072312	
278	7	0	0	1536	1.43051147460938e-06	10072324	
279	7	0	0	1536	1.43051147460938e-06	10072406	
280	7	0	0	1536	1.43051147460938e-06	10072412	
281	7	0	0	1536	1.43051147460938e-06	10072424	
282	7	0	0	1536	1.43051147460938e-06	10072506	
283	7	0	0	1536	1.43051147460938e-06	10072512	
284	7	0	0	1536	1.43051147460938e-06	10072524	
285	7	0	0	1536	1.43051147460938e-06	10072606	
286	7	0	0	1536	1.43051147460938e-06	10072612	
287	7	0	0	1536	1.43051147460938e-06	10072624	
288	7	0	0	1536	1.43051147460938e-06	10072706	
289	7	0	0	1536	1.43051147460938e-06	10072712	
290	7	0	0	1536	1.43051147460938e-06	10072724	
291	7	0	0	1536	1.43051147460938e-06	10072806	
292	7	0	0	1536	1.43051147460938e-06	10072812	
293	7	0	0	1536	1.43051147460938e-06	10072824	
294	7	0	0	1536	1.43051147460938e-06	10072906	
295	7	0	0	1536	1.43051147460938e-06	10072912	
296	7	0	0	1536	1.43051147460938e-06	10072924	
297	7	0	0	1536	1.43051147460938e-06	10073006	
298	7	0	0	1536	1.43051147460938e-06	10073012	
299	7	0	0	1536	1.43051147460938e-06	10073024	
300	7	0	0	1536	1.43051147460938e-06	10073106	
301	7	0	0	1536	1.43051147460938e-06	10073112	
302	7	0	0	1536	1.43051147460938e-06	10073124	
303	7	0	0	1536	1.43051147460938e-06	10080106	
304	7	0	0	1536	1.43051147460938e-06	10080112	
305	7	0	0	1536	1.43051147460938e-06	10080124	
306	7	0	0	1536	1.43051147460938e-06	10080206	
307	7	0	0	1536	1.43051147460938e-06	10080212	
308	7	0	0	1536	1.43051147460938e-06	10080224	
309	7	0	0	1536	1.43051147460938e-06	10080306	
310	7	0	0	1536	1.43051147460938e-06	10080312	
311	7	0	0	1536	1.43051147460938e-06	10080324	
312	7	0	0	1536	1.43051147460938e-06	10080406	
313	7	0	0	1536	1.43051147460938e-06	10080412	
314	7	0	0	1536	1.43051147460938e-06	10080424	
315	7	0	0	1536	1.43051147460938e-06	10080506	
316	7	0	0	1536	1.43051147460938e-06	10080512	
317	7	0	0	1536	1.43051147460938e-06	10080524	
318	7	0	0	1536	1.43051147460938e-06	10080606	
319	7	0	0	1536	1.43051147460938e-06	10080612	
320	7	0	0	1536	1.43051147460938e-06	10080624	
321	7	0	0	1536	1.43051147460938e-06	10080706	
322	7	0	0	1536	1.43051147460938e-06	10080712	
323	7	0	0	1536	1.43051147460938e-06	10080724	
324	7	0	0	1536	1.43051147460938e-06	10080806	
325	7	0	0	1536	1.43051147460938e-06	10080812	
326	7	0	0	1536	1.43051147460938e-06	10080824	
327	7	0	0	1536	1.43051147460938e-06	10080906	
328	7	0	0	1536	1.43051147460938e-06	10080912	
329	7	0	0	1536	1.43051147460938e-06	10080924	
330	7	0	0	1536	1.43051147460938e-06	10081006	
331	7	0	0	1536	1.43051147460938e-06	10081012	
332	7	0	0	1536	1.43051147460938e-06	10081024	
333	7	0	0	1536	1.43051147460938e-06	10081106	
334	7	0	0	1536	1.43051147460938e-06	10081112	
335	7	0	0	1536	1.43051147460938e-06	10081124	
336	7	0	0	1536	1.43051147460938e-06	10081206	
337	7	0	0	1536	1.43051147460938e-06	10081212	
338	7	0	0	1536	1.43051147460938e-06	10081224	
339	7	0	0	1536	1.43051147460938e-06	10081306	
340	7	0	0	1536	1.43051147460938e-06	10081312	
341	7	0	0	1536	1.43051147460938e-06	10081324	
342	7	0	0	1536	1.43051147460938e-06	10081406	
343	7	0	0	1536	1.43051147460938e-06	10081412	
344	7	0	0	1536	1.43051147460938e-06	10081424	
345	7	0	0	1536	1.43051147460938e-06	10081506	
346	7	0	0	1536	1.43051147460938e-06	10081512	
347	7	0	0	1536	1.43051147460938e-06	10081524	
348	7	0	0	1536	1.43051147460938e-06	10081606	
349	7	0	0	1536	1.43051147460938e-06	10081612	
350	7	0	0	1536	1.43051147460938e-06	10081624	
351	7	0	0	1536	1.43051147460938e-06	10081706	
352	7	0	0	1536	1.43051147460938e-06	10081712	
353	7	0	0	1536	1.43051147460938e-06	10081724	
354	7	0	0	1536	1.43051147460938e-06	10081806	
355	7	0	0	1536	1.43051147460938e-06	10081812	
356	7	0	0	1536	1.43051147460938e-06	10081824	
357	7	0	0	1536	1.43051147460938e-06	10081906	
358	7	0	0	1536	1.43051147460938e-06	10081912	
359	7	0	0	1536	1.43051147460938e-06	10081924	
360	7	0	0	1536	1.43051147460938e-06	10082006	
361	7	0	0	1536	1.43051147460938e-06	10082012	
362	7	0	0	1536	1.43051147460938e-06	10082024	
363	7	0	0	1536	1.43051147460938e-06	10082106	
364	7	0	0	1536	1.43051147460938e-06	10082112	
365	7	0	0	1536	1.43051147460938e-06	10082124	
366	7	0	0	1536	1.43051147460938e-06	10082206	
367	7	0	0	1536	1.43051147460938e-06	10082212	
368	7	0	0	1536	1.43051147460938e-06	10082224	
369	7	0	0	1536	1.43051147460938e-06	10082306	
370	7	0	0	1536	1.43051147460938e-06	10082312	
371	7	0	0	1536	1.43051147460938e-06	10082324	
372	7	0	0	1536	1.43051147460938e-06	10082406	
373	7	0	0	1536	1.43051147460938e-06	10082412	
374	7	0	0	1536	1.43051147460938e-06	10082424	
375	7	0	0	1536	1.43051147460938e-06	10082506	
376	7	0	0	1536	1.43051147460938e-06	10082512	
377	7	0	0	1536	1.43051147460938e-06	10082524	
378	7	0	0	1536	1.43051147460938e-06	10082606	
379	7	0	0	1536	1.43051147460938e-06	10082612	
380	7	0	0	1536	1.43051147460938e-06	10082624	
381	7	0	0	1536	1.43051147460938e-06	10082706	
382	7	0	0	1536	1.43051147460938e-06	10082712	
383	7	0	0	1536	1.43051147460938e-06	10082724	
384	7	0	0	1536	1.43051147460938e-06	10082806	
385	7	0	0	1536	1.43051147460938e-06	10082812	
386	7	0	0	1536	1.43051147460938e-06	10082824	
387	7	0	0	1536	1.43051147460938e-06	10082906	
388	7	0	0	1536	1.43051147460938e-06	10082912	
389	7	0	0	1536	1.43051147460938e-06	10082924	
390	7	0	0	1536	1.43051147460938e-06	10083006	
391	7	0	0	1536	1.43051147460938e-06	10083012	
392	7	0	0	1536	1.43051147460938e-06	10083024	
393	7	0	0	1536	1.43051147460938e-06	10083106	
394	7	0	0	1536	1.43051147460938e-06	10083112	
395	7	0	0	1536	1.43051147460938e-06	10083124	
396	7	0	0	1536	1.43051147460938e-06	10090106	
397	7	0	0	1536	1.43051147460938e-06	10090112	
398	7	0	0	1536	1.43051147460938e-06	10090124	
399	7	0	0	1536	1.43051147460938e-06	10090206	
400	7	0	0	1536	1.43051147460938e-06	10090212	
401	7	0	0	1536	1.43051147460938e-06	10090224	
402	7	0	0	1536	1.43051147460938e-06	10090306	
403	7	0	0	1536	1.43051147460938e-06	10090312	
404	7	0	0	1536	1.43051147460938e-06	10090324	
405	7	0	0	1536	1.43051147460938e-06	10090406	
406	7	0	0	1536	1.43051147460938e-06	10090412	
407	7	0	0	1536	1.43051147460938e-06	10090424	
408	7	0	0	1536	1.43051147460938e-06	10090506	
409	7	0	0	1536	1.43051147460938e-06	10090512	
410	7	0	0	1536	1.43051147460938e-06	10090524	
411	7	0	0	1536	1.43051147460938e-06	10090606	
412	7	0	0	1536	1.43051147460938e-06	10090612	
413	7	0	0	1536	1.43051147460938e-06	10090624	
414	7	0	0	1536	1.43051147460938e-06	10090706	
415	7	0	0	1536	1.43051147460938e-06	10090712	
416	7	0	0	1536	1.43051147460938e-06	10090724	
417	7	0	0	1536	1.43051147460938e-06	10090806	
418	7	0	0	1536	1.43051147460938e-06	10090812	
419	7	0	0	1536	1.43051147460938e-06	10090824	
420	7	0	0	1536	1.43051147460938e-06	10090906	
421	7	0	0	1536	1.43051147460938e-06	10090912	
422	7	0	0	1536	1.43051147460938e-06	10090924	
423	7	0	0	1536	1.43051147460938e-06	10091006	
424	7	0	0	1536	1.43051147460938e-06	10091012	
425	7	0	0	1536	1.43051147460938e-06	10091024	
426	7	0	0	1536	1.43051147460938e-06	10091106	
427	7	0	0	1536	1.43051147460938e-06	10091112	
428	7	0	0	1536	1.43051147460938e-06	10091124	
429	7	0	0	1536	1.43051147460938e-06	10091206	
430	7	0	0	1536	1.43051147460938e-06	10091212	
431	7	0	0	1536	1.43051147460938e-06	10091224	
432	7	0	0	1536	1.43051147460938e-06	10091306	
433	7	0	0	1536	1.43051147460938e-06	10091312	
434	7	0	0	1536	1.43051147460938e-06	10091324	
435	7	0	0	1536	1.43051147460938e-06	10091406	
436	7	0	0	1536	1.43051147460938e-06	10091412	
437	7	0	0	1536	1.43051147460938e-06	10091424	
438	7	0	0	1536	1.43051147460938e-06	10091506	
439	7	0	0	1536	1.43051147460938e-06	10091512	
440	7	0	0	1536	1.43051147460938e-06	10091524	
441	7	0	0	1536	1.43051147460938e-06	10091606	
442	7	0	0	1536	1.43051147460938e-06	10091612	
443	7	0	0	1536	1.43051147460938e-06	10091624	
444	7	0	0	1536	1.43051147460938e-06	10091706	
445	7	0	0	1536	1.43051147460938e-06	10091712	
446	7	0	0	1536	1.43051147460938e-06	10091724	
447	7	0	0	1536	1.43051147460938e-06	10091806	
448	7	0	0	1536	1.43051147460938e-06	10091812	
449	7	0	0	1536	1.43051147460938e-06	10091824	
450	7	0	0	1536	1.43051147460938e-06	10091906	
451	7	0	0	1536	1.43051147460938e-06	10091912	
452	7	0	0	1536	1.43051147460938e-06	10091924	
453	7	0	0	1536	1.43051147460938e-06	10092006	
454	7	0	0	1536	1.43051147460938e-06	10092012	
455	7	0	0	1536	1.43051147460938e-06	10092024	
456	7	0	0	1536	1.43051147460938e-06	10092106	
457	7	0	0	1536	1.43051147460938e-06	10092112	
458	7	0	0	1536	1.43051147460938e-06	10092124	
459	7	0	0	1536	1.43051147460938e-06	10092206	
460	7	0	0	1536	1.43051147460938e-06	10092212	
461	7	0	0	1536	1.43051147460938e-06	10092224	
462	7	0	0	1536	1.43051147460938e-06	10092306	
463	7	0	0	1536	1.43051147460938e-06	10092312	
464	7	0	0	1536	1.43051147460938e-06	10092324	
465	7	0	0	1536	1.43051147460938e-06	10092406	
466	7	0	0	1536	1.43051147460938e-06	10092412	
467	7	0	0	1536	1.43051147460938e-06	10092424	
468	7	0	0	1536	1.43051147460938e-06	10092506	
469	7	0	0	1536	1.43051147460938e-06	10092512	
470	7	0	0	1536	1.43051147460938e-06	10092524	
471	7	0	0	1536	1.43051147460938e-06	10092606	
472	7	0	0	1536	1.43051147460938e-06	10092612	
473	7	0	0	1536	1.43051147460938e-06	10092624	
474	7	0	0	1536	1.43051147460938e-06	10092706	
475	7	0	0	1536	1.43051147460938e-06	10092712	
476	7	0	0	1536	1.43051147460938e-06	10092724	
477	7	0	0	1536	1.43051147460938e-06	10092806	
478	7	0	0	1536	1.43051147460938e-06	10092812	
479	7	0	0	1536	1.43051147460938e-06	10092824	
480	7	0	0	1536	1.43051147460938e-06	10092906	
481	7	0	0	1536	1.43051147460938e-06	10092912	
482	7	0	0	1536	1.43051147460938e-06	10092924	
483	7	0	0	1536	1.43051147460938e-06	10093006	
484	7	0	0	1536	1.43051147460938e-06	10093012	
485	7	0	0	1536	1.43051147460938e-06	10093024	
486	7	0	0	1536	1.43051147460938e-06	10100106	
487	7	0	0	1536	1.43051147460938e-06	10100112	
488	7	0	0	1536	1.43051147460938e-06	10100124	
489	7	0	0	1536	1.43051147460938e-06	10100206	
490	7	0	0	1536	1.43051147460938e-06	10100212	
491	7	0	0	1536	1.43051147460938e-06	10100224	
492	7	0	0	1536	1.43051147460938e-06	10100306	
493	7	0	0	1536	1.43051147460938e-06	10100312	
494	7	0	0	1536	1.43051147460938e-06	10100324	
495	7	0	0	1536	1.43051147460938e-06	10100406	
496	7	0	0	1536	1.43051147460938e-06	10100412	
497	7	0	0	1536	1.43051147460938e-06	10100424	
498	7	0	0	1536	1.43051147460938e-06	10100506	
499	7	0	0	1536	1.43051147460938e-06	10100512	
500	7	0	0	1536	1.43051147460938e-06	10100524	
501	7	0	0	1536	1.43051147460938e-06	10100606	
502	7	0	0	1536	1.43051147460938e-06	10100612	
503	7	0	0	1536	1.43051147460938e-06	10100624	
504	7	0	0	1536	1.43051147460938e-06	10100706	
505	7	0	0	1536	1.43051147460938e-06	10100712	
506	7	0	0	1536	1.43051147460938e-06	10100724	
507	7	0	0	1536	1.43051147460938e-06	10100806	
508	7	0	0	1536	1.43051147460938e-06	10100812	
509	7	0	0	1536	1.43051147460938e-06	10100824	
510	7	0	0	1536	1.43051147460938e-06	10100906	
511	7	0	0	1536	1.43051147460938e-06	10100912	
512	7	0	0	1536	1.43051147460938e-06	10100924	
513	7	0	0	1536	1.43051147460938e-06	10101006	
514	7	0	0	1536	1.43051147460938e-06	10101012	
515	7	0	0	1536	1.43051147460938e-06	10101024	
516	7	0	0	1536	1.43051147460938e-06	10101106	
517	7	0	0	1536	1.43051147460938e-06	10101112	
518	7	0	0	1536	1.43051147460938e-06	10101124	
519	7	0	0	1536	1.43051147460938e-06	10101206	
520	7	0	0	1536	1.43051147460938e-06	10101212	
521	7	0	0	1536	1.43051147460938e-06	10101224	
522	7	0	0	1536	1.43051147460938e-06	10101306	
523	7	0	0	1536	1.43051147460938e-06	10101312	
524	7	0	0	1536	1.43051147460938e-06	10101324	
525	7	0	0	1536	1.43051147460938e-06	10101406	
526	7	0	0	1536	1.43051147460938e-06	10101412	
527	7	0	0	1536	1.43051147460938e-06	10101424	
528	7	0	0	1536	1.43051147460938e-06	10101506	
529	7	0	0	1536	1.43051147460938e-06	10101512	
530	7	0	0	1536	1.43051147460938e-06	10101524	
531	7	0	0	1536	1.43051147460938e-06	10101606	
532	7	0	0	1536	1.43051147460938e-06	10101612	
533	7	0	0	1536	1.43051147460938e-06	10101624	
534	7	0	0	1536	1.43051147460938e-06	10101706	
535	7	0	0	1536	1.43051147460938e-06	10101712	
536	7	0	0	1536	1.43051147460938e-06	10101724	
537	7	0	0	1536	1.43051147460938e-06	10101806	
538	7	0	0	1536	1.43051147460938e-06	10101812	
539	7	0	0	1536	1.43051147460938e-06	10101824	
540	7	0	0	1536	1.43051147460938e-06	10101906	
541	7	0	0	1536	1.43051147460938e-06	10101912	
542	7	0	0	1536	1.43051147460938e-06	10101924	
543	7	0	0	1536	1.43051147460938e-06	10102006	
544	7	0	0	1536	1.43051147460938e-06	10102012	
545	7	0	0	1536	1.43051147460938e-06	10102024	
546	7	0	0	1536	1.43051147460938e-06	10102106	
547	7	0	0	1536	1.43051147460938e-06	10102112	
548	7	0	0	1536	1.43051147460938e-06	10102124	
549	7	0	0	1536	1.43051147460938e-06	10102206	
550	7	0	0	1536	1.43051147460938e-06	10102212	
551	7	0	0	1536	1.43051147460938e-06	10102224	
552	7	0	0	1536	1.43051147460938e-06	10102306	
553	7	0	0	1536	1.43051147460938e-06	10102312	
554	7	0	0	1536	1.43051147460938e-06	10102324	
555	7	0	0	1536	1.43051147460938e-06	10102406	
556	7	0	0	1536	1.43051147460938e-06	10102412	
557	7	0	0	1536	1.43051147460938e-06	10102424	
558	7	0	0	1536	1.43051147460938e-06	10102506	
559	7	0	0	1536	1.43051147460938e-06	10102512	
560	7	0	0	1536	1.43051147460938e-06	10102524	
561	7	0	0	1536	1.43051147460938e-06	10102606	
562	7	0	0	1536	1.43051147460938e-06	10102612	
563	7	0	0	1536	1.43051147460938e-06	10102624	
564	7	0	0	1536	1.43051147460938e-06	10102706	
565	7	0	0	1536	1.43051147460938e-06	10102712	
566	7	0	0	1536	1.43051147460938e-06	10102724	
567	7	0	0	1536	1.43051147460938e-06	10102806	
568	7	0	0	1536	1.43051147460938e-06	10102812	
569	7	0	0	1536	1.43051147460938e-06	10102824	
570	7	0	0	1536	1.43051147460938e-06	10102906	
571	7	0	0	1536	1.43051147460938e-06	10102912	
572	7	0	0	1536	1.43051147460938e-06	10102924	
573	7	0	0	1536	1.43051147460938e-06	10103006	
574	7	0	0	1536	1.43051147460938e-06	10103012	
575	7	0	0	1536	1.43051147460938e-06	10103024	
576	7	0	0	1536	1.43051147460938e-06	10103106	
577	7	0	0	1536	1.43051147460938e-06	10103112	
578	7	0	0	1536	1.43051147460938e-06	10103124	
579	7	0	0	1536	1.43051147460938e-06	10110106	
580	7	0	0	1536	1.43051147460938e-06	10110112	
581	7	0	0	1536	1.43051147460938e-06	10110124	
582	7	0	0	1536	1.43051147460938e-06	10110206	
583	7	0	0	1536	1.43051147460938e-06	10110212	
584	7	0	0	1536	1.43051147460938e-06	10110224	
585	7	0	0	1536	1.43051147460938e-06	10110306	
586	7	0	0	1536	1.43051147460938e-06	10110312	
587	7	0	0	1536	1.43051147460938e-06	10110324	
588	7	0	0	1536	1.43051147460938e-06	10110406	
589	7	0	0	1536	1.43051147460938e-06	10110412	
590	7	0	0	1536	1.43051147460938e-06	10110424	
591	7	0	0	1536	1.43051147460938e-06	10110506	
592	7	0	0	1536	1.43051147460938e-06	10110512	
593	7	0	0	1536	1.43051147460938e-06	10110524	
594	7	0	0	1536	1.43051147460938e-06	10110606	
595	7	0	0	1536	1.43051147460938e-06	10110612	
596	7	0	0	1536	1.43051147460938e-06	10110624	
597	7	0	0	1536	1.43051147460938e-06	10110706	
598	7	0	0	1536	1.43051147460938e-06	10110712	
599	7	0	0	1536	1.43051147460938e-06	10110724	
600	7	0	0	1536	1.43051147460938e-06	10110806	
601	7	0	0	1536	1.43051147460938e-06	10110812	
602	7	0	0	1536	1.43051147460938e-06	10110824	
603	7	0	0	1536	1.43051147460938e-06	10110906	
604	7	0	0	1536	1.43051147460938e-06	10110912	
605	7	0	0	1536	1.43051147460938e-06	10110924	
606	7	0	0	1536	1.43051147460938e-06	10111006	
607	7	0	0	1536	1.43051147460938e-06	10111012	
608	7	0	0	1536	1.43051147460938e-06	10111024	
609	7	0	0	1536	1.43051147460938e-06	10111106	
610	7	0	0	1536	1.43051147460938e-06	10111112	
611	7	0	0	1536	1.43051147460938e-06	10111124	
612	7	0	0	1536	1.43051147460938e-06	10111206	
613	7	0	0	1536	1.43051147460938e-06	10111212	
614	7	0	0	1536	1.43051147460938e-06	10111224	
615	7	0	0	1536	1.43051147460938e-06	10111306	
616	7	0	0	1536	1.43051147460938e-06	10111312	
617	7	0	0	1536	1.43051147460938e-06	10111324	
618	7	0	0	1536	1.43051147460938e-06	10111406	
619	7	0	0	1536	1.43051147460938e-06	10111412	
620	7	0	0	1536	1.43051147460938e-06	10111424	
621	7	0	0	1536	1.43051147460938e-06	10111506	
622	7	0	0	1536	1.43051147460938e-06	10111512	
623	7	0	0	1536	1.43051147460938e-06	10111524	
624	7	0	0	1536	1.43051147460938e-06	10111606	
625	7	0	0	1536	1.43051147460938e-06	10111612	
626	7	0	0	1536	1.43051147460938e-06	10111624	
627	7	0	0	1536	1.43051147460938e-06	10111706	
628	7	0	0	1536	1.43051147460938e-06	10111712	
629	7	0	0	1536	1.43051147460938e-06	10111724	
630	7	0	0	1536	1.43051147460938e-06	10111806	
631	7	0	0	1536	1.43051147460938e-06	10111812	
632	7	0	0	1536	1.43051147460938e-06	10111824	
633	7	0	0	1536	1.43051147460938e-06	10111906	
634	7	0	0	1536	1.43051147460938e-06	10111912	
635	7	0	0	1536	1.43051147460938e-06	10111924	
636	7	0	0	1536	1.43051147460938e-06	10112006	
637	7	0	0	1536	1.43051147460938e-06	10112012	
638	7	0	0	1536	1.43051147460938e-06	10112024	
639	7	0	0	1536	1.43051147460938e-06	10112106	
640	7	0	0	1536	1.43051147460938e-06	10112112	
641	7	0	0	1536	1.43051147460938e-06	10112124	
642	7	0	0	1536	1.43051147460938e-06	10112206	
643	7	0	0	1536	1.43051147460938e-06	10112212	
644	7	0	0	1536	1.43051147460938e-06	10112224	
645	7	0	0	1536	1.43051147460938e-06	10112306	
646	7	0	0	1536	1.43051147460938e-06	10112312	
647	7	0	0	1536	1.43051147460938e-06	10112324	
648	7	0	0	1536	1.43051147460938e-06	10112406	
649	7	0	0	1536	1.43051147460938e-06	10112412	
650	7	0	0	1536	1.43051147460938e-06	10112424	
651	7	0	0	1536	1.43051147460938e-06	10112506	
652	7	0	0	1536	1.43051147460938e-06	10112512	
653	7	0	0	1536	1.43051147460938e-06	10112524	
654	7	0	0	1536	1.43051147460938e-06	10112606	
655	7	0	0	1536	1.43051147460938e-06	10112612	
656	7	0	0	1536	1.43051147460938e-06	10112624	
657	7	0	0	1536	1.43051147460938e-06	10112706	
658	7	0	0	1536	1.43051147460938e-06	10112712	
659	7	0	0	1536	1.43051147460938e-06	10112724	
660	7	0	0	1536	1.43051147460938e-06	10112806	
661	7	0	0	1536	1.43051147460938e-06	10112812	
662	7	0	0	1536	1.43051147460938e-06	10112824	
663	7	0	0	1536	1.43051147460938e-06	10112906	
664	7	0	0	1536	1.43051147460938e-06	10112912	
665	7	0	0	1536	1.43051147460938e-06	10112924	
666	7	0	0	1536	1.43051147460938e-06	10113006	
667	7	0	0	1536	1.43051147460938e-06	10113012	
668	7	0	0	1536	1.43051147460938e-06	10113024	
669	7	0	0	1536	1.43051147460938e-06	10120106	
670	7	0	0	1536	1.43051147460938e-06	10120112	
671	7	0	0	1536	1.43051147460938e-06	10120124	
672	7	0	0	1536	1.43051147460938e-06	10120206	
673	7	0	0	1536	1.43051147460938e-06	10120212	
674	7	0	0	1536	1.43051147460938e-06	10120224	
675	7	0	0	1536	1.43051147460938e-06	10120306	
676	7	0	0	1536	1.43051147460938e-06	10120312	
677	7	0	0	1536	1.43051147460938e-06	10120324	
678	7	0	0	1536	1.43051147460938e-06	10120406	
679	7	0	0	1536	1.43051147460938e-06	10120412	
680	7	0	0	1536	1.43051147460938e-06	10120424	
681	7	0	0	1536	1.43051147460938e-06	10120506	
682	7	0	0	1536	1.43051147460938e-06	10120512	
683	7	0	0	1536	1.43051147460938e-06	10120524	
684	7	0	0	1536	1.43051147460938e-06	10120606	
685	7	0	0	1536	1.43051147460938e-06	10120612	
686	7	0	0	1536	1.43051147460938e-06	10120624	
687	7	0	0	1536	1.43051147460938e-06	10120706	
688	7	0	0	1536	1.43051147460938e-06	10120712	
689	7	0	0	1536	1.43051147460938e-06	10120724	
690	7	0	0	1536	1.43051147460938e-06	10120806	
691	7	0	0	1536	1.43051147460938e-06	10120812	
692	7	0	0	1536	1.43051147460938e-06	10120824	
693	7	0	0	1536	1.43051147460938e-06	10120906	
694	7	0	0	1536	1.43051147460938e-06	10120912	
695	7	0	0	1536	1.43051147460938e-06	10120924	
696	7	0	0	1536	1.43051147460938e-06	10121006	
697	7	0	0	1536	1.43051147460938e-06	10121012	
698	7	0	0	1536	1.43051147460938e-06	10121024	
699	7	0	0	1536	1.43051147460938e-06	10121106	
700	7	0	0	1536	1.43051147460938e-06	10121112	
701	7	0	0	1536	1.43051147460938e-06	10121124	
702	7	0	0	1536	1.43051147460938e-06	10121206	
703	7	0	0	1536	1.43051147460938e-06	10121212	
704	7	0	0	1536	1.43051147460938e-06	10121224	
705	7	0	0	1536	1.43051147460938e-06	10121306	
706	7	0	0	1536	1.43051147460938e-06	10121312	
707	7	0	0	1536	1.43051147460938e-06	10121324	
708	7	0	0	1536	1.43051147460938e-06	10121406	
709	7	0	0	1536	1.43051147460938e-06	10121412	
710	7	0	0	1536	1.43051147460938e-06	10121424	
711	7	0	0	1536	1.43051147460938e-06	10121506	
712	7	0	0	1536	1.43051147460938e-06	10121512	
713	7	0	0	1536	1.43051147460938e-06	10121524	
714	7	0	0	1536	1.43051147460938e-06	10121606	
715	7	0	0	1536	1.43051147460938e-06	10121612	
716	7	0	0	1536	1.43051147460938e-06	10121624	
717	7	0	0	1536	1.43051147460938e-06	10121706	
718	7	0	0	1536	1.43051147460938e-06	10121712	
719	7	0	0	1536	1.43051147460938e-06	10121724	
720	7	0	0	1536	1.43051147460938e-06	10121806	
721	7	0	0	1536	1.43051147460938e-06	10121812	
722	7	0	0	1536	1.43051147460938e-06	10121824	
723	7	0	0	1536	1.43051147460938e-06	10121906	
724	7	0	0	1536	1.43051147460938e-06	10121912	
725	7	0	0	1536	1.43051147460938e-06	10121924	
726	7	0	0	1536	1.43051147460938e-06	10122006	
727	7	0	0	1536	1.43051147460938e-06	10122012	
728	7	0	0	1536	1.43051147460938e-06	10122024	
729	7	0	0	1536	1.43051147460938e-06	10122106	
730	7	0	0	1536	1.43051147460938e-06	10122112	
731	7	0	0	1536	1.43051147460938e-06	10122124	
732	7	0	0	1536	1.43051147460938e-06	10122206	
733	7	0	0	1536	1.43051147460938e-06	10122212	
734	7	0	0	1536	1.43051147460938e-06	10122224	
735	7	0	0	1536	1.43051147460938e-06	10122306	
736	7	0	0	1536	1.43051147460938e-06	10122312	
737	7	0	0	1536	1.43051147460938e-06	10122324	
738	7	0	0	1536	1.43051147460938e-06	10122406	
739	7	0	0	1536	1.43051147460938e-06	10122412	
740	7	0	0	1536	1.43051147460938e-06	10122424	
741	7	0	0	1536	1.43051147460938e-06	10122506	
742	7	0	0	1536	1.43051147460938e-06	10122512	
743	7	0	0	1536	1.43051147460938e-06	10122524	
744	7	0	0	1536	1.43051147460938e-06	10122606	
745	7	0	0	1536	1.43051147460938e-06	10122612	
746	7	0	0	1536	1.43051147460938e-06	10122624	
747	7	0	0	1536	1.43051147460938e-06	10122706	
748	7	0	0	1536	1.43051147460938e-06	10122712	
749	7	0	0	1536	1.43051147460938e-06	10122724	
750	7	0	0	1536	1.43051147460938e-06	10122806	
751	7	0	0	1536	1.43051147460938e-06	10122812	
752	7	0	0	1536	1.43051147460938e-06	10122824	
753	7	0	0	1536	1.43051147460938e-06	10122906	
754	7	0	0	1536	1.43051147460938e-06	10122912	
755	7	0	0	1536	1.43051147460938e-06	10122924	
756	7	0	0	1536	1.43051147460938e-06	10123006	
757	7	0	0	1536	1.43051147460938e-06	10123012	
758	7	0	0	1536	1.43051147460938e-06	10123024	
759	7	0	0	1536	1.43051147460938e-06	10123106	
760	7	0	0	1536	1.43051147460938e-06	10123112	
761	7	0	0	1536	1.43051147460938e-06	10123124	
762	7	0	0	1536	1.43051147460938e-06	11010106	
763	7	0	0	1536	1.43051147460938e-06	11010112	
764	7	0	0	1536	1.43051147460938e-06	11010124	
765	7	0	0	1536	1.43051147460938e-06	11010206	
766	7	0	0	1536	1.43051147460938e-06	11010212	
767	7	0	0	1536	1.43051147460938e-06	11010224	
768	7	0	0	1536	1.43051147460938e-06	11010306	
769	7	0	0	1536	1.43051147460938e-06	11010312	
770	7	0	0	1536	1.43051147460938e-06	11010324	
771	7	0	0	1536	1.43051147460938e-06	11010406	
772	7	0	0	1536	1.43051147460938e-06	11010412	
773	7	0	0	1536	1.43051147460938e-06	11010424	
774	7	0	0	1536	1.43051147460938e-06	11010506	
775	7	0	0	1536	1.43051147460938e-06	11010512	
776	7	0	0	1536	1.43051147460938e-06	11010524	
777	7	0	0	1536	1.43051147460938e-06	11010606	
778	7	0	0	1536	1.43051147460938e-06	11010612	
779	7	0	0	1536	1.43051147460938e-06	11010624	
780	7	0	0	1536	1.43051147460938e-06	11010706	
781	7	0	0	1536	1.43051147460938e-06	11010712	
782	7	0	0	1536	1.43051147460938e-06	11010724	
783	7	0	0	1536	1.43051147460938e-06	11010806	
784	7	0	0	1536	1.43051147460938e-06	11010812	
785	7	0	0	1536	1.43051147460938e-06	11010824	
786	7	0	0	1536	1.43051147460938e-06	11010906	
787	7	0	0	1536	1.43051147460938e-06	11010912	
788	7	0	0	1536	1.43051147460938e-06	11010924	
789	7	0	0	1536	1.43051147460938e-06	11011006	
790	7	0	0	1536	1.43051147460938e-06	11011012	
791	7	0	0	1536	1.43051147460938e-06	11011024	
792	7	0	0	1536	1.43051147460938e-06	11011106	
793	7	0	0	1536	1.43051147460938e-06	11011112	
794	7	0	0	1536	1.43051147460938e-06	11011124	
795	7	0	0	1536	1.43051147460938e-06	11011206	
796	7	0	0	1536	1.43051147460938e-06	11011212	
797	7	0	0	1536	1.43051147460938e-06	11011224	
798	7	0	0	1536	1.43051147460938e-06	11011306	
799	7	0	0	1536	1.43051147460938e-06	11011312	
800	7	0	0	1536	1.43051147460938e-06	11011324	
801	7	0	0	1536	1.43051147460938e-06	11011406	
802	7	0	0	1536	1.43051147460938e-06	11011412	
803	7	0	0	1536	1.43051147460938e-06	11011424	
804	7	0	0	1536	1.43051147460938e-06	11011506	
805	7	0	0	1536	1.43051147460938e-06	11011512	
806	7	0	0	1536	1.43051147460938e-06	11011524	
807	7	0	0	1536	1.43051147460938e-06	11011606	
808	7	0	0	1536	1.43051147460938e-06	11011612	
809	7	0	0	1536	1.43051147460938e-06	11011624	
810	7	0	0	1536	1.43051147460938e-06	11011706	
811	7	0	0	1536	1.43051147460938e-06	11011712	
812	7	0	0	1536	1.43051147460938e-06	11011724	
813	7	0	0	1536	1.43051147460938e-06	11011806	
814	7	0	0	1536	1.43051147460938e-06	11011812	
815	7	0	0	1536	1.43051147460938e-06	11011824	
816	7	0	0	1536	1.43051147460938e-06	11011906	
817	7	0	0	1536	1.43051147460938e-06	11011912	
818	7	0	0	1536	1.43051147460938e-06	11011924	
819	7	0	0	1536	1.43051147460938e-06	11012006	
820	7	0	0	1536	1.43051147460938e-06	11012012	
821	7	0	0	1536	1.43051147460938e-06	11012024	
822	7	0	0	1536	1.43051147460938e-06	11012106	
823	7	0	0	1536	1.43051147460938e-06	11012112	
824	7	0	0	1536	1.43051147460938e-06	11012124	
825	7	0	0	1536	1.43051147460938e-06	11012206	
826	7	0	0	1536	1.43051147460938e-06	11012212	
827	7	0	0	1536	1.43051147460938e-06	11012224	
828	7	0	0	1536	1.43051147460938e-06	11012306	
829	7	0	0	1536	1.43051147460938e-06	11012312	
830	7	0	0	1536	1.43051147460938e-06	11012324	
831	7	0	0	1536	1.43051147460938e-06	11012406	
832	7	0	0	1536	1.43051147460938e-06	11012412	
833	7	0	0	1536	1.43051147460938e-06	11012424	
834	7	0	0	1536	1.43051147460938e-06	11012506	
835	7	0	0	1536	1.43051147460938e-06	11012512	
836	7	0	0	1536	1.43051147460938e-06	11012524	
837	7	0	0	1536	1.43051147460938e-06	11012606	
838	7	0	0	1536	1.43051147460938e-06	11012612	
839	7	0	0	1536	1.43051147460938e-06	11012624	
840	7	0	0	1536	1.43051147460938e-06	11012706	
841	7	0	0	1536	1.43051147460938e-06	11012712	
842	7	0	0	1536	1.43051147460938e-06	11012724	
843	7	0	0	1536	1.43051147460938e-06	11012806	
844	7	0	0	1536	1.43051147460938e-06	11012812	
845	7	0	0	1536	1.43051147460938e-06	11012824	
846	7	0	0	1536	1.43051147460938e-06	11012906	
847	7	0	0	1536	1.43051147460938e-06	11012912	
848	7	0	0	1536	1.43051147460938e-06	11012924	
849	7	0	0	1536	1.43051147460938e-06	11013006	
850	7	0	0	1536	1.43051147460938e-06	11013012	
851	7	0	0	1536	1.43051147460938e-06	11013024	
852	7	0	0	1536	1.43051147460938e-06	11013106	
853	7	0	0	1536	1.43051147460938e-06	11013112	
854	7	0	0	1536	1.43051147460938e-06	11013124	
855	7	0	0	1536	1.43051147460938e-06	11020106	
856	7	0	0	1536	1.43051147460938e-06	11020112	
857	7	0	0	1536	1.43051147460938e-06	11020124	
858	7	0	0	1536	1.43051147460938e-06	11020206	
859	7	0	0	1536	1.43051147460938e-06	11020212	
860	7	0	0	1536	1.43051147460938e-06	11020224	
861	7	0	0	1536	1.43051147460938e-06	11020306	
862	7	0	0	1536	1.43051147460938e-06	11020312	
863	7	0	0	1536	1.43051147460938e-06	11020324	
864	7	0	0	1536	1.43051147460938e-06	11020406	
865	7	0	0	1536	1.43051147460938e-06	11020412	
866	7	0	0	1536	1.43051147460938e-06	11020424	
867	7	0	0	1536	1.43051147460938e-06	11020506	
868	7	0	0	1536	1.43051147460938e-06	11020512	
869	7	0	0	1536	1.43051147460938e-06	11020524	
870	7	0	0	1536	1.43051147460938e-06	11020606	
871	7	0	0	1536	1.43051147460938e-06	11020612	
872	7	0	0	1536	1.43051147460938e-06	11020624	
873	7	0	0	1536	1.43051147460938e-06	11020706	
874	7	0	0	1536	1.43051147460938e-06	11020712	
875	7	0	0	1536	1.43051147460938e-06	11020724	
876	7	0	0	1536	1.43051147460938e-06	11020806	
877	7	0	0	1536	1.43051147460938e-06	11020812	
878	7	0	0	1536	1.43051147460938e-06	11020824	
879	7	0	0	1536	1.43051147460938e-06	11020906	
880	7	0	0	1536	1.43051147460938e-06	11020912	
881	7	0	0	1536	1.43051147460938e-06	11020924	
882	7	0	0	1536	1.43051147460938e-06	11021006	
883	7	0	0	1536	1.43051147460938e-06	11021012	
884	7	0	0	1536	1.43051147460938e-06	11021024	
885	7	0	0	1536	1.43051147460938e-06	11021106	
886	7	0	0	1536	1.43051147460938e-06	11021112	
887	7	0	0	1536	1.43051147460938e-06	11021124	
888	7	0	0	1536	1.43051147460938e-06	11021206	
889	7	0	0	1536	1.43051147460938e-06	11021212	
890	7	0	0	1536	1.43051147460938e-06	11021224	
891	7	0	0	1536	1.43051147460938e-06	11021306	
892	7	0	0	1536	1.43051147460938e-06	11021312	
893	7	0	0	1536	1.43051147460938e-06	11021324	
894	7	0	0	1536	1.43051147460938e-06	11021406	
895	7	0	0	1536	1.43051147460938e-06	11021412	
896	7	0	0	1536	1.43051147460938e-06	11021424	
897	7	0	0	1536	1.43051147460938e-06	11021506	
898	7	0	0	1536	1.43051147460938e-06	11021512	
899	7	0	0	1536	1.43051147460938e-06	11021524	
900	7	0	0	1536	1.43051147460938e-06	11021606	
901	7	0	0	1536	1.43051147460938e-06	11021612	
902	7	0	0	1536	1.43051147460938e-06	11021624	
903	7	0	0	1536	1.43051147460938e-06	11021706	
904	7	0	0	1536	1.43051147460938e-06	11021712	
905	7	0	0	1536	1.43051147460938e-06	11021724	
906	7	0	0	1536	1.43051147460938e-06	11021806	
907	7	0	0	1536	1.43051147460938e-06	11021812	
908	7	0	0	1536	1.43051147460938e-06	11021824	
909	7	0	0	1536	1.43051147460938e-06	11021906	
910	7	0	0	1536	1.43051147460938e-06	11021912	
911	7	0	0	1536	1.43051147460938e-06	11021924	
912	7	0	0	1536	1.43051147460938e-06	11022006	
913	7	0	0	1536	1.43051147460938e-06	11022012	
914	7	0	0	1536	1.43051147460938e-06	11022024	
915	7	0	0	1536	1.43051147460938e-06	11022106	
916	7	0	0	1536	1.43051147460938e-06	11022112	
917	7	0	0	1536	1.43051147460938e-06	11022124	
918	7	0	0	1536	1.43051147460938e-06	11022206	
919	7	0	0	1536	1.43051147460938e-06	11022212	
920	7	0	0	1536	1.43051147460938e-06	11022224	
921	7	0	0	1536	1.43051147460938e-06	11022306	
922	7	0	0	1536	1.43051147460938e-06	11022312	
923	7	0	0	1536	1.43051147460938e-06	11022324	
924	7	0	0	1536	1.43051147460938e-06	11022406	
925	7	0	0	1536	1.43051147460938e-06	11022412	
926	7	0	0	1536	1.43051147460938e-06	11022424	
927	7	0	0	1536	1.43051147460938e-06	11022506	
928	7	0	0	1536	1.43051147460938e-06	11022512	
929	7	0	0	1536	1.43051147460938e-06	11022524	
930	7	0	0	1536	1.43051147460938e-06	11022606	
931	7	0	0	1536	1.43051147460938e-06	11022612	
932	7	0	0	1536	1.43051147460938e-06	11022624	
933	7	0	0	1536	1.43051147460938e-06	11022706	
934	7	0	0	1536	1.43051147460938e-06	11022712	
935	7	0	0	1536	1.43051147460938e-06	11022724	
936	7	0	0	1536	1.43051147460938e-06	11022806	
937	7	0	0	1536	1.43051147460938e-06	11022812	
938	7	0	0	1536	1.43051147460938e-06	11022824	
939	7	0	0	1536	1.43051147460938e-06	11030106	
940	7	0	0	1536	1.43051147460938e-06	11030112	
941	7	0	0	1536	1.43051147460938e-06	11030124	
942	7	0	0	1536	1.43051147460938e-06	11030206	
943	7	0	0	1536	1.43051147460938e-06	11030212	
944	7	0	0	1536	1.43051147460938e-06	11030224	
945	7	0	0	1536	1.43051147460938e-06	11030306	
946	7	0	0	1536	1.43051147460938e-06	11030312	
947	7	0	0	1536	1.43051147460938e-06	11030324	
948	7	0	0	1536	1.43051147460938e-06	11030406	
949	7	0	0	1536	1.43051147460938e-06	11030412	
950	7	0	0	1536	1.43051147460938e-06	11030424	
951	7	0	0	1536	1.43051147460938e-06	11030506	
952	7	0	0	1536	1.43051147460938e-06	11030512	
953	7	0	0	1536	1.43051147460938e-06	11030524	
954	7	0	0	1536	1.43051147460938e-06	11030606	
955	7	0	0	1536	1.43051147460938e-06	11030612	
956	7	0	0	1536	1.43051147460938e-06	11030624	
957	7	0	0	1536	1.43051147460938e-06	11030706	
958	7	0	0	1536	1.43051147460938e-06	11030712	
959	7	0	0	1536	1.43051147460938e-06	11030724	
960	7	0	0	1536	1.43051147460938e-06	11030806	
961	7	0	0	1536	1.43051147460938e-06	11030812	
962	7	0	0	1536	1.43051147460938e-06	11030824	
963	7	0	0	1536	1.43051147460938e-06	11030906	
964	7	0	0	1536	1.43051147460938e-06	11030912	
965	7	0	0	1536	1.43051147460938e-06	11030924	
966	7	0	0	1536	1.43051147460938e-06	11031006	
967	7	0	0	1536	1.43051147460938e-06	11031012	
968	7	0	0	1536	1.43051147460938e-06	11031024	
969	7	0	0	1536	1.43051147460938e-06	11031106	
970	7	0	0	1536	1.43051147460938e-06	11031112	
971	7	0	0	1536	1.43051147460938e-06	11031124	
972	7	0	0	1536	1.43051147460938e-06	11031206	
973	7	0	0	1536	1.43051147460938e-06	11031212	
974	7	0	0	1536	1.43051147460938e-06	11031224	
975	7	0	0	1536	1.43051147460938e-06	11031306	
976	7	0	0	1536	1.43051147460938e-06	11031312	
977	7	0	0	1536	1.43051147460938e-06	11031324	
978	7	0	0	1536	1.43051147460938e-06	11031406	
979	7	0	0	1536	1.43051147460938e-06	11031412	
980	7	0	0	1536	1.43051147460938e-06	11031424	
981	7	0	0	1536	1.43051147460938e-06	11031506	
982	7	0	0	1536	1.43051147460938e-06	11031512	
983	7	0	0	1536	1.43051147460938e-06	11031524	
984	7	0	0	1536	1.43051147460938e-06	11031606	
985	7	0	0	1536	1.43051147460938e-06	11031612	
986	7	0	0	1536	1.43051147460938e-06	11031624	
987	7	0	0	1536	1.43051147460938e-06	11031706	
988	7	0	0	1536	1.43051147460938e-06	11031712	
989	7	0	0	1536	1.43051147460938e-06	11031724	
990	7	0	0	1536	1.43051147460938e-06	11031806	
991	7	0	0	1536	1.43051147460938e-06	11031812	
992	7	0	0	1536	1.43051147460938e-06	11031824	
993	7	0	0	1536	1.43051147460938e-06	11031906	
994	7	0	0	1536	1.43051147460938e-06	11031912	
995	7	0	0	1536	1.43051147460938e-06	11031924	
996	7	0	0	1536	1.43051147460938e-06	11032006	
997	7	0	0	1536	1.43051147460938e-06	11032012	
998	7	0	0	1536	1.43051147460938e-06	11032024	
999	7	0	0	1536	1.43051147460938e-06	11032106	
1000	7	0	0	1536	1.43051147460938e-06	11032112	
1001	7	0	0	1536	1.43051147460938e-06	11032124	
1002	7	0	0	1536	1.43051147460938e-06	11032206	
1003	7	0	0	1536	1.43051147460938e-06	11032212	
1004	7	0	0	1536	1.43051147460938e-06	11032224	
1005	7	0	0	1536	1.43051147460938e-06	11032306	
1006	7	0	0	1536	1.43051147460938e-06	11032312	
1007	7	0	0	1536	1.43051147460938e-06	11032324	
1008	7	0	0	1536	1.43051147460938e-06	11032406	
1009	7	0	0	1536	1.43051147460938e-06	11032412	
1010	7	0	0	1536	1.43051147460938e-06	11032424	
1011	7	0	0	1536	1.43051147460938e-06	11032506	
1012	7	0	0	1536	1.43051147460938e-06	11032512	
1013	7	0	0	1536	1.43051147460938e-06	11032524	
1014	7	0	0	1536	1.43051147460938e-06	11032606	
1015	7	0	0	1536	1.43051147460938e-06	11032612	
1016	7	0	0	1536	1.43051147460938e-06	11032624	
1017	7	0	0	1536	1.43051147460938e-06	11032706	
1018	7	0	0	1536	1.43051147460938e-06	11032712	
1019	7	0	0	1536	1.43051147460938e-06	11032724	
1020	7	0	0	1536	1.43051147460938e-06	11032806	
1021	7	0	0	1536	1.43051147460938e-06	11032812	
1022	7	0	0	1536	1.43051147460938e-06	11032824	
1023	7	0	0	1536	1.43051147460938e-06	11032906	
1024	7	0	0	1536	1.43051147460938e-06	11032912	
1025	7	0	0	1536	1.43051147460938e-06	11032924	
1026	7	0	0	1536	1.43051147460938e-06	11033006	
1027	7	0	0	1536	1.43051147460938e-06	11033012	
1028	7	0	0	1536	1.43051147460938e-06	11033024	
1029	7	0	0	1536	1.43051147460938e-06	11033106	
1030	7	0	0	1536	1.43051147460938e-06	11033112	
1031	7	0	0	1536	1.43051147460938e-06	11033124	
1032	7	0	0	1536	1.43051147460938e-06	11040106	
1033	7	0	0	1536	1.43051147460938e-06	11040112	
1034	7	0	0	1536	1.43051147460938e-06	11040124	
1035	7	0	0	1536	1.43051147460938e-06	11040206	
1036	7	0	0	1536	1.43051147460938e-06	11040212	
1037	7	0	0	1536	1.43051147460938e-06	11040224	
1038	7	0	0	1536	1.43051147460938e-06	11040306	
1039	7	0	0	1536	1.43051147460938e-06	11040312	
1040	7	0	0	1536	1.43051147460938e-06	11040324	
1041	7	0	0	1536	1.43051147460938e-06	11040406	
1042	7	0	0	1536	1.43051147460938e-06	11040412	
1043	7	0	0	1536	1.43051147460938e-06	11040424	
1044	7	0	0	1536	1.43051147460938e-06	11040506	
1045	7	0	0	1536	1.43051147460938e-06	11040512	
1046	7	0	0	1536	1.43051147460938e-06	11040524	
1047	7	0	0	1536	1.43051147460938e-06	11040606	
1048	7	0	0	1536	1.43051147460938e-06	11040612	
1049	7	0	0	1536	1.43051147460938e-06	11040624	
1050	7	0	0	1536	1.43051147460938e-06	11040706	
1051	7	0	0	1536	1.43051147460938e-06	11040712	
1052	7	0	0	1536	1.43051147460938e-06	11040724	
1053	7	0	0	1536	1.43051147460938e-06	11040806	
1054	7	0	0	1536	1.43051147460938e-06	11040812	
1055	7	0	0	1536	1.43051147460938e-06	11040824	
1056	7	0	0	1536	1.43051147460938e-06	11040906	
1057	7	0	0	1536	1.43051147460938e-06	11040912	
1058	7	0	0	1536	1.43051147460938e-06	11040924	
1059	7	0	0	1536	1.43051147460938e-06	11041006	
1060	7	0	0	1536	1.43051147460938e-06	11041012	
1061	7	0	0	1536	1.43051147460938e-06	11041024	
1062	7	0	0	1536	1.43051147460938e-06	11041106	
1063	7	0	0	1536	1.43051147460938e-06	11041112	
1064	7	0	0	1536	1.43051147460938e-06	11041124	
1065	7	0	0	1536	1.43051147460938e-06	11041206	
1066	7	0	0	1536	1.43051147460938e-06	11041212	
1067	7	0	0	1536	1.43051147460938e-06	11041224	
1068	7	0	0	1536	1.43051147460938e-06	11041306	
1069	7	0	0	1536	1.43051147460938e-06	11041312	
1070	7	0	0	1536	1.43051147460938e-06	11041324	
1071	7	0	0	1536	1.43051147460938e-06	11041406	
1072	7	0	0	1536	1.43051147460938e-06	11041412	
1073	7	0	0	1536	1.43051147460938e-06	11041424	
1074	7	0	0	1536	1.43051147460938e-06	11041506	
1075	7	0	0	1536	1.43051147460938e-06	11041512	
1076	7	0	0	1536	1.43051147460938e-06	11041524	
1077	7	0	0	1536	1.43051147460938e-06	11041606	
1078	7	0	0	1536	1.43051147460938e-06	11041612	
1079	7	0	0	1536	1.43051147460938e-06	11041624	
1080	7	0	0	1536	1.43051147460938e-06	11041706	
1081	7	0	0	1536	1.43051147460938e-06	11041712	
1082	7	0	0	1536	1.43051147460938e-06	11041724	
1083	7	0	0	1536	1.43051147460938e-06	11041806	
1084	7	0	0	1536	1.43051147460938e-06	11041812	
1085	7	0	0	1536	1.43051147460938e-06	11041824	
1086	7	0	0	1536	1.43051147460938e-06	11041906	
1087	7	0	0	1536	1.43051147460938e-06	11041912	
1088	7	0	0	1536	1.43051147460938e-06	11041924	
1089	7	0	0	1536	1.43051147460938e-06	11042006	
1090	7	0	0	1536	1.43051147460938e-06	11042012	
1091	7	0	0	1536	1.43051147460938e-06	11042024	
1092	7	0	0	1536	1.43051147460938e-06	11042106	
1093	7	0	0	1536	1.43051147460938e-06	11042112	
1094	7	0	0	1536	1.43051147460938e-06	11042124	
1095	7	0	0	1536	1.43051147460938e-06	11042206	
1096	7	0	0	1536	1.43051147460938e-06	11042212	
1097	7	0	0	1536	1.43051147460938e-06	11042224	
1098	7	0	0	1536	1.43051147460938e-06	11042306	
1099	7	0	0	1536	1.43051147460938e-06	11042312	
1100	7	0	0	1536	1.43051147460938e-06	11042324	
1101	7	0	0	1536	1.43051147460938e-06	11042406	
1102	7	0	0	1536	1.43051147460938e-06	11042412	
1103	7	0	0	1536	1.43051147460938e-06	11042424	
1104	7	0	0	1536	1.43051147460938e-06	11042506	
1105	7	0	0	1536	1.43051147460938e-06	11042512	
1106	7	0	0	1536	1.43051147460938e-06	11042524	
1107	7	0	0	1536	1.43051147460938e-06	11042606	
1108	7	0	0	1536	1.43051147460938e-06	11042612	
1109	7	0	0	1536	1.43051147460938e-06	11042624	
1110	7	0	0	1536	1.43051147460938e-06	11042706	
1111	7	0	0	1536	1.43051147460938e-06	11042712	
1112	7	0	0	1536	1.43051147460938e-06	11042724	
1113	7	0	0	1536	1.43051147460938e-06	11042806	
1114	7	0	0	1536	1.43051147460938e-06	11042812	
1115	7	0	0	1536	1.43051147460938e-06	11042824	
1116	7	0	0	1536	1.43051147460938e-06	11042906	
1117	7	0	0	1536	1.43051147460938e-06	11042912	
1118	7	0	0	1536	1.43051147460938e-06	11042924	
1119	7	0	0	1536	1.43051147460938e-06	11043006	
1120	7	0	0	1536	1.43051147460938e-06	11043012	
1121	7	0	0	1536	1.43051147460938e-06	11043024	
1122	7	0	0	1536	1.43051147460938e-06	11050106	
1123	7	0	0	1536	1.43051147460938e-06	11050112	
1124	7	0	0	1536	1.43051147460938e-06	11050124	
1125	7	0	0	1536	1.43051147460938e-06	11050206	
1126	7	0	0	1536	1.43051147460938e-06	11050212	
1127	7	0	0	1536	1.43051147460938e-06	11050224	
1128	7	0	0	1536	1.43051147460938e-06	11050306	
1129	7	0	0	1536	1.43051147460938e-06	11050312	
1130	7	0	0	1536	1.43051147460938e-06	11050324	
1131	7	0	0	1536	1.43051147460938e-06	11050406	
1132	7	0	0	1536	1.43051147460938e-06	11050412	
1133	7	0	0	1536	1.43051147460938e-06	11050424	
1134	7	0	0	1536	1.43051147460938e-06	11050506	
1135	7	0	0	1536	1.43051147460938e-06	11050512	
1136	7	0	0	1536	1.43051147460938e-06	11050524	
1137	7	0	0	1536	1.43051147460938e-06	11050606	
1138	7	0	0	1536	1.43051147460938e-06	11050612	
1139	7	0	0	1536	1.43051147460938e-06	11050624	
1140	7	0	0	1536	1.43051147460938e-06	11050706	
1141	7	0	0	1536	1.43051147460938e-06	11050712	
1142	7	0	0	1536	1.43051147460938e-06	11050724	
1143	7	0	0	1536	1.43051147460938e-06	11050806	
1144	7	0	0	1536	1.43051147460938e-06	11050812	
1145	7	0	0	1536	1.43051147460938e-06	11050824	
1146	7	0	0	1536	1.43051147460938e-06	11050906	
1147	7	0	0	1536	1.43051147460938e-06	11050912	
1148	7	0	0	1536	1.43051147460938e-06	11050924	
1149	7	0	0	1536	1.43051147460938e-06	11051006	
1150	7	0	0	1536	1.43051147460938e-06	11051012	
1151	7	0	0	1536	1.43051147460938e-06	11051024	
1152	7	0	0	1536	1.43051147460938e-06	11051106	
1153	7	0	0	1536	1.43051147460938e-06	11051112	
1154	7	0	0	1536	1.43051147460938e-06	11051124	
1155	7	0	0	1536	1.43051147460938e-06	11051206	
1156	7	0	0	1536	1.43051147460938e-06	11051212	
1157	7	0	0	1536	1.43051147460938e-06	11051224	
1158	7	0	0	1536	1.43051147460938e-06	11051306	
1159	7	0	0	1536	1.43051147460938e-06	11051312	
1160	7	0	0	1536	1.43051147460938e-06	11051324	
1161	7	0	0	1536	1.43051147460938e-06	11051406	
1162	7	0	0	1536	1.43051147460938e-06	11051412	
1163	7	0	0	1536	1.43051147460938e-06	11051424	
1164	7	0	0	1536	1.43051147460938e-06	11051506	
1165	7	0	0	1536	1.43051147460938e-06	11051512	
1166	7	0	0	1536	1.43051147460938e-06	11051524	
1167	7	0	0	1536	1.43051147460938e-06	11051606	
1168	7	0	0	1536	1.43051147460938e-06	11051612	
1169	7	0	0	1536	1.43051147460938e-06	11051624	
1170	7	0	0	1536	1.43051147460938e-06	11051706	
1171	7	0	0	1536	1.43051147460938e-06	11051712	
1172	7	0	0	1536	1.43051147460938e-06	11051724	
1173	7	0	0	1536	1.43051147460938e-06	11051806	
1174	7	0	0	1536	1.43051147460938e-06	11051812	
1175	7	0	0	1536	1.43051147460938e-06	11051824	
1176	7	0	0	1536	1.43051147460938e-06	11051906	
1177	7	0	0	1536	1.43051147460938e-06	11051912	
1178	7	0	0	1536	1.43051147460938e-06	11051924	
1179	7	0	0	1536	1.43051147460938e-06	11052006	
1180	7	0	0	1536	1.43051147460938e-06	11052012	
1181	7	0	0	1536	1.43051147460938e-06	11052024	
1182	7	0	0	1536	1.43051147460938e-06	11052106	
1183	7	0	0	1536	1.43051147460938e-06	11052112	
1184	7	0	0	1536	1.43051147460938e-06	11052124	
1185	7	0	0	1536	1.43051147460938e-06	11052206	
1186	7	0	0	1536	1.43051147460938e-06	11052212	
1187	7	0	0	1536	1.43051147460938e-06	11052224	
1188	7	0	0	1536	1.43051147460938e-06	11052306	
1189	7	0	0	1536	1.43051147460938e-06	11052312	
1190	7	0	0	1536	1.43051147460938e-06	11052324	
1191	7	0	0	1536	1.43051147460938e-06	11052406	
1192	7	0	0	1536	1.43051147460938e-06	11052412	
1193	7	0	0	1536	1.43051147460938e-06	11052424	
1194	7	0	0	1536	1.43051147460938e-06	11052506	
1195	7	0	0	1536	1.43051147460938e-06	11052512	
1196	7	0	0	1536	1.43051147460938e-06	11052524	
1197	7	0	0	1536	1.43051147460938e-06	11052606	
1198	7	0	0	1536	1.43051147460938e-06	11052612	
1199	7	0	0	1536	1.43051147460938e-06	11052624	
1200	7	0	0	1536	1.43051147460938e-06	11052706	
1201	7	0	0	1536	1.43051147460938e-06	11052712	
1202	7	0	0	1536	1.43051147460938e-06	11052724	
1203	7	0	0	1536	1.43051147460938e-06	11052806	
1204	7	0	0	1536	1.43051147460938e-06	11052812	
1205	7	0	0	1536	1.43051147460938e-06	11052824	
1206	7	0	0	1536	1.43051147460938e-06	11052906	
1207	7	0	0	1536	1.43051147460938e-06	11052912	
1208	7	0	0	1536	1.43051147460938e-06	11052924	
1209	7	0	0	1536	1.43051147460938e-06	11053006	
1210	7	0	0	1536	1.43051147460938e-06	11053012	
1211	7	0	0	1536	1.43051147460938e-06	11053024	
1212	7	0	0	1536	1.43051147460938e-06	11053106	
1213	7	0	0	1536	1.43051147460938e-06	11053112	
1214	7	0	0	1536	1.43051147460938e-06	11053124	
1215	7	0	0	1536	1.43051147460938e-06	11060106	
1216	7	0	0	1536	1.43051147460938e-06	11060112	
1217	7	0	0	1536	1.43051147460938e-06	11060124	
1218	7	0	0	1536	1.43051147460938e-06	11060206	
1219	7	0	0	1536	1.43051147460938e-06	11060212	
1220	7	0	0	1536	1.43051147460938e-06	11060224	
1221	7	0	0	1536	1.43051147460938e-06	11060306	
1222	7	0	0	1536	1.43051147460938e-06	11060312	
1223	7	0	0	1536	1.43051147460938e-06	11060324	
1224	7	0	0	1536	1.43051147460938e-06	11060406	
1225	7	0	0	1536	1.43051147460938e-06	11060412	
1226	7	0	0	1536	1.43051147460938e-06	11060424	
1227	7	0	0	1536	1.43051147460938e-06	11060506	
1228	7	0	0	1536	1.43051147460938e-06	11060512	
1229	7	0	0	1536	1.43051147460938e-06	11060524	
1230	7	0	0	1536	1.43051147460938e-06	11060606	
1231	7	0	0	1536	1.43051147460938e-06	11060612	
1232	7	0	0	1536	1.43051147460938e-06	11060624	
1233	7	0	0	1536	1.43051147460938e-06	11060706	
1234	7	0	0	1536	1.43051147460938e-06	11060712	
1235	7	0	0	1536	1.43051147460938e-06	11060724	
1236	7	0	0	1536	1.43051147460938e-06	11060806	
1237	7	0	0	1536	1.43051147460938e-06	11060812	
1238	7	0	0	1536	1.43051147460938e-06	11060824	
1239	7	0	0	1536	1.43051147460938e-06	11060906	
1240	7	0	0	1536	1.43051147460938e-06	11060912	
1241	7	0	0	1536	1.43051147460938e-06	11060924	
1242	7	0	0	1536	1.43051147460938e-06	11061006	
1243	7	0	0	1536	1.43051147460938e-06	11061012	
1244	7	0	0	1536	1.43051147460938e-06	11061024	
1245	7	0	0	1536	1.43051147460938e-06	11061106	
1246	7	0	0	1536	1.43051147460938e-06	11061112	
1247	7	0	0	1536	1.43051147460938e-06	11061124	
1248	7	0	0	1536	1.43051147460938e-06	11061206	
1249	7	0	0	1536	1.43051147460938e-06	11061212	
1250	7	0	0	1536	1.43051147460938e-06	11061224	
1251	7	0	0	1536	1.43051147460938e-06	11061306	
1252	7	0	0	1536	1.43051147460938e-06	11061312	
1253	7	0	0	1536	1.43051147460938e-06	11061324	
1254	7	0	0	1536	1.43051147460938e-06	11061406	
1255	7	0	0	1536	1.43051147460938e-06	11061412	
1256	7	0	0	1536	1.43051147460938e-06	11061424	
1257	7	0	0	1536	1.43051147460938e-06	11061506	
1258	7	0	0	1536	1.43051147460938e-06	11061512	
1259	7	0	0	1536	1.43051147460938e-06	11061524	
1260	7	0	0	1536	1.43051147460938e-06	11061606	
1261	7	0	0	1536	1.43051147460938e-06	11061612	
1262	7	0	0	1536	1.43051147460938e-06	11061624	
1263	7	0	0	1536	1.43051147460938e-06	11061706	
1264	7	0	0	1536	1.43051147460938e-06	11061712	
1265	7	0	0	1536	1.43051147460938e-06	11061724	
1266	7	0	0	1536	1.43051147460938e-06	11061806	
1267	7	0	0	1536	1.43051147460938e-06	11061812	
1268	7	0	0	1536	1.43051147460938e-06	11061824	
1269	7	0	0	1536	1.43051147460938e-06	11061906	
1270	7	0	0	1536	1.43051147460938e-06	11061912	
1271	7	0	0	1536	1.43051147460938e-06	11061924	
1272	7	0	0	1536	1.43051147460938e-06	11062006	
1273	7	0	0	1536	1.43051147460938e-06	11062012	
1274	7	0	0	1536	1.43051147460938e-06	11062024	
1275	7	0	0	1536	1.43051147460938e-06	11062106	
1276	7	0	0	1536	1.43051147460938e-06	11062112	
1277	7	0	0	1536	1.43051147460938e-06	11062124	
1278	7	0	0	1536	1.43051147460938e-06	11062206	
1279	7	0	0	1536	1.43051147460938e-06	11062212	
1280	7	0	0	1536	1.43051147460938e-06	11062224	
1281	7	0	0	1536	1.43051147460938e-06	11062306	
1282	7	0	0	1536	1.43051147460938e-06	11062312	
1283	7	0	0	1536	1.43051147460938e-06	11062324	
1284	7	0	0	1536	1.43051147460938e-06	11062406	
1285	7	0	0	1536	1.43051147460938e-06	11062412	
1286	7	0	0	1536	1.43051147460938e-06	11062424	
1287	7	0	0	1536	1.43051147460938e-06	11062506	
1288	7	0	0	1536	1.43051147460938e-06	11062512	
1289	7	0	0	1536	1.43051147460938e-06	11062524	
1290	7	0	0	1536	1.43051147460938e-06	11062606	
1291	7	0	0	1536	1.43051147460938e-06	11062612	
1292	7	0	0	1536	1.43051147460938e-06	11062624	
1293	7	0	0	1536	1.43051147460938e-06	11062706	
1294	7	0	0	1536	1.43051147460938e-06	11062712	
1295	7	0	0	1536	1.43051147460938e-06	11062724	
1296	7	0	0	1536	1.43051147460938e-06	11062806	
1297	7	0	0	1536	1.43051147460938e-06	11062812	
1298	7	0	0	1536	1.43051147460938e-06	11062824	
1299	7	0	0	1536	1.43051147460938e-06	11062906	
1300	7	0	0	1536	1.43051147460938e-06	11062912	
1301	7	0	0	1536	1.43051147460938e-06	11062924	
1302	7	0	0	1536	1.43051147460938e-06	11063006	
1303	7	0	0	1536	1.43051147460938e-06	11063012	
1304	7	0	0	1536	1.43051147460938e-06	11063024	
1305	7	0	0	1536	1.43051147460938e-06	11070106	
1306	7	0	0	1536	1.43051147460938e-06	11070112	
1307	7	0	0	1536	1.43051147460938e-06	11070124	
1308	7	0	0	1536	1.43051147460938e-06	11070206	
1309	7	0	0	1536	1.43051147460938e-06	11070212	
1310	7	0	0	1536	1.43051147460938e-06	11070224	
1311	7	0	0	1536	1.43051147460938e-06	11070306	
1312	7	0	0	1536	1.43051147460938e-06	11070312	
1313	7	0	0	1536	1.43051147460938e-06	11070324	
1314	7	0	0	1536	1.43051147460938e-06	11070406	
1315	7	0	0	1536	1.43051147460938e-06	11070412	
1316	7	0	0	1536	1.43051147460938e-06	11070424	
1317	7	0	0	1536	1.43051147460938e-06	11070506	
1318	7	0	0	1536	1.43051147460938e-06	11070512	
1319	7	0	0	1536	1.43051147460938e-06	11070524	
1320	7	0	0	1536	1.43051147460938e-06	11070606	
1321	7	0	0	1536	1.43051147460938e-06	11070612	
1322	7	0	0	1536	1.43051147460938e-06	11070624	
1323	7	0	0	1536	1.43051147460938e-06	11070706	
1324	7	0	0	1536	1.43051147460938e-06	11070712	
1325	7	0	0	1536	1.43051147460938e-06	11070724	
1326	7	0	0	1536	1.43051147460938e-06	11070806	
1327	7	0	0	1536	1.43051147460938e-06	11070812	
1328	7	0	0	1536	1.43051147460938e-06	11070824	
1329	7	0	0	1536	1.43051147460938e-06	11070906	
1330	7	0	0	1536	1.43051147460938e-06	11070912	
1331	7	0	0	1536	1.43051147460938e-06	11070924	
1332	7	0	0	1536	1.43051147460938e-06	11071006	
1333	7	0	0	1536	1.43051147460938e-06	11071012	
1334	7	0	0	1536	1.43051147460938e-06	11071024	
1335	7	0	0	1536	1.43051147460938e-06	11071106	
1336	7	0	0	1536	1.43051147460938e-06	11071112	
1337	7	0	0	1536	1.43051147460938e-06	11071124	
1338	7	0	0	1536	1.43051147460938e-06	11071206	
1339	7	0	0	1536	1.43051147460938e-06	11071212	
1340	7	0	0	1536	1.43051147460938e-06	11071224	
1341	7	0	0	1536	1.43051147460938e-06	11071306	
1342	7	0	0	1536	1.43051147460938e-06	11071312	
1343	7	0	0	1536	1.43051147460938e-06	11071324	
1344	7	0	0	1536	1.43051147460938e-06	11071406	
1345	7	0	0	1536	1.43051147460938e-06	11071412	
1346	7	0	0	1536	1.43051147460938e-06	11071424	
1347	7	0	0	1536	1.43051147460938e-06	11071506	
1348	7	0	0	1536	1.43051147460938e-06	11071512	
1349	7	0	0	1536	1.43051147460938e-06	11071524	
1350	7	0	0	1536	1.43051147460938e-06	11071606	
1351	7	0	0	1536	1.43051147460938e-06	11071612	
1352	7	0	0	1536	1.43051147460938e-06	11071624	
1353	7	0	0	1536	1.43051147460938e-06	11071706	
1354	7	0	0	1536	1.43051147460938e-06	11071712	
1355	7	0	0	1536	1.43051147460938e-06	11071724	
1356	7	0	0	1536	1.43051147460938e-06	11071806	
1357	7	0	0	1536	1.43051147460938e-06	11071812	
1358	7	0	0	1536	1.43051147460938e-06	11071824	
1359	7	0	0	1536	1.43051147460938e-06	11071906	
1360	7	0	0	1536	1.43051147460938e-06	11071912	
1361	7	0	0	1536	1.43051147460938e-06	11071924	
1362	7	0	0	1536	1.43051147460938e-06	11072006	
1363	7	0	0	1536	1.43051147460938e-06	11072012	
1364	7	0	0	1536	1.43051147460938e-06	11072024	
1365	7	0	0	1536	1.43051147460938e-06	11072106	
1366	7	0	0	1536	1.43051147460938e-06	11072112	
1367	7	0	0	1536	1.43051147460938e-06	11072124	
1368	7	0	0	1536	1.43051147460938e-06	11072206	
1369	7	0	0	1536	1.43051147460938e-06	11072212	
1370	7	0	0	1536	1.43051147460938e-06	11072224	
1371	7	0	0	1536	1.43051147460938e-06	11072306	
1372	7	0	0	1536	1.43051147460938e-06	11072312	
1373	7	0	0	1536	1.43051147460938e-06	11072324	
1374	7	0	0	1536	1.43051147460938e-06	11072406	
1375	7	0	0	1536	1.43051147460938e-06	11072412	
1376	7	0	0	1536	1.43051147460938e-06	11072424	
1377	7	0	0	1536	1.43051147460938e-06	11072506	
1378	7	0	0	1536	1.43051147460938e-06	11072512	
1379	7	0	0	1536	1.43051147460938e-06	11072524	
1380	7	0	0	1536	1.43051147460938e-06	11072606	
1381	7	0	0	1536	1.43051147460938e-06	11072612	
1382	7	0	0	1536	1.43051147460938e-06	11072624	
1383	7	0	0	1536	1.43051147460938e-06	11072706	
1384	7	0	0	1536	1.43051147460938e-06	11072712	
1385	7	0	0	1536	1.43051147460938e-06	11072724	
1386	7	0	0	1536	1.43051147460938e-06	11072806	
1387	7	0	0	1536	1.43051147460938e-06	11072812	
1388	7	0	0	1536	1.43051147460938e-06	11072824	
1389	7	0	0	1536	1.43051147460938e-06	11072906	
1390	7	0	0	1536	1.43051147460938e-06	11072912	
1391	7	0	0	1536	1.43051147460938e-06	11072924	
1392	7	0	0	1536	1.43051147460938e-06	11073006	
1393	7	0	0	1536	1.43051147460938e-06	11073012	
1394	7	0	0	1536	1.43051147460938e-06	11073024	
1395	7	0	0	1536	1.43051147460938e-06	11073106	
1396	7	0	0	1536	1.43051147460938e-06	11073112	
1397	7	0	0	1536	1.43051147460938e-06	11073124	
1398	7	0	0	1536	1.43051147460938e-06	11080106	
1399	7	0	0	1536	1.43051147460938e-06	11080112	
1400	7	0	0	1536	1.43051147460938e-06	11080124	
1401	7	0	0	1536	1.43051147460938e-06	11080206	
1402	7	0	0	1536	1.43051147460938e-06	11080212	
1403	7	0	0	1536	1.43051147460938e-06	11080224	
1404	7	0	0	1536	1.43051147460938e-06	11080306	
1405	7	0	0	1536	1.43051147460938e-06	11080312	
1406	7	0	0	1536	1.43051147460938e-06	11080324	
1407	7	0	0	1536	1.43051147460938e-06	11080406	
1408	7	0	0	1536	1.43051147460938e-06	11080412	
1409	7	0	0	1536	1.43051147460938e-06	11080424	
1410	7	0	0	1536	1.43051147460938e-06	11080506	
1411	7	0	0	1536	1.43051147460938e-06	11080512	
1412	7	0	0	1536	1.43051147460938e-06	11080524	
1413	7	0	0	1536	1.43051147460938e-06	11080606	
1414	7	0	0	1536	1.43051147460938e-06	11080612	
1415	7	0	0	1536	1.43051147460938e-06	11080624	
1416	7	0	0	1536	1.43051147460938e-06	11080706	
1417	7	0	0	1536	1.43051147460938e-06	11080712	
1418	7	0	0	1536	1.43051147460938e-06	11080724	
1419	7	0	0	1536	1.43051147460938e-06	11080806	
1420	7	0	0	1536	1.43051147460938e-06	11080812	
1421	7	0	0	1536	1.43051147460938e-06	11080824	
1422	7	0	0	1536	1.43051147460938e-06	11080906	
1423	7	0	0	1536	1.43051147460938e-06	11080912	
1424	7	0	0	1536	1.43051147460938e-06	11080924	
1425	7	0	0	1536	1.43051147460938e-06	11081006	
1426	7	0	0	1536	1.43051147460938e-06	11081012	
1427	7	0	0	1536	1.43051147460938e-06	11081024	
1428	7	0	0	1536	1.43051147460938e-06	11081106	
1429	7	0	0	1536	1.43051147460938e-06	11081112	
1430	7	0	0	1536	1.43051147460938e-06	11081124	
1431	7	0	0	1536	1.43051147460938e-06	11081206	
1432	7	0	0	1536	1.43051147460938e-06	11081212	
1433	7	0	0	1536	1.43051147460938e-06	11081224	
1434	7	0	0	1536	1.43051147460938e-06	11081306	
1435	7	0	0	1536	1.43051147460938e-06	11081312	
1436	7	0	0	1536	1.43051147460938e-06	11081324	
1437	7	0	0	1536	1.43051147460938e-06	11081406	
1438	7	0	0	1536	1.43051147460938e-06	11081412	
1439	7	0	0	1536	1.43051147460938e-06	11081424	
1440	7	0	0	1536	1.43051147460938e-06	11081506	
1441	7	0	0	1536	1.43051147460938e-06	11081512	
1442	7	0	0	1536	1.43051147460938e-06	11081524	
1443	7	0	0	1536	1.43051147460938e-06	11081606	
1444	7	0	0	1536	1.43051147460938e-06	11081612	
1445	7	0	0	1536	1.43051147460938e-06	11081624	
1446	7	0	0	1536	1.43051147460938e-06	11081706	
1447	7	0	0	1536	1.43051147460938e-06	11081712	
1448	7	0	0	1536	1.43051147460938e-06	11081724	
1449	7	0	0	1536	1.43051147460938e-06	11081806	
1450	7	0	0	1536	1.43051147460938e-06	11081812	
1451	7	0	0	1536	1.43051147460938e-06	11081824	
1452	7	0	0	1536	1.43051147460938e-06	11081906	
1453	7	0	0	1536	1.43051147460938e-06	11081912	
1454	7	0	0	1536	1.43051147460938e-06	11081924	
1455	7	0	0	1536	1.43051147460938e-06	11082006	
1456	7	0	0	1536	1.43051147460938e-06	11082012	
1457	7	0	0	1536	1.43051147460938e-06	11082024	
1458	7	0	0	1536	1.43051147460938e-06	11082106	
1459	7	0	0	1536	1.43051147460938e-06	11082112	
1460	7	0	0	1536	1.43051147460938e-06	11082124	
1461	7	0	0	1536	1.43051147460938e-06	11082206	
1462	7	0	0	1536	1.43051147460938e-06	11082212	
1463	7	0	0	1536	1.43051147460938e-06	11082224	
1464	7	0	0	1536	1.43051147460938e-06	11082306	
1465	7	0	0	1536	1.43051147460938e-06	11082312	
1466	7	0	0	1536	1.43051147460938e-06	11082324	
1467	7	0	0	1536	1.43051147460938e-06	11082406	
1468	7	0	0	1536	1.43051147460938e-06	11082412	
1469	7	0	0	1536	1.43051147460938e-06	11082424	
1470	7	0	0	1536	1.43051147460938e-06	11082506	
1471	7	0	0	1536	1.43051147460938e-06	11082512	
1472	7	0	0	1536	1.43051147460938e-06	11082524	
1473	7	0	0	1536	1.43051147460938e-06	11082606	
1474	7	0	0	1536	1.43051147460938e-06	11082612	
1475	7	0	0	1536	1.43051147460938e-06	11082624	
1476	7	0	0	1536	1.43051147460938e-06	11082706	
1477	7	0	0	1536	1.43051147460938e-06	11082712	
1478	7	0	0	1536	1.43051147460938e-06	11082724	
1479	7	0	0	1536	1.43051147460938e-06	11082806	
1480	7	0	0	1536	1.43051147460938e-06	11082812	
1481	7	0	0	1536	1.43051147460938e-06	11082824	
1482	7	0	0	1536	1.43051147460938e-06	11082906	
1483	7	0	0	1536	1.43051147460938e-06	11082912	
1484	7	0	0	1536	1.43051147460938e-06	11082924	
1485	7	0	0	1536	1.43051147460938e-06	11083006	
1486	7	0	0	1536	1.43051147460938e-06	11083012	
1487	7	0	0	1536	1.43051147460938e-06	11083024	
1488	7	0	0	1536	1.43051147460938e-06	11083106	
1489	7	0	0	1536	1.43051147460938e-06	11083112	
1490	7	0	0	1536	1.43051147460938e-06	11083124	
1491	7	0	0	1536	1.43051147460938e-06	11090106	
1492	7	0	0	1536	1.43051147460938e-06	11090112	
1493	7	0	0	1536	1.43051147460938e-06	11090124	
1494	7	0	0	1536	1.43051147460938e-06	11090206	
1495	7	0	0	1536	1.43051147460938e-06	11090212	
1496	7	0	0	1536	1.43051147460938e-06	11090224	
1497	7	0	0	1536	1.43051147460938e-06	11090306	
1498	7	0	0	1536	1.43051147460938e-06	11090312	
1499	7	0	0	1536	1.43051147460938e-06	11090324	
1500	7	0	0	1536	1.43051147460938e-06	11090406	
1501	7	0	0	1536	1.43051147460938e-06	11090412	
1502	7	0	0	1536	1.43051147460938e-06	11090424	
1503	7	0	0	1536	1.43051147460938e-06	11090506	
1504	7	0	0	1536	1.43051147460938e-06	11090512	
1505	7	0	0	1536	1.43051147460938e-06	11090524	
1506	7	0	0	1536	1.43051147460938e-06	11090606	
1507	7	0	0	1536	1.43051147460938e-06	11090612	
1508	7	0	0	1536	1.43051147460938e-06	11090624	
1509	7	0	0	1536	1.43051147460938e-06	11090706	
1510	7	0	0	1536	1.43051147460938e-06	11090712	
1511	7	0	0	1536	1.43051147460938e-06	11090724	
1512	7	0	0	1536	1.43051147460938e-06	11090806	
1513	7	0	0	1536	1.43051147460938e-06	11090812	
1514	7	0	0	1536	1.43051147460938e-06	11090824	
1515	7	0	0	1536	1.43051147460938e-06	11090906	
1516	7	0	0	1536	1.43051147460938e-06	11090912	
1517	7	0	0	1536	1.43051147460938e-06	11090924	
1518	7	0	0	1536	1.43051147460938e-06	11091006	
1519	7	0	0	1536	1.43051147460938e-06	11091012	
1520	7	0	0	1536	1.43051147460938e-06	11091024	
1521	7	0	0	1536	1.43051147460938e-06	11091106	
1522	7	0	0	1536	1.43051147460938e-06	11091112	
1523	7	0	0	1536	1.43051147460938e-06	11091124	
1524	7	0	0	1536	1.43051147460938e-06	11091206	
1525	7	0	0	1536	1.43051147460938e-06	11091212	
1526	7	0	0	1536	1.43051147460938e-06	11091224	
1527	7	0	0	1536	1.43051147460938e-06	11091306	
1528	7	0	0	1536	1.43051147460938e-06	11091312	
1529	7	0	0	1536	1.43051147460938e-06	11091324	
1530	7	0	0	1536	1.43051147460938e-06	11091406	
1531	7	0	0	1536	1.43051147460938e-06	11091412	
1532	7	0	0	1536	1.43051147460938e-06	11091424	
1533	7	0	0	1536	1.43051147460938e-06	11091506	
1534	7	0	0	1536	1.43051147460938e-06	11091512	
1535	7	0	0	1536	1.43051147460938e-06	11091524	
1536	7	0	0	1536	1.43051147460938e-06	11091606	
1537	7	0	0	1536	1.43051147460938e-06	11091612	
1538	7	0	0	1536	1.43051147460938e-06	11091624	
1539	7	0	0	1536	1.43051147460938e-06	11091706	
1540	7	0	0	1536	1.43051147460938e-06	11091712	
1541	7	0	0	1536	1.43051147460938e-06	11091724	
1542	7	0	0	1536	1.43051147460938e-06	11091806	
1543	7	0	0	1536	1.43051147460938e-06	11091812	
1544	7	0	0	1536	1.43051147460938e-06	11091824	
1545	7	0	0	1536	1.43051147460938e-06	11091906	
1546	7	0	0	1536	1.43051147460938e-06	11091912	
1547	7	0	0	1536	1.43051147460938e-06	11091924	
1548	7	0	0	1536	1.43051147460938e-06	11092006	
1549	7	0	0	1536	1.43051147460938e-06	11092012	
1550	7	0	0	1536	1.43051147460938e-06	11092024	
1551	7	0	0	1536	1.43051147460938e-06	11092106	
1552	7	0	0	1536	1.43051147460938e-06	11092112	
1553	7	0	0	1536	1.43051147460938e-06	11092124	
1554	7	0	0	1536	1.43051147460938e-06	11092206	
1555	7	0	0	1536	1.43051147460938e-06	11092212	
1556	7	0	0	1536	1.43051147460938e-06	11092224	
1557	7	0	0	1536	1.43051147460938e-06	11092306	
1558	7	0	0	1536	1.43051147460938e-06	11092312	
1559	7	0	0	1536	1.43051147460938e-06	11092324	
1560	7	0	0	1536	1.43051147460938e-06	11092406	
1561	7	0	0	1536	1.43051147460938e-06	11092412	
1562	7	0	0	1536	1.43051147460938e-06	11092424	
1563	7	0	0	1536	1.43051147460938e-06	11092506	
1564	7	0	0	1536	1.43051147460938e-06	11092512	
1565	7	0	0	1536	1.43051147460938e-06	11092524	
1566	7	0	0	1536	1.43051147460938e-06	11092606	
1567	7	0	0	1536	1.43051147460938e-06	11092612	
1568	7	0	0	1536	1.43051147460938e-06	11092624	
1569	7	0	0	1536	1.43051147460938e-06	11092706	
1570	7	0	0	1536	1.43051147460938e-06	11092712	
1571	7	0	0	1536	1.43051147460938e-06	11092724	
1572	7	0	0	1536	1.43051147460938e-06	11092806	
1573	7	0	0	1536	1.43051147460938e-06	11092812	
1574	7	0	0	1536	1.43051147460938e-06	11092824	
1575	7	0	0	1536	1.43051147460938e-06	11092906	
1576	7	0	0	1536	1.43051147460938e-06	11092912	
1577	7	0	0	1536	1.43051147460938e-06	11092924	
1578	7	0	0	1536	1.43051147460938e-06	11093006	
1579	7	0	0	1536	1.43051147460938e-06	11093012	
1580	7	0	0	1536	1.43051147460938e-06	11093024	
1581	7	0	0	1536	1.43051147460938e-06	11100106	
1582	7	0	0	1536	1.43051147460938e-06	11100112	
1583	7	0	0	1536	1.43051147460938e-06	11100124	
1584	7	0	0	1536	1.43051147460938e-06	11100206	
1585	7	0	0	1536	1.43051147460938e-06	11100212	
1586	7	0	0	1536	1.43051147460938e-06	11100224	
1587	7	0	0	1536	1.43051147460938e-06	11100306	
1588	7	0	0	1536	1.43051147460938e-06	11100312	
1589	7	0	0	1536	1.43051147460938e-06	11100324	
1590	7	0	0	1536	1.43051147460938e-06	11100406	
1591	7	0	0	1536	1.43051147460938e-06	11100412	
1592	7	0	0	1536	1.43051147460938e-06	11100424	
1593	7	0	0	1536	1.43051147460938e-06	11100506	
1594	7	0	0	1536	1.43051147460938e-06	11100512	
1595	7	0	0	1536	1.43051147460938e-06	11100524	
1596	7	0	0	1536	1.43051147460938e-06	11100606	
1597	7	0	0	1536	1.43051147460938e-06	11100612	
1598	7	0	0	1536	1.43051147460938e-06	11100624	
1599	7	0	0	1536	1.43051147460938e-06	11100706	
1600	7	0	0	1536	1.43051147460938e-06	11100712	
1601	7	0	0	1536	1.43051147460938e-06	11100724	
1602	7	0	0	1536	1.43051147460938e-06	11100806	
1603	7	0	0	1536	1.43051147460938e-06	11100812	
1604	7	0	0	1536	1.43051147460938e-06	11100824	
1605	7	0	0	1536	1.43051147460938e-06	11100906	
1606	7	0	0	1536	1.43051147460938e-06	11100912	
1607	7	0	0	1536	1.43051147460938e-06	11100924	
1608	7	0	0	1536	1.43051147460938e-06	11101006	
1609	7	0	0	1536	1.43051147460938e-06	11101012	
1610	7	0	0	1536	1.43051147460938e-06	11101024	
1611	7	0	0	1536	1.43051147460938e-06	11101106	
1612	7	0	0	1536	1.43051147460938e-06	11101112	
1613	7	0	0	1536	1.43051147460938e-06	11101124	
1614	7	0	0	1536	1.43051147460938e-06	11101206	
1615	7	0	0	1536	1.43051147460938e-06	11101212	
1616	7	0	0	1536	1.43051147460938e-06	11101224	
1617	7	0	0	1536	1.43051147460938e-06	11101306	
1618	7	0	0	1536	1.43051147460938e-06	11101312	
1619	7	0	0	1536	1.43051147460938e-06	11101324	
1620	7	0	0	1536	1.43051147460938e-06	11101406	
1621	7	0	0	1536	1.43051147460938e-06	11101412	
1622	7	0	0	1536	1.43051147460938e-06	11101424	
1623	7	0	0	1536	1.43051147460938e-06	11101506	
1624	7	0	0	1536	1.43051147460938e-06	11101512	
1625	7	0	0	1536	1.43051147460938e-06	11101524	
1626	7	0	0	1536	1.43051147460938e-06	11101606	
1627	7	0	0	1536	1.43051147460938e-06	11101612	
1628	7	0	0	1536	1.43051147460938e-06	11101624	
1629	7	0	0	1536	1.43051147460938e-06	11101706	
1630	7	0	0	1536	1.43051147460938e-06	11101712	
1631	7	0	0	1536	1.43051147460938e-06	11101724	
1632	7	0	0	1536	1.43051147460938e-06	11101806	
1633	7	0	0	1536	1.43051147460938e-06	11101812	
1634	7	0	0	1536	1.43051147460938e-06	11101824	
1635	7	0	0	1536	1.43051147460938e-06	11101906	
1636	7	0	0	1536	1.43051147460938e-06	11101912	
1637	7	0	0	1536	1.43051147460938e-06	11101924	
1638	7	0	0	1536	1.43051147460938e-06	11102006	
1639	7	0	0	1536	1.43051147460938e-06	11102012	
1640	7	0	0	1536	1.43051147460938e-06	11102024	
1641	7	0	0	1536	1.43051147460938e-06	11102106	
1642	7	0	0	1536	1.43051147460938e-06	11102112	
1643	7	0	0	1536	1.43051147460938e-06	11102124	
1644	7	0	0	1536	1.43051147460938e-06	11102206	
1645	7	0	0	1536	1.43051147460938e-06	11102212	
1646	7	0	0	1536	1.43051147460938e-06	11102224	
1647	7	0	0	1536	1.43051147460938e-06	11102306	
1648	7	0	0	1536	1.43051147460938e-06	11102312	
1649	7	0	0	1536	1.43051147460938e-06	11102324	
1650	7	0	0	1536	1.43051147460938e-06	11102406	
1651	7	0	0	1536	1.43051147460938e-06	11102412	
1652	7	0	0	1536	1.43051147460938e-06	11102424	
1653	7	0	0	1536	1.43051147460938e-06	11102506	
1654	7	0	0	1536	1.43051147460938e-06	11102512	
1655	7	0	0	1536	1.43051147460938e-06	11102524	
1656	7	0	0	1536	1.43051147460938e-06	11102606	
1657	7	0	0	1536	1.43051147460938e-06	11102612	
1658	7	0	0	1536	1.43051147460938e-06	11102624	
1659	7	0	0	1536	1.43051147460938e-06	11102706	
1660	7	0	0	1536	1.43051147460938e-06	11102712	
1661	7	0	0	1536	1.43051147460938e-06	11102724	
1662	7	0	0	1536	1.43051147460938e-06	11102806	
1663	7	0	0	1536	1.43051147460938e-06	11102812	
1664	7	0	0	1536	1.43051147460938e-06	11102824	
1665	7	0	0	1536	1.43051147460938e-06	11102906	
1666	7	0	0	1536	1.43051147460938e-06	11102912	
1667	7	0	0	1536	1.43051147460938e-06	11102924	
1668	7	0	0	1536	1.43051147460938e-06	11103006	
1669	7	0	0	1536	1.43051147460938e-06	11103012	
1670	7	0	0	1536	1.43051147460938e-06	11103024	
1671	7	0	0	1536	1.43051147460938e-06	11103106	
1672	7	0	0	1536	1.43051147460938e-06	11103112	
1673	7	0	0	1536	1.43051147460938e-06	11103124	
1674	7	0	0	1536	1.43051147460938e-06	11110106	
1675	7	0	0	1536	1.43051147460938e-06	11110112	
1676	7	0	0	1536	1.43051147460938e-06	11110124	
1677	7	0	0	1536	1.43051147460938e-06	11110206	
1678	7	0	0	1536	1.43051147460938e-06	11110212	
1679	7	0	0	1536	1.43051147460938e-06	11110224	
1680	7	0	0	1536	1.43051147460938e-06	11110306	
1681	7	0	0	1536	1.43051147460938e-06	11110312	
1682	7	0	0	1536	1.43051147460938e-06	11110324	
1683	7	0	0	1536	1.43051147460938e-06	11110406	
1684	7	0	0	1536	1.43051147460938e-06	11110412	
1685	7	0	0	1536	1.43051147460938e-06	11110424	
1686	7	0	0	1536	1.43051147460938e-06	11110506	
1687	7	0	0	1536	1.43051147460938e-06	11110512	
1688	7	0	0	1536	1.43051147460938e-06	11110524	
1689	7	0	0	1536	1.43051147460938e-06	11110606	
1690	7	0	0	1536	1.43051147460938e-06	11110612	
1691	7	0	0	1536	1.43051147460938e-06	11110624	
1692	7	0	0	1536	1.43051147460938e-06	11110706	
1693	7	0	0	1536	1.43051147460938e-06	11110712	
1694	7	0	0	1536	1.43051147460938e-06	11110724	
1695	7	0	0	1536	1.43051147460938e-06	11110806	
1696	7	0	0	1536	1.43051147460938e-06	11110812	
1697	7	0	0	1536	1.43051147460938e-06	11110824	
1698	7	0	0	1536	1.43051147460938e-06	11110906	
1699	7	0	0	1536	1.43051147460938e-06	11110912	
1700	7	0	0	1536	1.43051147460938e-06	11110924	
1701	7	0	0	1536	1.43051147460938e-06	11111006	
1702	7	0	0	1536	1.43051147460938e-06	11111012	
1703	7	0	0	1536	1.43051147460938e-06	11111024	
1704	7	0	0	1536	1.43051147460938e-06	11111106	
1705	7	0	0	1536	1.43051147460938e-06	11111112	
1706	7	0	0	1536	1.43051147460938e-06	11111124	
1707	7	0	0	1536	1.43051147460938e-06	11111206	
1708	7	0	0	1536	1.43051147460938e-06	11111212	
1709	7	0	0	1536	1.43051147460938e-06	11111224	
1710	7	0	0	1536	1.43051147460938e-06	11111306	
1711	7	0	0	1536	1.43051147460938e-06	11111312	
1712	7	0	0	1536	1.43051147460938e-06	11111324	
1713	7	0	0	1536	1.43051147460938e-06	11111406	
1714	7	0	0	1536	1.43051147460938e-06	11111412	
1715	7	0	0	1536	1.43051147460938e-06	11111424	
1716	7	0	0	1536	1.43051147460938e-06	11111506	
1717	7	0	0	1536	1.43051147460938e-06	11111512	
1718	7	0	0	1536	1.43051147460938e-06	11111524	
1719	7	0	0	1536	1.43051147460938e-06	11111606	
1720	7	0	0	1536	1.43051147460938e-06	11111612	
1721	7	0	0	1536	1.43051147460938e-06	11111624	
1722	7	0	0	1536	1.43051147460938e-06	11111706	
1723	7	0	0	1536	1.43051147460938e-06	11111712	
1724	7	0	0	1536	1.43051147460938e-06	11111724	
1725	7	0	0	1536	1.43051147460938e-06	11111806	
1726	7	0	0	1536	1.43051147460938e-06	11111812	
1727	7	0	0	1536	1.43051147460938e-06	11111824	
1728	7	0	0	1536	1.43051147460938e-06	11111906	
1729	7	0	0	1536	1.43051147460938e-06	11111912	
1730	7	0	0	1536	1.43051147460938e-06	11111924	
1731	7	0	0	1536	1.43051147460938e-06	11112006	
1732	7	0	0	1536	1.43051147460938e-06	11112012	
1733	7	0	0	1536	1.43051147460938e-06	11112024	
1734	7	0	0	1536	1.43051147460938e-06	11112106	
1735	7	0	0	1536	1.43051147460938e-06	11112112	
1736	7	0	0	1536	1.43051147460938e-06	11112124	
1737	7	0	0	1536	1.43051147460938e-06	11112206	
1738	7	0	0	1536	1.43051147460938e-06	11112212	
1739	7	0	0	1536	1.43051147460938e-06	11112224	
1740	7	0	0	1536	1.43051147460938e-06	11112306	
1741	7	0	0	1536	1.43051147460938e-06	11112312	
1742	7	0	0	1536	1.43051147460938e-06	11112324	
1743	7	0	0	1536	1.43051147460938e-06	11112406	
1744	7	0	0	1536	1.43051147460938e-06	11112412	
1745	7	0	0	1536	1.43051147460938e-06	11112424	
1746	7	0	0	1536	1.43051147460938e-06	11112506	
1747	7	0	0	1536	1.43051147460938e-06	11112512	
1748	7	0	0	1536	1.43051147460938e-06	11112524	
1749	7	0	0	1536	1.43051147460938e-06	11112606	
1750	7	0	0	1536	1.43051147460938e-06	11112612	
1751	7	0	0	1536	1.43051147460938e-06	11112624	
1752	7	0	0	1536	1.43051147460938e-06	11112706	
1753	7	0	0	1536	1.43051147460938e-06	11112712	
1754	7	0	0	1536	1.43051147460938e-06	11112724	
1755	7	0	0	1536	1.43051147460938e-06	11112806	
1756	7	0	0	1536	1.43051147460938e-06	11112812	
1757	7	0	0	1536	1.43051147460938e-06	11112824	
1758	7	0	0	1536	1.43051147460938e-06	11112906	
1759	7	0	0	1536	1.43051147460938e-06	11112912	
1760	7	0	0	1536	1.43051147460938e-06	11112924	
1761	7	0	0	1536	1.43051147460938e-06	11113006	
1762	7	0	0	1536	1.43051147460938e-06	11113012	
1763	7	0	0	1536	1.43051147460938e-06	11113024	
1764	7	0	0	1536	1.43051147460938e-06	11120106	
1765	7	0	0	1536	1.43051147460938e-06	11120112	
1766	7	0	0	1536	1.43051147460938e-06	11120124	
1767	7	0	0	1536	1.43051147460938e-06	11120206	
1768	7	0	0	1536	1.43051147460938e-06	11120212	
1769	7	0	0	1536	1.43051147460938e-06	11120224	
1770	7	0	0	1536	1.43051147460938e-06	11120306	
1771	7	0	0	1536	1.43051147460938e-06	11120312	
1772	7	0	0	1536	1.43051147460938e-06	11120324	
1773	7	0	0	1536	1.43051147460938e-06	11120406	
1774	7	0	0	1536	1.43051147460938e-06	11120412	
1775	7	0	0	1536	1.43051147460938e-06	11120424	
1776	7	0	0	1536	1.43051147460938e-06	11120506	
1777	7	0	0	1536	1.43051147460938e-06	11120512	
1778	7	0	0	1536	1.43051147460938e-06	11120524	
1779	7	0	0	1536	1.43051147460938e-06	11120606	
1780	7	0	0	1536	1.43051147460938e-06	11120612	
1781	7	0	0	1536	1.43051147460938e-06	11120624	
1782	7	0	0	1536	1.43051147460938e-06	11120706	
1783	7	0	0	1536	1.43051147460938e-06	11120712	
1784	7	0	0	1536	1.43051147460938e-06	11120724	
1785	7	0	0	1536	1.43051147460938e-06	11120806	
1786	7	0	0	1536	1.43051147460938e-06	11120812	
1787	7	0	0	1536	1.43051147460938e-06	11120824	
1788	7	0	0	1536	1.43051147460938e-06	11120906	
1789	7	0	0	1536	1.43051147460938e-06	11120912	
1790	7	0	0	1536	1.43051147460938e-06	11120924	
1791	7	0	0	1536	1.43051147460938e-06	11121006	
1792	7	0	0	1536	1.43051147460938e-06	11121012	
1793	7	0	0	1536	1.43051147460938e-06	11121024	
1794	7	0	0	1536	1.43051147460938e-06	11121106	
1795	7	0	0	1536	1.43051147460938e-06	11121112	
1796	7	0	0	1536	1.43051147460938e-06	11121124	
1797	7	0	0	1536	1.43051147460938e-06	11121206	
1798	7	0	0	1536	1.43051147460938e-06	11121212	
1799	7	0	0	1536	1.43051147460938e-06	11121224	
1800	7	0	0	1536	1.43051147460938e-06	11121306	
1801	7	0	0	1536	1.43051147460938e-06	11121312	
1802	7	0	0	1536	1.43051147460938e-06	11121324	
1803	7	0	0	1536	1.43051147460938e-06	11121406	
1804	7	0	0	1536	1.43051147460938e-06	11121412	
1805	7	0	0	1536	1.43051147460938e-06	11121424	
1806	7	0	0	1536	1.43051147460938e-06	11121506	
1807	7	0	0	1536	1.43051147460938e-06	11121512	
1808	7	0	0	1536	1.43051147460938e-06	11121524	
1809	7	0	0	1536	1.43051147460938e-06	11121606	
1810	7	0	0	1536	1.43051147460938e-06	11121612	
1811	7	0	0	1536	1.43051147460938e-06	11121624	
1812	7	0	0	1536	1.43051147460938e-06	11121706	
1813	7	0	0	1536	1.43051147460938e-06	11121712	
1814	7	0	0	1536	1.43051147460938e-06	11121724	
1815	7	0	0	1536	1.43051147460938e-06	11121806	
1816	7	0	0	1536	1.43051147460938e-06	11121812	
1817	7	0	0	1536	1.43051147460938e-06	11121824	
1818	7	0	0	1536	1.43051147460938e-06	11121906	
1819	7	0	0	1536	1.43051147460938e-06	11121912	
1820	7	0	0	1536	1.43051147460938e-06	11121924	
1821	7	0	0	1536	1.43051147460938e-06	11122006	
1822	7	0	0	1536	1.43051147460938e-06	11122012	
1823	7	0	0	1536	1.43051147460938e-06	11122024	
1824	7	0	0	1536	1.43051147460938e-06	11122106	
1825	7	0	0	1536	1.43051147460938e-06	11122112	
1826	7	0	0	1536	1.43051147460938e-06	11122124	
1827	7	0	0	1536	1.43051147460938e-06	11122206	
1828	7	0	0	1536	1.43051147460938e-06	11122212	
1829	7	0	0	1536	1.43051147460938e-06	11122224	
1830	7	0	0	1536	1.43051147460938e-06	11122306	
1831	7	0	0	1536	1.43051147460938e-06	11122312	
1832	7	0	0	1536	1.43051147460938e-06	11122324	
1833	7	0	0	1536	1.43051147460938e-06	11122406	
1834	7	0	0	1536	1.43051147460938e-06	11122412	
1835	7	0	0	1536	1.43051147460938e-06	11122424	
1836	7	0	0	1536	1.43051147460938e-06	11122506	
1837	7	0	0	1536	1.43051147460938e-06	11122512	
1838	7	0	0	1536	1.43051147460938e-06	11122524	
1839	7	0	0	1536	1.43051147460938e-06	11122606	
1840	7	0	0	1536	1.43051147460938e-06	11122612	
1841	7	0	0	1536	1.43051147460938e-06	11122624	
1842	7	0	0	1536	1.43051147460938e-06	11122706	
1843	7	0	0	1536	1.43051147460938e-06	11122712	
1844	7	0	0	1536	1.43051147460938e-06	11122724	
1845	7	0	0	1536	1.43051147460938e-06	11122806	
1846	7	0	0	1536	1.43051147460938e-06	11122812	
1847	7	0	0	1536	1.43051147460938e-06	11122824	
1848	7	0	0	1536	1.43051147460938e-06	11122906	
1849	7	0	0	1536	1.43051147460938e-06	11122912	
1850	7	0	0	1536	1.43051147460938e-06	11122924	
1851	7	0	0	1536	1.43051147460938e-06	11123006	
1852	7	0	0	1536	1.43051147460938e-06	11123012	
1853	7	0	0	1536	1.43051147460938e-06	11123024	
1854	7	0	0	1536	1.43051147460938e-06	11123106	
1855	7	0	0	1536	1.43051147460938e-06	11123112	
1856	7	0	0	1536	1.43051147460938e-06	11123124	
1857	7	0	0	1536	1.43051147460938e-06	12010106	
1858	7	0	0	1536	1.43051147460938e-06	12010112	
1859	7	0	0	1536	1.43051147460938e-06	12010124	
1860	7	0	0	1536	1.43051147460938e-06	12010206	
1861	7	0	0	1536	1.43051147460938e-06	12010212	
1862	7	0	0	1536	1.43051147460938e-06	12010224	
1863	7	0	0	1536	1.43051147460938e-06	12010306	
1864	7	0	0	1536	1.43051147460938e-06	12010312	
1865	7	0	0	1536	1.43051147460938e-06	12010324	
1866	7	0	0	1536	1.43051147460938e-06	12010406	
1867	7	0	0	1536	1.43051147460938e-06	12010412	
1868	7	0	0	1536	1.43051147460938e-06	12010424	
1869	7	0	0	1536	1.43051147460938e-06	12010506	
1870	7	0	0	1536	1.43051147460938e-06	12010512	
1871	7	0	0	1536	1.43051147460938e-06	12010524	
1872	7	0	0	1536	1.43051147460938e-06	12010606	
1873	7	0	0	1536	1.43051147460938e-06	12010612	
1874	7	0	0	1536	1.43051147460938e-06	12010624	
1875	7	0	0	1536	1.43051147460938e-06	12010706	
1876	7	0	0	1536	1.43051147460938e-06	12010712	
1877	7	0	0	1536	1.43051147460938e-06	12010724	
1878	7	0	0	1536	1.43051147460938e-06	12010806	
1879	7	0	0	1536	1.43051147460938e-06	12010812	
1880	7	0	0	1536	1.43051147460938e-06	12010824	
1881	7	0	0	1536	1.43051147460938e-06	12010906	
1882	7	0	0	1536	1.43051147460938e-06	12010912	
1883	7	0	0	1536	1.43051147460938e-06	12010924	
1884	7	0	0	1536	1.43051147460938e-06	12011006	
1885	7	0	0	1536	1.43051147460938e-06	12011012	
1886	7	0	0	1536	1.43051147460938e-06	12011024	
1887	7	0	0	1536	1.43051147460938e-06	12011106	
1888	7	0	0	1536	1.43051147460938e-06	12011112	
1889	7	0	0	1536	1.43051147460938e-06	12011124	
1890	7	0	0	1536	1.43051147460938e-06	12011206	
1891	7	0	0	1536	1.43051147460938e-06	12011212	
1892	7	0	0	1536	1.43051147460938e-06	12011224	
1893	7	0	0	1536	1.43051147460938e-06	12011306	
1894	7	0	0	1536	1.43051147460938e-06	12011312	
1895	7	0	0	1536	1.43051147460938e-06	12011324	
1896	7	0	0	1536	1.43051147460938e-06	12011406	
1897	7	0	0	1536	1.43051147460938e-06	12011412	
1898	7	0	0	1536	1.43051147460938e-06	12011424	
1899	7	0	0	1536	1.43051147460938e-06	12011506	
1900	7	0	0	1536	1.43051147460938e-06	12011512	
1901	7	0	0	1536	1.43051147460938e-06	12011524	
1902	7	0	0	1536	1.43051147460938e-06	12011606	
1903	7	0	0	1536	1.43051147460938e-06	12011612	
1904	7	0	0	1536	1.43051147460938e-06	12011624	
1905	7	0	0	1536	1.43051147460938e-06	12011706	
1906	7	0	0	1536	1.43051147460938e-06	12011712	
1907	7	0	0	1536	1.43051147460938e-06	12011724	
1908	7	0	0	1536	1.43051147460938e-06	12011806	
1909	7	0	0	1536	1.43051147460938e-06	12011812	
1910	7	0	0	1536	1.43051147460938e-06	12011824	
1911	7	0	0	1536	1.43051147460938e-06	12011906	
1912	7	0	0	1536	1.43051147460938e-06	12011912	
1913	7	0	0	1536	1.43051147460938e-06	12011924	
1914	7	0	0	1536	1.43051147460938e-06	12012006	
1915	7	0	0	1536	1.43051147460938e-06	12012012	
1916	7	0	0	1536	1.43051147460938e-06	12012024	
1917	7	0	0	1536	1.43051147460938e-06	12012106	
1918	7	0	0	1536	1.43051147460938e-06	12012112	
1919	7	0	0	1536	1.43051147460938e-06	12012124	
1920	7	0	0	1536	1.43051147460938e-06	12012206	
1921	7	0	0	1536	1.43051147460938e-06	12012212	
1922	7	0	0	1536	1.43051147460938e-06	12012224	
1923	7	0	0	1536	1.43051147460938e-06	12012306	
1924	7	0	0	1536	1.43051147460938e-06	12012312	
1925	7	0	0	1536	1.43051147460938e-06	12012324	
1926	7	0	0	1536	1.43051147460938e-06	12012406	
1927	7	0	0	1536	1.43051147460938e-06	12012412	
1928	7	0	0	1536	1.43051147460938e-06	12012424	
1929	7	0	0	1536	1.43051147460938e-06	12012506	
1930	7	0	0	1536	1.43051147460938e-06	12012512	
1931	7	0	0	1536	1.43051147460938e-06	12012524	
1932	7	0	0	1536	1.43051147460938e-06	12012606	
1933	7	0	0	1536	1.43051147460938e-06	12012612	
1934	7	0	0	1536	1.43051147460938e-06	12012624	
1935	7	0	0	1536	1.43051147460938e-06	12012706	
1936	7	0	0	1536	1.43051147460938e-06	12012712	
1937	7	0	0	1536	1.43051147460938e-06	12012724	
1938	7	0	0	1536	1.43051147460938e-06	12012806	
1939	7	0	0	1536	1.43051147460938e-06	12012812	
1940	7	0	0	1536	1.43051147460938e-06	12012824	
1941	7	0	0	1536	1.43051147460938e-06	12012906	
1942	7	0	0	1536	1.43051147460938e-06	12012912	
1943	7	0	0	1536	1.43051147460938e-06	12012924	
1944	7	0	0	1536	1.43051147460938e-06	12013006	
1945	7	0	0	1536	1.43051147460938e-06	12013012	
1946	7	0	0	1536	1.43051147460938e-06	12013024	
1947	7	0	0	1536	1.43051147460938e-06	12013106	
1948	7	0	0	1536	1.43051147460938e-06	12013112	
1949	7	0	0	1536	1.43051147460938e-06	12013124	
1950	7	0	0	1536	1.43051147460938e-06	12020106	
1951	7	0	0	1536	1.43051147460938e-06	12020112	
1952	7	0	0	1536	1.43051147460938e-06	12020124	
1953	7	0	0	1536	1.43051147460938e-06	12020206	
1954	7	0	0	1536	1.43051147460938e-06	12020212	
1955	7	0	0	1536	1.43051147460938e-06	12020224	
1956	7	0	0	1536	1.43051147460938e-06	12020306	
1957	7	0	0	1536	1.43051147460938e-06	12020312	
1958	7	0	0	1536	1.43051147460938e-06	12020324	
1959	7	0	0	1536	1.43051147460938e-06	12020406	
1960	7	0	0	1536	1.43051147460938e-06	12020412	
1961	7	0	0	1536	1.43051147460938e-06	12020424	
1962	7	0	0	1536	1.43051147460938e-06	12020506	
1963	7	0	0	1536	1.43051147460938e-06	12020512	
1964	7	0	0	1536	1.43051147460938e-06	12020524	
1965	7	0	0	1536	1.43051147460938e-06	12020606	
1966	7	0	0	1536	1.43051147460938e-06	12020612	
1967	7	0	0	1536	1.43051147460938e-06	12020624	
1968	7	0	0	1536	1.43051147460938e-06	12020706	
1969	7	0	0	1536	1.43051147460938e-06	12020712	
1970	7	0	0	1536	1.43051147460938e-06	12020724	
1971	7	0	0	1536	1.43051147460938e-06	12020806	
1972	7	0	0	1536	1.43051147460938e-06	12020812	
1973	7	0	0	1536	1.43051147460938e-06	12020824	
1974	7	0	0	1536	1.43051147460938e-06	12020906	
1975	7	0	0	1536	1.43051147460938e-06	12020912	
1976	7	0	0	1536	1.43051147460938e-06	12020924	
1977	7	0	0	1536	1.43051147460938e-06	12021006	
1978	7	0	0	1536	1.43051147460938e-06	12021012	
1979	7	0	0	1536	1.43051147460938e-06	12021024	
1980	7	0	0	1536	1.43051147460938e-06	12021106	
1981	7	0	0	1536	1.43051147460938e-06	12021112	
1982	7	0	0	1536	1.43051147460938e-06	12021124	
1983	7	0	0	1536	1.43051147460938e-06	12021206	
1984	7	0	0	1536	1.43051147460938e-06	12021212	
1985	7	0	0	1536	1.43051147460938e-06	12021224	
1986	7	0	0	1536	1.43051147460938e-06	12021306	
1987	7	0	0	1536	1.43051147460938e-06	12021312	
1988	7	0	0	1536	1.43051147460938e-06	12021324	
1989	7	0	0	1536	1.43051147460938e-06	12021406	
1990	7	0	0	1536	1.43051147460938e-06	12021412	
1991	7	0	0	1536	1.43051147460938e-06	12021424	
1992	7	0	0	1536	1.43051147460938e-06	12021506	
1993	7	0	0	1536	1.43051147460938e-06	12021512	
1994	7	0	0	1536	1.43051147460938e-06	12021524	
1995	7	0	0	1536	1.43051147460938e-06	12021606	
1996	7	0	0	1536	1.43051147460938e-06	12021612	
1997	7	0	0	1536	1.43051147460938e-06	12021624	
1998	7	0	0	1536	1.43051147460938e-06	12021706	
1999	7	0	0	1536	1.43051147460938e-06	12021712	
2000	7	0	0	1536	1.43051147460938e-06	12021724	
2001	7	0	0	1536	1.43051147460938e-06	12021806	
2002	7	0	0	1536	1.43051147460938e-06	12021812	
2003	7	0	0	1536	1.43051147460938e-06	12021824	
2004	7	0	0	1536	1.43051147460938e-06	12021906	
2005	7	0	0	1536	1.43051147460938e-06	12021912	
2006	7	0	0	1536	1.43051147460938e-06	12021924	
2007	7	0	0	1536	1.43051147460938e-06	12022006	
2008	7	0	0	1536	1.43051147460938e-06	12022012	
2009	7	0	0	1536	1.43051147460938e-06	12022024	
2010	7	0	0	1536	1.43051147460938e-06	12022106	
2011	7	0	0	1536	1.43051147460938e-06	12022112	
2012	7	0	0	1536	1.43051147460938e-06	12022124	
2013	7	0	0	1536	1.43051147460938e-06	12022206	
2014	7	0	0	1536	1.43051147460938e-06	12022212	
2015	7	0	0	1536	1.43051147460938e-06	12022224	
2016	7	0	0	1536	1.43051147460938e-06	12022306	
2017	7	0	0	1536	1.43051147460938e-06	12022312	
2018	7	0	0	1536	1.43051147460938e-06	12022324	
2019	7	0	0	1536	1.43051147460938e-06	12022406	
2020	7	0	0	1536	1.43051147460938e-06	12022412	
2021	7	0	0	1536	1.43051147460938e-06	12022424	
2022	7	0	0	1536	1.43051147460938e-06	12022506	
2023	7	0	0	1536	1.43051147460938e-06	12022512	
2024	7	0	0	1536	1.43051147460938e-06	12022524	
2025	7	0	0	1536	1.43051147460938e-06	12022606	
2026	7	0	0	1536	1.43051147460938e-06	12022612	
2027	7	0	0	1536	1.43051147460938e-06	12022624	
2028	7	0	0	1536	1.43051147460938e-06	12022706	
2029	7	0	0	1536	1.43051147460938e-06	12022712	
2030	7	0	0	1536	1.43051147460938e-06	12022724	
2031	7	0	0	1536	1.43051147460938e-06	12022806	
2032	7	0	0	1536	1.43051147460938e-06	12022812	
2033	7	0	0	1536	1.43051147460938e-06	12022824	
2034	7	0	0	1536	1.43051147460938e-06	12022906	
2035	7	0	0	1536	1.43051147460938e-06	12022912	
2036	7	0	0	1536	1.43051147460938e-06	12022924	
2037	7	0	0	1536	1.43051147460938e-06	12030106	
2038	7	0	0	1536	1.43051147460938e-06	12030112	
2039	7	0	0	1536	1.43051147460938e-06	12030124	
2040	7	0	0	1536	1.43051147460938e-06	12030206	
2041	7	0	0	1536	1.43051147460938e-06	12030212	
2042	7	0	0	1536	1.43051147460938e-06	12030224	
2043	7	0	0	1536	1.43051147460938e-06	12030306	
2044	7	0	0	1536	1.43051147460938e-06	12030312	
2045	7	0	0	1536	1.43051147460938e-06	12030324	
2046	7	0	0	1536	1.43051147460938e-06	12030406	
2047	7	0	0	1536	1.43051147460938e-06	12030412	
2048	7	0	0	1536	1.43051147460938e-06	12030424	
2049	7	0	0	1536	1.43051147460938e-06	12030506	
2050	7	0	0	1536	1.43051147460938e-06	12030512	
2051	7	0	0	1536	1.43051147460938e-06	12030524	
2052	7	0	0	1536	1.43051147460938e-06	12030606	
2053	7	0	0	1536	1.43051147460938e-06	12030612	
2054	7	0	0	1536	1.43051147460938e-06	12030624	
2055	7	0	0	1536	1.43051147460938e-06	12030706	
2056	7	0	0	1536	1.43051147460938e-06	12030712	
2057	7	0	0	1536	1.43051147460938e-06	12030724	
2058	7	0	0	1536	1.43051147460938e-06	12030806	
2059	7	0	0	1536	1.43051147460938e-06	12030812	
2060	7	0	0	1536	1.43051147460938e-06	12030824	
2061	7	0	0	1536	1.43051147460938e-06	12030906	
2062	7	0	0	1536	1.43051147460938e-06	12030912	
2063	7	0	0	1536	1.43051147460938e-06	12030924	
2064	7	0	0	1536	1.43051147460938e-06	12031006	
2065	7	0	0	1536	1.43051147460938e-06	12031012	
2066	7	0	0	1536	1.43051147460938e-06	12031024	
2067	7	0	0	1536	1.43051147460938e-06	12031106	
2068	7	0	0	1536	1.43051147460938e-06	12031112	
2069	7	0	0	1536	1.43051147460938e-06	12031124	
2070	7	0	0	1536	1.43051147460938e-06	12031206	
2071	7	0	0	1536	1.43051147460938e-06	12031212	
2072	7	0	0	1536	1.43051147460938e-06	12031224	
2073	7	0	0	1536	1.43051147460938e-06	12031306	
2074	7	0	0	1536	1.43051147460938e-06	12031312	
2075	7	0	0	1536	1.43051147460938e-06	12031324	
2076	7	0	0	1536	1.43051147460938e-06	12031406	
2077	7	0	0	1536	1.43051147460938e-06	12031412	
2078	7	0	0	1536	1.43051147460938e-06	12031424	
2079	7	0	0	1536	1.43051147460938e-06	12031506	
2080	7	0	0	1536	1.43051147460938e-06	12031512	
2081	7	0	0	1536	1.43051147460938e-06	12031524	
2082	7	0	0	1536	1.43051147460938e-06	12031606	
2083	7	0	0	1536	1.43051147460938e-06	12031612	
2084	7	0	0	1536	1.43051147460938e-06	12031624	
2085	7	0	0	1536	1.43051147460938e-06	12031706	
2086	7	0	0	1536	1.43051147460938e-06	12031712	
2087	7	0	0	1536	1.43051147460938e-06	12031724	
2088	7	0	0	1536	1.43051147460938e-06	12031806	
2089	7	0	0	1536	1.43051147460938e-06	12031812	
2090	7	0	0	1536	1.43051147460938e-06	12031824	
2091	7	0	0	1536	1.43051147460938e-06	12031906	
2092	7	0	0	1536	1.43051147460938e-06	12031912	
2093	7	0	0	1536	1.43051147460938e-06	12031924	
2094	7	0	0	1536	1.43051147460938e-06	12032006	
2095	7	0	0	1536	1.43051147460938e-06	12032012	
2096	7	0	0	1536	1.43051147460938e-06	12032024	
2097	7	0	0	1536	1.43051147460938e-06	12032106	
2098	7	0	0	1536	1.43051147460938e-06	12032112	
2099	7	0	0	1536	1.43051147460938e-06	12032124	
2100	7	0	0	1536	1.43051147460938e-06	12032206	
2101	7	0	0	1536	1.43051147460938e-06	12032212	
2102	7	0	0	1536	1.43051147460938e-06	12032224	
2103	7	0	0	1536	1.43051147460938e-06	12032306	
2104	7	0	0	1536	1.43051147460938e-06	12032312	
2105	7	0	0	1536	1.43051147460938e-06	12032324	
2106	7	0	0	1536	1.43051147460938e-06	12032406	
2107	7	0	0	1536	1.43051147460938e-06	12032412	
2108	7	0	0	1536	1.43051147460938e-06	12032424	
2109	7	0	0	1536	1.43051147460938e-06	12032506	
2110	7	0	0	1536	1.43051147460938e-06	12032512	
2111	7	0	0	1536	1.43051147460938e-06	12032524	
2112	7	0	0	1536	1.43051147460938e-06	12032606	
2113	7	0	0	1536	1.43051147460938e-06	12032612	
2114	7	0	0	1536	1.43051147460938e-06	12032624	
2115	7	0	0	1536	1.43051147460938e-06	12032706	
2116	7	0	0	1536	1.43051147460938e-06	12032712	
2117	7	0	0	1536	1.43051147460938e-06	12032724	
2118	7	0	0	1536	1.43051147460938e-06	12032806	
2119	7	0	0	1536	1.43051147460938e-06	12032812	
2120	7	0	0	1536	1.43051147460938e-06	12032824	
2121	7	0	0	1536	1.43051147460938e-06	12032906	
2122	7	0	0	1536	1.43051147460938e-06	12032912	
2123	7	0	0	1536	1.43051147460938e-06	12032924	
2124	7	0	0	1536	1.43051147460938e-06	12033006	
2125	7	0	0	1536	1.43051147460938e-06	12033012	
2126	7	0	0	1536	1.43051147460938e-06	12033024	
2127	7	0	0	1536	1.43051147460938e-06	12033106	
2128	7	0	0	1536	1.43051147460938e-06	12033112	
2129	7	0	0	1536	1.43051147460938e-06	12033124	
2130	7	0	0	1536	1.43051147460938e-06	12040106	
2131	7	0	0	1536	1.43051147460938e-06	12040112	
2132	7	0	0	1536	1.43051147460938e-06	12040124	
2133	7	0	0	1536	1.43051147460938e-06	12040206	
2134	7	0	0	1536	1.43051147460938e-06	12040212	
2135	7	0	0	1536	1.43051147460938e-06	12040224	
2136	7	0	0	1536	1.43051147460938e-06	12040306	
2137	7	0	0	1536	1.43051147460938e-06	12040312	
2138	7	0	0	1536	1.43051147460938e-06	12040324	
