0	17	0	0	0	0	10042206	
1	17	0	0	0	0	10042212	
2	17	0	0	0	0	10042224	
3	17	0	0	0	0	10042306	
4	17	0	0	0	0	10042312	
5	17	0	0	0	0	10042324	
6	17	0	0	0	0	10042406	
7	17	0	0	0	0	10042412	
8	17	0	0	0	0	10042424	
9	17	0	0	0	0	10042506	
10	17	0	0	0	0	10042512	
11	17	0	0	0	0	10042524	
12	17	0	0	0	0	10042606	
13	17	0	0	0	0	10042612	
14	17	0	0	0	0	10042624	
15	17	0	0	0	0	10042706	
16	17	0	0	0	0	10042712	
17	17	0	0	0	0	10042724	
18	17	0	0	0	0	10042806	
19	17	0	0	0	0	10042812	
20	17	0	0	0	0	10042824	
21	17	0	0	0	0	10042906	
22	17	0	0	0	0	10042912	
23	17	0	0	0	0	10042924	
24	17	0	0	0	0	10043006	
25	17	0	0	0	0	10043012	
26	17	0	0	0	0	10043024	
27	17	0	0	0	0	10050106	
28	17	0	0	0	0	10050112	
29	17	0	0	0	0	10050124	
30	17	0	0	0	0	10050206	
31	17	0	0	0	0	10050212	
32	17	0	0	0	0	10050224	
33	17	0	0	0	0	10050306	
34	17	0	0	0	0	10050312	
35	17	0	0	0	0	10050324	
36	17	0	0	0	0	10050406	
37	17	0	0	0	0	10050412	
38	17	0	0	0	0	10050424	
39	17	0	0	0	0	10050506	
40	17	0	0	0	0	10050512	
41	17	0	0	0	0	10050524	
42	17	0	0	0	0	10050606	
43	17	0	0	0	0	10050612	
44	17	0	0	0	0	10050624	
45	17	0	0	0	0	10050706	
46	17	0	0	0	0	10050712	
47	17	0	0	0	0	10050724	
48	17	0	0	0	0	10050806	
49	17	0	0	0	0	10050812	
50	17	0	0	0	0	10050824	
51	17	0	0	0	0	10050906	
52	17	0	0	0	0	10050912	
53	17	0	0	0	0	10050924	
54	17	0	0	0	0	10051006	
55	17	0	0	0	0	10051012	
56	17	0	0	0	0	10051024	
57	17	0	0	0	0	10051106	
58	17	0	0	0	0	10051112	
59	17	0	0	0	0	10051124	
60	17	0	0	0	0	10051206	
61	17	0	0	0	0	10051212	
62	17	0	0	0	0	10051224	
63	17	0	0	0	0	10051306	
64	17	0	0	0	0	10051312	
65	17	0	0	0	0	10051324	
66	17	0	0	0	0	10051406	
67	17	0	0	0	0	10051412	
68	17	0	0	0	0	10051424	
69	17	0	0	0	0	10051506	
70	17	0	0	0	0	10051512	
71	17	0	0	0	0	10051524	
72	17	0	0	0	0	10051606	
73	17	0	0	0	0	10051612	
74	17	0	0	0	0	10051624	
75	17	0	0	0	0	10051706	
76	17	0	0	0	0	10051712	
77	17	0	0	0	0	10051724	
78	17	0	0	0	0	10051806	
79	17	0	0	0	0	10051812	
80	17	0	0	0	0	10051824	
81	17	0	0	0	0	10051906	
82	17	0	0	0	0	10051912	
83	17	0	0	0	0	10051924	
84	17	0	0	0	0	10052006	
85	17	0	0	0	0	10052012	
86	17	0	0	0	0	10052024	
87	17	0	0	0	0	10052106	
88	17	0	0	0	0	10052112	
89	17	0	0	0	0	10052124	
90	17	0	0	0	0	10052206	
91	17	0	0	0	0	10052212	
92	17	0	0	0	0	10052224	
93	17	0	0	0	0	10052306	
94	17	0	0	0	0	10052312	
95	17	0	0	0	0	10052324	
96	17	0	0	0	0	10052406	
97	17	0	0	0	0	10052412	
98	17	0	0	0	0	10052424	
99	17	0	0	0	0	10052506	
100	17	0	0	0	0	10052512	
101	17	0	0	0	0	10052524	
102	17	0	0	0	0	10052606	
103	17	0	0	0	0	10052612	
104	17	0	0	0	0	10052624	
105	17	0	0	0	0	10052706	
106	17	0	0	0	0	10052712	
107	17	0	0	0	0	10052724	
108	17	0	0	0	0	10052806	
109	17	0	0	0	0	10052812	
110	17	0	0	0	0	10052824	
111	17	0	0	0	0	10052906	
112	17	0	0	0	0	10052912	
113	17	0	0	0	0	10052924	
114	17	0	0	0	0	10053006	
115	17	0	0	0	0	10053012	
116	17	0	0	0	0	10053024	
117	17	0	0	0	0	10053106	
118	17	0	0	0	0	10053112	
119	17	0	0	0	0	10053124	
120	17	0	0	0	0	10060106	
121	17	0	0	0	0	10060112	
122	17	0	0	0	0	10060124	
123	17	0	0	0	0	10060206	
124	17	0	0	0	0	10060212	
125	17	0	0	0	0	10060224	
126	17	0	0	0	0	10060306	
127	17	0	0	0	0	10060312	
128	17	0	0	0	0	10060324	
129	17	0	0	0	0	10060406	
130	17	0	0	0	0	10060412	
131	17	0	0	0	0	10060424	
132	17	0	0	0	0	10060506	
133	17	0	0	0	0	10060512	
134	17	0	0	0	0	10060524	
135	17	0	0	0	0	10060606	
136	17	0	0	0	0	10060612	
137	17	0	0	0	0	10060624	
138	17	0	0	0	0	10060706	
139	17	0	0	0	0	10060712	
140	17	0	0	0	0	10060724	
141	17	0	0	0	0	10060806	
142	17	0	0	0	0	10060812	
143	17	0	0	0	0	10060824	
144	17	0	0	0	0	10060906	
145	17	0	0	0	0	10060912	
146	17	0	0	0	0	10060924	
147	17	0	0	0	0	10061006	
148	17	0	0	0	0	10061012	
149	17	0	0	0	0	10061024	
150	17	0	0	0	0	10061106	
151	17	0	0	0	0	10061112	
152	17	0	0	0	0	10061124	
153	17	0	0	0	0	10061206	
154	17	0	0	0	0	10061212	
155	17	0	0	0	0	10061224	
156	17	0	0	0	0	10061306	
157	17	0	0	0	0	10061312	
158	17	0	0	0	0	10061324	
159	17	0	0	0	0	10061406	
160	17	0	0	0	0	10061412	
161	17	0	0	0	0	10061424	
162	17	0	0	0	0	10061506	
163	17	0	0	0	0	10061512	
164	17	0	0	0	0	10061524	
165	17	0	0	0	0	10061606	
166	17	0	0	0	0	10061612	
167	17	0	0	0	0	10061624	
168	17	0	0	0	0	10061706	
169	17	0	0	0	0	10061712	
170	17	0	0	0	0	10061724	
171	17	0	0	0	0	10061806	
172	17	0	0	0	0	10061812	
173	17	0	0	0	0	10061824	
174	17	0	0	0	0	10061906	
175	17	0	0	0	0	10061912	
176	17	0	0	0	0	10061924	
177	17	0	0	0	0	10062006	
178	17	0	0	0	0	10062012	
179	17	0	0	0	0	10062024	
180	17	0	0	0	0	10062106	
181	17	0	0	0	0	10062112	
182	17	0	0	0	0	10062124	
183	17	0	0	0	0	10062206	
184	17	0	0	0	0	10062212	
185	17	0	0	0	0	10062224	
186	17	0	0	0	0	10062306	
187	17	0	0	0	0	10062312	
188	17	0	0	0	0	10062324	
189	17	0	0	0	0	10062406	
190	17	0	0	0	0	10062412	
191	17	0	0	0	0	10062424	
192	17	0	0	0	0	10062506	
193	17	0	0	0	0	10062512	
194	17	0	0	0	0	10062524	
195	17	0	0	0	0	10062606	
196	17	0	0	0	0	10062612	
197	17	0	0	0	0	10062624	
198	17	0	0	0	0	10062706	
199	17	0	0	0	0	10062712	
200	17	0	0	0	0	10062724	
201	17	0	0	0	0	10062806	
202	17	0	0	0	0	10062812	
203	17	0	0	0	0	10062824	
204	17	0	0	0	0	10062906	
205	17	0	0	0	0	10062912	
206	17	0	0	0	0	10062924	
207	17	0	0	0	0	10063006	
208	17	0	0	0	0	10063012	
209	17	0	0	0	0	10063024	
210	17	0	0	0	0	10070106	
211	17	0	0	0	0	10070112	
212	17	0	0	0	0	10070124	
213	17	0	0	0	0	10070206	
214	17	0	0	0	0	10070212	
215	17	0	0	0	0	10070224	
216	17	0	0	0	0	10070306	
217	17	0	0	0	0	10070312	
218	17	0	0	0	0	10070324	
219	17	0	0	0	0	10070406	
220	17	0	0	0	0	10070412	
221	17	0	0	0	0	10070424	
222	17	0	0	0	0	10070506	
223	17	0	0	0	0	10070512	
224	17	0	0	0	0	10070524	
225	17	0	0	0	0	10070606	
226	17	0	0	0	0	10070612	
227	17	0	0	0	0	10070624	
228	17	0	0	0	0	10070706	
229	17	0	0	0	0	10070712	
230	17	0	0	0	0	10070724	
231	17	0	0	0	0	10070806	
232	17	0	0	0	0	10070812	
233	17	0	0	0	0	10070824	
234	17	0	0	0	0	10070906	
235	17	0	0	0	0	10070912	
236	17	0	0	0	0	10070924	
237	17	0	0	0	0	10071006	
238	17	0	0	0	0	10071012	
239	17	0	0	0	0	10071024	
240	17	0	0	0	0	10071106	
241	17	0	0	0	0	10071112	
242	17	0	0	0	0	10071124	
243	17	0	0	0	0	10071206	
244	17	0	0	0	0	10071212	
245	17	0	0	0	0	10071224	
246	17	0	0	0	0	10071306	
247	17	0	0	0	0	10071312	
248	17	0	0	0	0	10071324	
249	17	0	0	0	0	10071406	
250	17	0	0	0	0	10071412	
251	17	0	0	0	0	10071424	
252	17	0	0	0	0	10071506	
253	17	0	0	0	0	10071512	
254	17	0	0	0	0	10071524	
255	17	0	0	0	0	10071606	
256	17	0	0	0	0	10071612	
257	17	0	0	0	0	10071624	
258	17	0	0	0	0	10071706	
259	17	0	0	0	0	10071712	
260	17	0	0	0	0	10071724	
261	17	0	0	0	0	10071806	
262	17	0	0	0	0	10071812	
263	17	0	0	0	0	10071824	
264	17	0	0	0	0	10071906	
265	17	0	0	0	0	10071912	
266	17	0	0	0	0	10071924	
267	17	0	0	0	0	10072006	
268	17	0	0	0	0	10072012	
269	17	0	0	0	0	10072024	
270	17	0	0	0	0	10072106	
271	17	0	0	0	0	10072112	
272	17	0	0	0	0	10072124	
273	17	0	0	0	0	10072206	
274	17	0	0	0	0	10072212	
275	17	0	0	0	0	10072224	
276	17	0	0	0	0	10072306	
277	17	0	0	0	0	10072312	
278	17	0	0	0	0	10072324	
279	17	0	0	0	0	10072406	
280	17	0	0	0	0	10072412	
281	17	0	0	0	0	10072424	
282	17	0	0	0	0	10072506	
283	17	0	0	0	0	10072512	
284	17	0	0	0	0	10072524	
285	17	0	0	0	0	10072606	
286	17	0	0	0	0	10072612	
287	17	0	0	0	0	10072624	
288	17	0	0	0	0	10072706	
289	17	0	0	0	0	10072712	
290	17	0	0	0	0	10072724	
291	17	0	0	0	0	10072806	
292	17	0	0	0	0	10072812	
293	17	0	0	0	0	10072824	
294	17	0	0	0	0	10072906	
295	17	0	0	0	0	10072912	
296	17	0	0	0	0	10072924	
297	17	0	0	0	0	10073006	
298	17	0	0	0	0	10073012	
299	17	0	0	0	0	10073024	
300	17	0	0	0	0	10073106	
301	17	0	0	0	0	10073112	
302	17	0	0	0	0	10073124	
303	17	0	0	0	0	10080106	
304	17	0	0	0	0	10080112	
305	17	0	0	0	0	10080124	
306	17	0	0	0	0	10080206	
307	17	0	0	0	0	10080212	
308	17	0	0	0	0	10080224	
309	17	0	0	0	0	10080306	
310	17	0	0	0	0	10080312	
311	17	0	0	0	0	10080324	
312	17	0	0	0	0	10080406	
313	17	0	0	0	0	10080412	
314	17	0	0	0	0	10080424	
315	17	0	0	0	0	10080506	
316	17	0	0	0	0	10080512	
317	17	0	0	0	0	10080524	
318	17	0	0	0	0	10080606	
319	17	0	0	0	0	10080612	
320	17	0	0	0	0	10080624	
321	17	0	0	0	0	10080706	
322	17	0	0	0	0	10080712	
323	17	0	0	0	0	10080724	
324	17	0	0	0	0	10080806	
325	17	0	0	0	0	10080812	
326	17	0	0	0	0	10080824	
327	17	0	0	0	0	10080906	
328	17	0	0	0	0	10080912	
329	17	0	0	0	0	10080924	
330	17	0	0	0	0	10081006	
331	17	0	0	0	0	10081012	
332	17	0	0	0	0	10081024	
333	17	0	0	0	0	10081106	
334	17	0	0	0	0	10081112	
335	17	0	0	0	0	10081124	
336	17	0	0	0	0	10081206	
337	17	0	0	0	0	10081212	
338	17	0	0	0	0	10081224	
339	17	0	0	0	0	10081306	
340	17	0	0	0	0	10081312	
341	17	0	0	0	0	10081324	
342	17	0	0	0	0	10081406	
343	17	0	0	0	0	10081412	
344	17	0	0	0	0	10081424	
345	17	0	0	0	0	10081506	
346	17	0	0	0	0	10081512	
347	17	0	0	0	0	10081524	
348	17	0	0	0	0	10081606	
349	17	0	0	0	0	10081612	
350	17	0	0	0	0	10081624	
351	17	0	0	0	0	10081706	
352	17	0	0	0	0	10081712	
353	17	0	0	0	0	10081724	
354	17	0	0	0	0	10081806	
355	17	0	0	0	0	10081812	
356	17	0	0	0	0	10081824	
357	17	0	0	0	0	10081906	
358	17	0	0	0	0	10081912	
359	17	0	0	0	0	10081924	
360	17	0	0	0	0	10082006	
361	17	0	0	0	0	10082012	
362	17	0	0	0	0	10082024	
363	17	0	0	0	0	10082106	
364	17	0	0	0	0	10082112	
365	17	0	0	0	0	10082124	
366	17	0	0	0	0	10082206	
367	17	0	0	0	0	10082212	
368	17	0	0	0	0	10082224	
369	17	0	0	0	0	10082306	
370	17	0	0	0	0	10082312	
371	17	0	0	0	0	10082324	
372	17	0	0	0	0	10082406	
373	17	0	0	0	0	10082412	
374	17	0	0	0	0	10082424	
375	17	0	0	0	0	10082506	
376	17	0	0	0	0	10082512	
377	17	0	0	0	0	10082524	
378	17	0	0	0	0	10082606	
379	17	0	0	0	0	10082612	
380	17	0	0	0	0	10082624	
381	17	0	0	0	0	10082706	
382	17	0	0	0	0	10082712	
383	17	0	0	0	0	10082724	
384	17	0	0	0	0	10082806	
385	17	0	0	0	0	10082812	
386	17	0	0	0	0	10082824	
387	17	0	0	0	0	10082906	
388	17	0	0	0	0	10082912	
389	17	0	0	0	0	10082924	
390	17	0	0	0	0	10083006	
391	17	0	0	0	0	10083012	
392	17	0	0	0	0	10083024	
393	17	0	0	0	0	10083106	
394	17	0	0	0	0	10083112	
395	17	0	0	0	0	10083124	
396	17	0	0	0	0	10090106	
397	17	0	0	0	0	10090112	
398	17	0	0	0	0	10090124	
399	17	0	0	0	0	10090206	
400	17	0	0	0	0	10090212	
401	17	0	0	0	0	10090224	
402	17	0	0	0	0	10090306	
403	17	0	0	0	0	10090312	
404	17	0	0	0	0	10090324	
405	17	0	0	0	0	10090406	
406	17	0	0	0	0	10090412	
407	17	0	0	0	0	10090424	
408	17	0	0	0	0	10090506	
409	17	0	0	0	0	10090512	
410	17	0	0	0	0	10090524	
411	17	0	0	0	0	10090606	
412	17	0	0	0	0	10090612	
413	17	0	0	0	0	10090624	
414	17	0	0	0	0	10090706	
415	17	0	0	0	0	10090712	
416	17	0	0	0	0	10090724	
417	17	0	0	0	0	10090806	
418	17	0	0	0	0	10090812	
419	17	0	0	0	0	10090824	
420	17	0	0	0	0	10090906	
421	17	0	0	0	0	10090912	
422	17	0	0	0	0	10090924	
423	17	0	0	0	0	10091006	
424	17	0	0	0	0	10091012	
425	17	0	0	0	0	10091024	
426	17	0	0	0	0	10091106	
427	17	0	0	0	0	10091112	
428	17	0	0	0	0	10091124	
429	17	0	0	0	0	10091206	
430	17	0	0	0	0	10091212	
431	17	0	0	0	0	10091224	
432	17	0	0	0	0	10091306	
433	17	0	0	0	0	10091312	
434	17	0	0	0	0	10091324	
435	17	0	0	0	0	10091406	
436	17	0	0	0	0	10091412	
437	17	0	0	0	0	10091424	
438	17	0	0	0	0	10091506	
439	17	0	0	0	0	10091512	
440	17	0	0	0	0	10091524	
441	17	0	0	0	0	10091606	
442	17	0	0	0	0	10091612	
443	17	0	0	0	0	10091624	
444	17	0	0	0	0	10091706	
445	17	0	0	0	0	10091712	
446	17	0	0	0	0	10091724	
447	17	0	0	0	0	10091806	
448	17	0	0	0	0	10091812	
449	17	0	0	0	0	10091824	
450	17	0	0	0	0	10091906	
451	17	0	0	0	0	10091912	
452	17	0	0	0	0	10091924	
453	17	0	0	0	0	10092006	
454	17	0	0	0	0	10092012	
455	17	0	0	0	0	10092024	
456	17	0	0	0	0	10092106	
457	17	0	0	0	0	10092112	
458	17	0	0	0	0	10092124	
459	17	0	0	0	0	10092206	
460	17	0	0	0	0	10092212	
461	17	0	0	0	0	10092224	
462	17	0	0	0	0	10092306	
463	17	0	0	0	0	10092312	
464	17	0	0	0	0	10092324	
465	17	0	0	0	0	10092406	
466	17	0	0	0	0	10092412	
467	17	0	0	0	0	10092424	
468	17	0	0	0	0	10092506	
469	17	0	0	0	0	10092512	
470	17	0	0	0	0	10092524	
471	17	0	0	0	0	10092606	
472	17	0	0	0	0	10092612	
473	17	0	0	0	0	10092624	
474	17	0	0	0	0	10092706	
475	17	0	0	0	0	10092712	
476	17	0	0	0	0	10092724	
477	17	0	0	0	0	10092806	
478	17	0	0	0	0	10092812	
479	17	0	0	0	0	10092824	
480	17	0	0	0	0	10092906	
481	17	0	0	0	0	10092912	
482	17	0	0	0	0	10092924	
483	17	0	0	0	0	10093006	
484	17	0	0	0	0	10093012	
485	17	0	0	0	0	10093024	
486	17	0	0	0	0	10100106	
487	17	0	0	0	0	10100112	
488	17	0	0	0	0	10100124	
489	17	0	0	0	0	10100206	
490	17	0	0	0	0	10100212	
491	17	0	0	0	0	10100224	
492	17	0	0	0	0	10100306	
493	17	0	0	0	0	10100312	
494	17	0	0	0	0	10100324	
495	17	0	0	0	0	10100406	
496	17	0	0	0	0	10100412	
497	17	0	0	0	0	10100424	
498	17	0	0	0	0	10100506	
499	17	0	0	0	0	10100512	
500	17	0	0	0	0	10100524	
501	17	0	0	0	0	10100606	
502	17	0	0	0	0	10100612	
503	17	0	0	0	0	10100624	
504	17	0	0	0	0	10100706	
505	17	0	0	0	0	10100712	
506	17	0	0	0	0	10100724	
507	17	0	0	0	0	10100806	
508	17	0	0	0	0	10100812	
509	17	0	0	0	0	10100824	
510	17	0	0	0	0	10100906	
511	17	0	0	0	0	10100912	
512	17	0	0	0	0	10100924	
513	17	0	0	0	0	10101006	
514	17	0	0	0	0	10101012	
515	17	0	0	0	0	10101024	
516	17	0	0	0	0	10101106	
517	17	0	0	0	0	10101112	
518	17	0	0	0	0	10101124	
519	17	0	0	0	0	10101206	
520	17	0	0	0	0	10101212	
521	17	0	0	0	0	10101224	
522	17	0	0	0	0	10101306	
523	17	0	0	0	0	10101312	
524	17	0	0	0	0	10101324	
525	17	0	0	0	0	10101406	
526	17	0	0	0	0	10101412	
527	17	0	0	0	0	10101424	
528	17	0	0	0	0	10101506	
529	17	0	0	0	0	10101512	
530	17	0	0	0	0	10101524	
531	17	0	0	0	0	10101606	
532	17	0	0	0	0	10101612	
533	17	0	0	0	0	10101624	
534	17	0	0	0	0	10101706	
535	17	0	0	0	0	10101712	
536	17	0	0	0	0	10101724	
537	17	0	0	0	0	10101806	
538	17	0	0	0	0	10101812	
539	17	0	0	0	0	10101824	
540	17	0	0	0	0	10101906	
541	17	0	0	0	0	10101912	
542	17	0	0	0	0	10101924	
543	17	0	0	0	0	10102006	
544	17	0	0	0	0	10102012	
545	17	0	0	0	0	10102024	
546	17	0	0	0	0	10102106	
547	17	0	0	0	0	10102112	
548	17	0	0	0	0	10102124	
549	17	0	0	0	0	10102206	
550	17	0	0	0	0	10102212	
551	17	0	0	0	0	10102224	
552	17	0	0	0	0	10102306	
553	17	0	0	0	0	10102312	
554	17	0	0	0	0	10102324	
555	17	0	0	0	0	10102406	
556	17	0	0	0	0	10102412	
557	17	0	0	0	0	10102424	
558	17	0	0	0	0	10102506	
559	17	0	0	0	0	10102512	
560	17	0	0	0	0	10102524	
561	17	0	0	0	0	10102606	
562	17	0	0	0	0	10102612	
563	17	0	0	0	0	10102624	
564	17	0	0	0	0	10102706	
565	17	0	0	0	0	10102712	
566	17	0	0	0	0	10102724	
567	17	0	0	0	0	10102806	
568	17	0	0	0	0	10102812	
569	17	0	0	0	0	10102824	
570	17	0	0	0	0	10102906	
571	17	0	0	0	0	10102912	
572	17	0	0	0	0	10102924	
573	17	0	0	0	0	10103006	
574	17	0	0	0	0	10103012	
575	17	0	0	0	0	10103024	
576	17	0	0	0	0	10103106	
577	17	0	0	0	0	10103112	
578	17	0	0	0	0	10103124	
579	17	0	0	0	0	10110106	
580	17	0	0	0	0	10110112	
581	17	0	0	0	0	10110124	
582	17	0	0	0	0	10110206	
583	17	0	0	0	0	10110212	
584	17	0	0	0	0	10110224	
585	17	0	0	0	0	10110306	
586	17	0	0	0	0	10110312	
587	17	0	0	0	0	10110324	
588	17	0	0	0	0	10110406	
589	17	0	0	0	0	10110412	
590	17	0	0	0	0	10110424	
591	17	0	0	0	0	10110506	
592	17	0	0	0	0	10110512	
593	17	0	0	0	0	10110524	
594	17	0	0	0	0	10110606	
595	17	0	0	0	0	10110612	
596	17	0	0	0	0	10110624	
597	17	0	0	0	0	10110706	
598	17	0	0	0	0	10110712	
599	17	0	0	0	0	10110724	
600	17	0	0	0	0	10110806	
601	17	0	0	0	0	10110812	
602	17	0	0	0	0	10110824	
603	17	0	0	0	0	10110906	
604	17	0	0	0	0	10110912	
605	17	0	0	0	0	10110924	
606	17	0	0	0	0	10111006	
607	17	0	0	0	0	10111012	
608	17	0	0	0	0	10111024	
609	17	0	0	0	0	10111106	
610	17	0	0	0	0	10111112	
611	17	0	0	0	0	10111124	
612	17	0	0	0	0	10111206	
613	17	0	0	0	0	10111212	
614	17	0	0	0	0	10111224	
615	17	0	0	0	0	10111306	
616	17	0	0	0	0	10111312	
617	17	0	0	0	0	10111324	
618	17	0	0	0	0	10111406	
619	17	0	0	0	0	10111412	
620	17	0	0	0	0	10111424	
621	17	0	0	0	0	10111506	
622	17	0	0	0	0	10111512	
623	17	0	0	0	0	10111524	
624	17	0	0	0	0	10111606	
625	17	0	0	0	0	10111612	
626	17	0	0	0	0	10111624	
627	17	0	0	0	0	10111706	
628	17	0	0	0	0	10111712	
629	17	0	0	0	0	10111724	
630	17	0	0	0	0	10111806	
631	17	0	0	0	0	10111812	
632	17	0	0	0	0	10111824	
633	17	0	0	0	0	10111906	
634	17	0	0	0	0	10111912	
635	17	0	0	0	0	10111924	
636	17	0	0	0	0	10112006	
637	17	0	0	0	0	10112012	
638	17	0	0	0	0	10112024	
639	17	0	0	0	0	10112106	
640	17	0	0	0	0	10112112	
641	17	0	0	0	0	10112124	
642	17	0	0	0	0	10112206	
643	17	0	0	0	0	10112212	
644	17	0	0	0	0	10112224	
645	17	0	0	0	0	10112306	
646	17	0	0	0	0	10112312	
647	17	0	0	0	0	10112324	
648	17	0	0	0	0	10112406	
649	17	0	0	0	0	10112412	
650	17	0	0	0	0	10112424	
651	17	0	0	0	0	10112506	
652	17	0	0	0	0	10112512	
653	17	0	0	0	0	10112524	
654	17	0	0	0	0	10112606	
655	17	0	0	0	0	10112612	
656	17	0	0	0	0	10112624	
657	17	0	0	0	0	10112706	
658	17	0	0	0	0	10112712	
659	17	0	0	0	0	10112724	
660	17	0	0	0	0	10112806	
661	17	0	0	0	0	10112812	
662	17	0	0	0	0	10112824	
663	17	0	0	0	0	10112906	
664	17	0	0	0	0	10112912	
665	17	0	0	0	0	10112924	
666	17	0	0	0	0	10113006	
667	17	0	0	0	0	10113012	
668	17	0	0	0	0	10113024	
669	17	0	0	0	0	10120106	
670	17	0	0	0	0	10120112	
671	17	0	0	0	0	10120124	
672	17	0	0	0	0	10120206	
673	17	0	0	0	0	10120212	
674	17	0	0	0	0	10120224	
675	17	0	0	0	0	10120306	
676	17	0	0	0	0	10120312	
677	17	0	0	0	0	10120324	
678	17	0	0	0	0	10120406	
679	17	0	0	0	0	10120412	
680	17	0	0	0	0	10120424	
681	17	0	0	0	0	10120506	
682	17	0	0	0	0	10120512	
683	17	0	0	0	0	10120524	
684	17	0	0	0	0	10120606	
685	17	0	0	0	0	10120612	
686	17	0	0	0	0	10120624	
687	17	0	0	0	0	10120706	
688	17	0	0	0	0	10120712	
689	17	0	0	0	0	10120724	
690	17	0	0	0	0	10120806	
691	17	0	0	0	0	10120812	
692	17	0	0	0	0	10120824	
693	17	0	0	0	0	10120906	
694	17	0	0	0	0	10120912	
695	17	0	0	0	0	10120924	
696	17	0	0	0	0	10121006	
697	17	0	0	0	0	10121012	
698	17	0	0	0	0	10121024	
699	17	0	0	0	0	10121106	
700	17	0	0	0	0	10121112	
701	17	0	0	0	0	10121124	
702	17	0	0	0	0	10121206	
703	17	0	0	0	0	10121212	
704	17	0	0	0	0	10121224	
705	17	0	0	0	0	10121306	
706	17	0	0	0	0	10121312	
707	17	0	0	0	0	10121324	
708	17	0	0	0	0	10121406	
709	17	0	0	0	0	10121412	
710	17	0	0	0	0	10121424	
711	17	0	0	0	0	10121506	
712	17	0	0	0	0	10121512	
713	17	0	0	0	0	10121524	
714	17	0	0	0	0	10121606	
715	17	0	0	0	0	10121612	
716	17	0	0	0	0	10121624	
717	17	0	0	0	0	10121706	
718	17	0	0	0	0	10121712	
719	17	0	0	0	0	10121724	
720	17	0	0	0	0	10121806	
721	17	0	0	0	0	10121812	
722	17	0	0	0	0	10121824	
723	17	0	0	0	0	10121906	
724	17	0	0	0	0	10121912	
725	17	0	0	0	0	10121924	
726	17	0	0	0	0	10122006	
727	17	0	0	0	0	10122012	
728	17	0	0	0	0	10122024	
729	17	0	0	0	0	10122106	
730	17	0	0	0	0	10122112	
731	17	0	0	0	0	10122124	
732	17	0	0	0	0	10122206	
733	17	0	0	0	0	10122212	
734	17	0	0	0	0	10122224	
735	17	0	0	0	0	10122306	
736	17	0	0	0	0	10122312	
737	17	0	0	0	0	10122324	
738	17	0	0	0	0	10122406	
739	17	0	0	0	0	10122412	
740	17	0	0	0	0	10122424	
741	17	0	0	0	0	10122506	
742	17	0	0	0	0	10122512	
743	17	0	0	0	0	10122524	
744	17	0	0	0	0	10122606	
745	17	0	0	0	0	10122612	
746	17	0	0	0	0	10122624	
747	17	0	0	0	0	10122706	
748	17	0	0	0	0	10122712	
749	17	0	0	0	0	10122724	
750	17	0	0	0	0	10122806	
751	17	0	0	0	0	10122812	
752	17	0	0	0	0	10122824	
753	17	0	0	0	0	10122906	
754	17	0	0	0	0	10122912	
755	17	0	0	0	0	10122924	
756	17	0	0	0	0	10123006	
757	17	0	0	0	0	10123012	
758	17	0	0	0	0	10123024	
759	17	0	0	0	0	10123106	
760	17	0	0	0	0	10123112	
761	17	0	0	0	0	10123124	
762	17	0	0	0	0	11010106	
763	17	0	0	0	0	11010112	
764	17	0	0	0	0	11010124	
765	17	0	0	0	0	11010206	
766	17	0	0	0	0	11010212	
767	17	0	0	0	0	11010224	
768	17	0	0	0	0	11010306	
769	17	0	0	0	0	11010312	
770	17	0	0	0	0	11010324	
771	17	0	0	0	0	11010406	
772	17	0	0	0	0	11010412	
773	17	0	0	0	0	11010424	
774	17	0	0	0	0	11010506	
775	17	0	0	0	0	11010512	
776	17	0	0	0	0	11010524	
777	17	0	0	0	0	11010606	
778	17	0	0	0	0	11010612	
779	17	0	0	0	0	11010624	
780	17	0	0	0	0	11010706	
781	17	0	0	0	0	11010712	
782	17	0	0	0	0	11010724	
783	17	0	0	0	0	11010806	
784	17	0	0	0	0	11010812	
785	17	0	0	0	0	11010824	
786	17	0	0	0	0	11010906	
787	17	0	0	0	0	11010912	
788	17	0	0	0	0	11010924	
789	17	0	0	0	0	11011006	
790	17	0	0	0	0	11011012	
791	17	0	0	0	0	11011024	
792	17	0	0	0	0	11011106	
793	17	0	0	0	0	11011112	
794	17	0	0	0	0	11011124	
795	17	0	0	0	0	11011206	
796	17	0	0	0	0	11011212	
797	17	0	0	0	0	11011224	
798	17	0	0	0	0	11011306	
799	17	0	0	0	0	11011312	
800	17	0	0	0	0	11011324	
801	17	0	0	0	0	11011406	
802	17	0	0	0	0	11011412	
803	17	0	0	0	0	11011424	
804	17	0	0	0	0	11011506	
805	17	0	0	0	0	11011512	
806	17	0	0	0	0	11011524	
807	17	0	0	0	0	11011606	
808	17	0	0	0	0	11011612	
809	17	0	0	0	0	11011624	
810	17	0	0	0	0	11011706	
811	17	0	0	0	0	11011712	
812	17	0	0	0	0	11011724	
813	17	0	0	0	0	11011806	
814	17	0	0	0	0	11011812	
815	17	0	0	0	0	11011824	
816	17	0	0	0	0	11011906	
817	17	0	0	0	0	11011912	
818	17	0	0	0	0	11011924	
819	17	0	0	0	0	11012006	
820	17	0	0	0	0	11012012	
821	17	0	0	0	0	11012024	
822	17	0	0	0	0	11012106	
823	17	0	0	0	0	11012112	
824	17	0	0	0	0	11012124	
825	17	0	0	0	0	11012206	
826	17	0	0	0	0	11012212	
827	17	0	0	0	0	11012224	
828	17	0	0	0	0	11012306	
829	17	0	0	0	0	11012312	
830	17	0	0	0	0	11012324	
831	17	0	0	0	0	11012406	
832	17	0	0	0	0	11012412	
833	17	0	0	0	0	11012424	
834	17	0	0	0	0	11012506	
835	17	0	0	0	0	11012512	
836	17	0	0	0	0	11012524	
837	17	0	0	0	0	11012606	
838	17	0	0	0	0	11012612	
839	17	0	0	0	0	11012624	
840	17	0	0	0	0	11012706	
841	17	0	0	0	0	11012712	
842	17	0	0	0	0	11012724	
843	17	0	0	0	0	11012806	
844	17	0	0	0	0	11012812	
845	17	0	0	0	0	11012824	
846	17	0	0	0	0	11012906	
847	17	0	0	0	0	11012912	
848	17	0	0	0	0	11012924	
849	17	0	0	0	0	11013006	
850	17	0	0	0	0	11013012	
851	17	0	0	0	0	11013024	
852	17	0	0	0	0	11013106	
853	17	0	0	0	0	11013112	
854	17	0	0	0	0	11013124	
855	17	0	0	0	0	11020106	
856	17	0	0	0	0	11020112	
857	17	0	0	0	0	11020124	
858	17	0	0	0	0	11020206	
859	17	0	0	0	0	11020212	
860	17	0	0	0	0	11020224	
861	17	0	0	0	0	11020306	
862	17	0	0	0	0	11020312	
863	17	0	0	0	0	11020324	
864	17	0	0	0	0	11020406	
865	17	0	0	0	0	11020412	
866	17	0	0	0	0	11020424	
867	17	0	0	0	0	11020506	
868	17	0	0	0	0	11020512	
869	17	0	0	0	0	11020524	
870	17	0	0	0	0	11020606	
871	17	0	0	0	0	11020612	
872	17	0	0	0	0	11020624	
873	17	0	0	0	0	11020706	
874	17	0	0	0	0	11020712	
875	17	0	0	0	0	11020724	
876	17	0	0	0	0	11020806	
877	17	0	0	0	0	11020812	
878	17	0	0	0	0	11020824	
879	17	0	0	0	0	11020906	
880	17	0	0	0	0	11020912	
881	17	0	0	0	0	11020924	
882	17	0	0	0	0	11021006	
883	17	0	0	0	0	11021012	
884	17	0	0	0	0	11021024	
885	17	0	0	0	0	11021106	
886	17	0	0	0	0	11021112	
887	17	0	0	0	0	11021124	
888	17	0	0	0	0	11021206	
889	17	0	0	0	0	11021212	
890	17	0	0	0	0	11021224	
891	17	0	0	0	0	11021306	
892	17	0	0	0	0	11021312	
893	17	0	0	0	0	11021324	
894	17	0	0	0	0	11021406	
895	17	0	0	0	0	11021412	
896	17	0	0	0	0	11021424	
897	17	0	0	0	0	11021506	
898	17	0	0	0	0	11021512	
899	17	0	0	0	0	11021524	
900	17	0	0	0	0	11021606	
901	17	0	0	0	0	11021612	
902	17	0	0	0	0	11021624	
903	17	0	0	0	0	11021706	
904	17	0	0	0	0	11021712	
905	17	0	0	0	0	11021724	
906	17	0	0	0	0	11021806	
907	17	0	0	0	0	11021812	
908	17	0	0	0	0	11021824	
909	17	0	0	0	0	11021906	
910	17	0	0	0	0	11021912	
911	17	0	0	0	0	11021924	
912	17	0	0	0	0	11022006	
913	17	0	0	0	0	11022012	
914	17	0	0	0	0	11022024	
915	17	0	0	0	0	11022106	
916	17	0	0	0	0	11022112	
917	17	0	0	0	0	11022124	
918	17	0	0	0	0	11022206	
919	17	0	0	0	0	11022212	
920	17	0	0	0	0	11022224	
921	17	0	0	0	0	11022306	
922	17	0	0	0	0	11022312	
923	17	0	0	0	0	11022324	
924	17	0	0	0	0	11022406	
925	17	0	0	0	0	11022412	
926	17	0	0	0	0	11022424	
927	17	0	0	0	0	11022506	
928	17	0	0	0	0	11022512	
929	17	0	0	0	0	11022524	
930	17	0	0	0	0	11022606	
931	17	0	0	0	0	11022612	
932	17	0	0	0	0	11022624	
933	17	0	0	0	0	11022706	
934	17	0	0	0	0	11022712	
935	17	0	0	0	0	11022724	
936	17	0	0	0	0	11022806	
937	17	0	0	0	0	11022812	
938	17	0	0	0	0	11022824	
939	17	0	0	0	0	11030106	
940	17	0	0	0	0	11030112	
941	17	0	0	0	0	11030124	
942	17	0	0	0	0	11030206	
943	17	0	0	0	0	11030212	
944	17	0	0	0	0	11030224	
945	17	0	0	0	0	11030306	
946	17	0	0	0	0	11030312	
947	17	0	0	0	0	11030324	
948	17	0	0	0	0	11030406	
949	17	0	0	0	0	11030412	
950	17	0	0	0	0	11030424	
951	17	0	0	0	0	11030506	
952	17	0	0	0	0	11030512	
953	17	0	0	0	0	11030524	
954	17	0	0	0	0	11030606	
955	17	0	0	0	0	11030612	
956	17	0	0	0	0	11030624	
957	17	0	0	0	0	11030706	
958	17	0	0	0	0	11030712	
959	17	0	0	0	0	11030724	
960	17	0	0	0	0	11030806	
961	17	0	0	0	0	11030812	
962	17	0	0	0	0	11030824	
963	17	0	0	0	0	11030906	
964	17	0	0	0	0	11030912	
965	17	0	0	0	0	11030924	
966	17	0	0	0	0	11031006	
967	17	0	0	0	0	11031012	
968	17	0	0	0	0	11031024	
969	17	0	0	0	0	11031106	
970	17	0	0	0	0	11031112	
971	17	0	0	0	0	11031124	
972	17	0	0	0	0	11031206	
973	17	0	0	0	0	11031212	
974	17	0	0	0	0	11031224	
975	17	0	0	0	0	11031306	
976	17	0	0	0	0	11031312	
977	17	0	0	0	0	11031324	
978	17	0	0	0	0	11031406	
979	17	0	0	0	0	11031412	
980	17	0	0	0	0	11031424	
981	17	0	0	0	0	11031506	
982	17	0	0	0	0	11031512	
983	17	0	0	0	0	11031524	
984	17	0	0	0	0	11031606	
985	17	0	0	0	0	11031612	
986	17	0	0	0	0	11031624	
987	17	0	0	0	0	11031706	
988	17	0	0	0	0	11031712	
989	17	0	0	0	0	11031724	
990	17	0	0	0	0	11031806	
991	17	0	0	0	0	11031812	
992	17	0	0	0	0	11031824	
993	17	0	0	0	0	11031906	
994	17	0	0	0	0	11031912	
995	17	0	0	0	0	11031924	
996	17	0	0	0	0	11032006	
997	17	0	0	0	0	11032012	
998	17	0	0	0	0	11032024	
999	17	0	0	0	0	11032106	
1000	17	0	0	0	0	11032112	
1001	17	0	0	0	0	11032124	
1002	17	0	0	0	0	11032206	
1003	17	0	0	0	0	11032212	
1004	17	0	0	0	0	11032224	
1005	17	0	0	0	0	11032306	
1006	17	0	0	0	0	11032312	
1007	17	0	0	0	0	11032324	
1008	17	0	0	0	0	11032406	
1009	17	0	0	0	0	11032412	
1010	17	0	0	0	0	11032424	
1011	17	0	0	0	0	11032506	
1012	17	0	0	0	0	11032512	
1013	17	0	0	0	0	11032524	
1014	17	0	0	0	0	11032606	
1015	17	0	0	0	0	11032612	
1016	17	0	0	0	0	11032624	
1017	17	0	0	0	0	11032706	
1018	17	0	0	0	0	11032712	
1019	17	0	0	0	0	11032724	
1020	17	0	0	0	0	11032806	
1021	17	0	0	0	0	11032812	
1022	17	0	0	0	0	11032824	
1023	17	0	0	0	0	11032906	
1024	17	0	0	0	0	11032912	
1025	17	0	0	0	0	11032924	
1026	17	0	0	0	0	11033006	
1027	17	0	0	0	0	11033012	
1028	17	0	0	0	0	11033024	
1029	17	0	0	0	0	11033106	
1030	17	0	0	0	0	11033112	
1031	17	0	0	0	0	11033124	
1032	17	0	0	0	0	11040106	
1033	17	0	0	0	0	11040112	
1034	17	0	0	0	0	11040124	
1035	17	0	0	0	0	11040206	
1036	17	0	0	0	0	11040212	
1037	17	0	0	0	0	11040224	
1038	17	0	0	0	0	11040306	
1039	17	0	0	0	0	11040312	
1040	17	0	0	0	0	11040324	
1041	17	0	0	0	0	11040406	
1042	17	0	0	0	0	11040412	
1043	17	0	0	0	0	11040424	
1044	17	0	0	0	0	11040506	
1045	17	0	0	0	0	11040512	
1046	17	0	0	0	0	11040524	
1047	17	0	0	0	0	11040606	
1048	17	0	0	0	0	11040612	
1049	17	0	0	0	0	11040624	
1050	17	0	0	0	0	11040706	
1051	17	0	0	0	0	11040712	
1052	17	0	0	0	0	11040724	
1053	17	0	0	0	0	11040806	
1054	17	0	0	0	0	11040812	
1055	17	0	0	0	0	11040824	
1056	17	0	0	0	0	11040906	
1057	17	0	0	0	0	11040912	
1058	17	0	0	0	0	11040924	
1059	17	0	0	0	0	11041006	
1060	17	0	0	0	0	11041012	
1061	17	0	0	0	0	11041024	
1062	17	0	0	0	0	11041106	
1063	17	0	0	0	0	11041112	
1064	17	0	0	0	0	11041124	
1065	17	0	0	0	0	11041206	
1066	17	0	0	0	0	11041212	
1067	17	0	0	0	0	11041224	
1068	17	0	0	0	0	11041306	
1069	17	0	0	0	0	11041312	
1070	17	0	0	0	0	11041324	
1071	17	0	0	0	0	11041406	
1072	17	0	0	0	0	11041412	
1073	17	0	0	0	0	11041424	
1074	17	0	0	0	0	11041506	
1075	17	0	0	0	0	11041512	
1076	17	0	0	0	0	11041524	
1077	17	0	0	0	0	11041606	
1078	17	0	0	0	0	11041612	
1079	17	0	0	0	0	11041624	
1080	17	0	0	0	0	11041706	
1081	17	0	0	0	0	11041712	
1082	17	0	0	0	0	11041724	
1083	17	0	0	0	0	11041806	
1084	17	0	0	0	0	11041812	
1085	17	0	0	0	0	11041824	
1086	17	0	0	0	0	11041906	
1087	17	0	0	0	0	11041912	
1088	17	0	0	0	0	11041924	
1089	17	0	0	0	0	11042006	
1090	17	0	0	0	0	11042012	
1091	17	0	0	0	0	11042024	
1092	17	0	0	0	0	11042106	
1093	17	0	0	0	0	11042112	
1094	17	0	0	0	0	11042124	
1095	17	0	0	0	0	11042206	
1096	17	0	0	0	0	11042212	
1097	17	0	0	0	0	11042224	
1098	17	0	0	0	0	11042306	
1099	17	0	0	0	0	11042312	
1100	17	0	0	0	0	11042324	
1101	17	0	0	0	0	11042406	
1102	17	0	0	0	0	11042412	
1103	17	0	0	0	0	11042424	
1104	17	0	0	0	0	11042506	
1105	17	0	0	0	0	11042512	
1106	17	0	0	0	0	11042524	
1107	17	0	0	0	0	11042606	
1108	17	0	0	0	0	11042612	
1109	17	0	0	0	0	11042624	
1110	17	0	0	0	0	11042706	
1111	17	0	0	0	0	11042712	
1112	17	0	0	0	0	11042724	
1113	17	0	0	0	0	11042806	
1114	17	0	0	0	0	11042812	
1115	17	0	0	0	0	11042824	
1116	17	0	0	0	0	11042906	
1117	17	0	0	0	0	11042912	
1118	17	0	0	0	0	11042924	
1119	17	0	0	0	0	11043006	
1120	17	0	0	0	0	11043012	
1121	17	0	0	0	0	11043024	
1122	17	0	0	0	0	11050106	
1123	17	0	0	0	0	11050112	
1124	17	0	0	0	0	11050124	
1125	17	0	0	0	0	11050206	
1126	17	0	0	0	0	11050212	
1127	17	0	0	0	0	11050224	
1128	17	0	0	0	0	11050306	
1129	17	0	0	0	0	11050312	
1130	17	0	0	0	0	11050324	
1131	17	0	0	0	0	11050406	
1132	17	0	0	0	0	11050412	
1133	17	0	0	0	0	11050424	
1134	17	0	0	0	0	11050506	
1135	17	0	0	0	0	11050512	
1136	17	0	0	0	0	11050524	
1137	17	0	0	0	0	11050606	
1138	17	0	0	0	0	11050612	
1139	17	0	0	0	0	11050624	
1140	17	0	0	0	0	11050706	
1141	17	0	0	0	0	11050712	
1142	17	0	0	0	0	11050724	
1143	17	0	0	0	0	11050806	
1144	17	0	0	0	0	11050812	
1145	17	0	0	0	0	11050824	
1146	17	0	0	0	0	11050906	
1147	17	0	0	0	0	11050912	
1148	17	0	0	0	0	11050924	
1149	17	0	0	0	0	11051006	
1150	17	0	0	0	0	11051012	
1151	17	0	0	0	0	11051024	
1152	17	0	0	0	0	11051106	
1153	17	0	0	0	0	11051112	
1154	17	0	0	0	0	11051124	
1155	17	0	0	0	0	11051206	
1156	17	0	0	0	0	11051212	
1157	17	0	0	0	0	11051224	
1158	17	0	0	0	0	11051306	
1159	17	0	0	0	0	11051312	
1160	17	0	0	0	0	11051324	
1161	17	0	0	0	0	11051406	
1162	17	0	0	0	0	11051412	
1163	17	0	0	0	0	11051424	
1164	17	0	0	0	0	11051506	
1165	17	0	0	0	0	11051512	
1166	17	0	0	0	0	11051524	
1167	17	0	0	0	0	11051606	
1168	17	0	0	0	0	11051612	
1169	17	0	0	0	0	11051624	
1170	17	0	0	0	0	11051706	
1171	17	0	0	0	0	11051712	
1172	17	0	0	0	0	11051724	
1173	17	0	0	0	0	11051806	
1174	17	0	0	0	0	11051812	
1175	17	0	0	0	0	11051824	
1176	17	0	0	0	0	11051906	
1177	17	0	0	0	0	11051912	
1178	17	0	0	0	0	11051924	
1179	17	0	0	0	0	11052006	
1180	17	0	0	0	0	11052012	
1181	17	0	0	0	0	11052024	
1182	17	0	0	0	0	11052106	
1183	17	0	0	0	0	11052112	
1184	17	0	0	0	0	11052124	
1185	17	0	0	0	0	11052206	
1186	17	0	0	0	0	11052212	
1187	17	0	0	0	0	11052224	
1188	17	0	0	0	0	11052306	
1189	17	0	0	0	0	11052312	
1190	17	0	0	0	0	11052324	
1191	17	0	0	0	0	11052406	
1192	17	0	0	0	0	11052412	
1193	17	0	0	0	0	11052424	
1194	17	0	0	0	0	11052506	
1195	17	0	0	0	0	11052512	
1196	17	0	0	0	0	11052524	
1197	17	0	0	0	0	11052606	
1198	17	0	0	0	0	11052612	
1199	17	0	0	0	0	11052624	
1200	17	0	0	0	0	11052706	
1201	17	0	0	0	0	11052712	
1202	17	0	0	0	0	11052724	
1203	17	0	0	0	0	11052806	
1204	17	0	0	0	0	11052812	
1205	17	0	0	0	0	11052824	
1206	17	0	0	0	0	11052906	
1207	17	0	0	0	0	11052912	
1208	17	0	0	0	0	11052924	
1209	17	0	0	0	0	11053006	
1210	17	0	0	0	0	11053012	
1211	17	0	0	0	0	11053024	
1212	17	0	0	0	0	11053106	
1213	17	0	0	0	0	11053112	
1214	17	0	0	0	0	11053124	
1215	17	0	0	0	0	11060106	
1216	17	0	0	0	0	11060112	
1217	17	0	0	0	0	11060124	
1218	17	0	0	0	0	11060206	
1219	17	0	0	0	0	11060212	
1220	17	0	0	0	0	11060224	
1221	17	0	0	0	0	11060306	
1222	17	0	0	0	0	11060312	
1223	17	0	0	0	0	11060324	
1224	17	0	0	0	0	11060406	
1225	17	0	0	0	0	11060412	
1226	17	0	0	0	0	11060424	
1227	17	0	0	0	0	11060506	
1228	17	0	0	0	0	11060512	
1229	17	0	0	0	0	11060524	
1230	17	0	0	0	0	11060606	
1231	17	0	0	0	0	11060612	
1232	17	0	0	0	0	11060624	
1233	17	0	0	0	0	11060706	
1234	17	0	0	0	0	11060712	
1235	17	0	0	0	0	11060724	
1236	17	0	0	0	0	11060806	
1237	17	0	0	0	0	11060812	
1238	17	0	0	0	0	11060824	
1239	17	0	0	0	0	11060906	
1240	17	0	0	0	0	11060912	
1241	17	0	0	0	0	11060924	
1242	17	0	0	0	0	11061006	
1243	17	0	0	0	0	11061012	
1244	17	0	0	0	0	11061024	
1245	17	0	0	0	0	11061106	
1246	17	0	0	0	0	11061112	
1247	17	0	0	0	0	11061124	
1248	17	0	0	0	0	11061206	
1249	17	0	0	0	0	11061212	
1250	17	0	0	0	0	11061224	
1251	17	0	0	0	0	11061306	
1252	17	0	0	0	0	11061312	
1253	17	0	0	0	0	11061324	
1254	17	0	0	0	0	11061406	
1255	17	0	0	0	0	11061412	
1256	17	0	0	0	0	11061424	
1257	17	0	0	0	0	11061506	
1258	17	0	0	0	0	11061512	
1259	17	0	0	0	0	11061524	
1260	17	0	0	0	0	11061606	
1261	17	0	0	0	0	11061612	
1262	17	0	0	0	0	11061624	
1263	17	0	0	0	0	11061706	
1264	17	0	0	0	0	11061712	
1265	17	0	0	0	0	11061724	
1266	17	0	0	0	0	11061806	
1267	17	0	0	0	0	11061812	
1268	17	0	0	0	0	11061824	
1269	17	0	0	0	0	11061906	
1270	17	0	0	0	0	11061912	
1271	17	0	0	0	0	11061924	
1272	17	0	0	0	0	11062006	
1273	17	0	0	0	0	11062012	
1274	17	0	0	0	0	11062024	
1275	17	0	0	0	0	11062106	
1276	17	0	0	0	0	11062112	
1277	17	0	0	0	0	11062124	
1278	17	0	0	0	0	11062206	
1279	17	0	0	0	0	11062212	
1280	17	0	0	0	0	11062224	
1281	17	0	0	0	0	11062306	
1282	17	0	0	0	0	11062312	
1283	17	0	0	0	0	11062324	
1284	17	0	0	0	0	11062406	
1285	17	0	0	0	0	11062412	
1286	17	0	0	0	0	11062424	
1287	17	0	0	0	0	11062506	
1288	17	0	0	0	0	11062512	
1289	17	0	0	0	0	11062524	
1290	17	0	0	0	0	11062606	
1291	17	0	0	0	0	11062612	
1292	17	0	0	0	0	11062624	
1293	17	0	0	0	0	11062706	
1294	17	0	0	0	0	11062712	
1295	17	0	0	0	0	11062724	
1296	17	0	0	0	0	11062806	
1297	17	0	0	0	0	11062812	
1298	17	0	0	0	0	11062824	
1299	17	0	0	0	0	11062906	
1300	17	0	0	0	0	11062912	
1301	17	0	0	0	0	11062924	
1302	17	0	0	0	0	11063006	
1303	17	0	0	0	0	11063012	
1304	17	0	0	0	0	11063024	
1305	17	0	0	0	0	11070106	
1306	17	0	0	0	0	11070112	
1307	17	0	0	0	0	11070124	
1308	17	0	0	0	0	11070206	
1309	17	0	0	0	0	11070212	
1310	17	0	0	0	0	11070224	
1311	17	0	0	0	0	11070306	
1312	17	0	0	0	0	11070312	
1313	17	0	0	0	0	11070324	
1314	17	0	0	0	0	11070406	
1315	17	0	0	0	0	11070412	
1316	17	0	0	0	0	11070424	
1317	17	0	0	0	0	11070506	
1318	17	0	0	0	0	11070512	
1319	17	0	0	0	0	11070524	
1320	17	0	0	0	0	11070606	
1321	17	0	0	0	0	11070612	
1322	17	0	0	0	0	11070624	
1323	17	0	0	0	0	11070706	
1324	17	0	0	0	0	11070712	
1325	17	0	0	0	0	11070724	
1326	17	0	0	0	0	11070806	
1327	17	0	0	0	0	11070812	
1328	17	0	0	0	0	11070824	
1329	17	0	0	0	0	11070906	
1330	17	0	0	0	0	11070912	
1331	17	0	0	0	0	11070924	
1332	17	0	0	0	0	11071006	
1333	17	0	0	0	0	11071012	
1334	17	0	0	0	0	11071024	
1335	17	0	0	0	0	11071106	
1336	17	0	0	0	0	11071112	
1337	17	0	0	0	0	11071124	
1338	17	0	0	0	0	11071206	
1339	17	0	0	0	0	11071212	
1340	17	0	0	0	0	11071224	
1341	17	0	0	0	0	11071306	
1342	17	0	0	0	0	11071312	
1343	17	0	0	0	0	11071324	
1344	17	0	0	0	0	11071406	
1345	17	0	0	0	0	11071412	
1346	17	0	0	0	0	11071424	
1347	17	0	0	0	0	11071506	
1348	17	0	0	0	0	11071512	
1349	17	0	0	0	0	11071524	
1350	17	0	0	0	0	11071606	
1351	17	0	0	0	0	11071612	
1352	17	0	0	0	0	11071624	
1353	17	0	0	0	0	11071706	
1354	17	0	0	0	0	11071712	
1355	17	0	0	0	0	11071724	
1356	17	0	0	0	0	11071806	
1357	17	0	0	0	0	11071812	
1358	17	0	0	0	0	11071824	
1359	17	0	0	0	0	11071906	
1360	17	0	0	0	0	11071912	
1361	17	0	0	0	0	11071924	
1362	17	0	0	0	0	11072006	
1363	17	0	0	0	0	11072012	
1364	17	0	0	0	0	11072024	
1365	17	0	0	0	0	11072106	
1366	17	0	0	0	0	11072112	
1367	17	0	0	0	0	11072124	
1368	17	0	0	0	0	11072206	
1369	17	0	0	0	0	11072212	
1370	17	0	0	0	0	11072224	
1371	17	0	0	0	0	11072306	
1372	17	0	0	0	0	11072312	
1373	17	0	0	0	0	11072324	
1374	17	0	0	0	0	11072406	
1375	17	0	0	0	0	11072412	
1376	17	0	0	0	0	11072424	
1377	17	0	0	0	0	11072506	
1378	17	0	0	0	0	11072512	
1379	17	0	0	0	0	11072524	
1380	17	0	0	0	0	11072606	
1381	17	0	0	0	0	11072612	
1382	17	0	0	0	0	11072624	
1383	17	0	0	0	0	11072706	
1384	17	0	0	0	0	11072712	
1385	17	0	0	0	0	11072724	
1386	17	0	0	0	0	11072806	
1387	17	0	0	0	0	11072812	
1388	17	0	0	0	0	11072824	
1389	17	0	0	0	0	11072906	
1390	17	0	0	0	0	11072912	
1391	17	0	0	0	0	11072924	
1392	17	0	0	0	0	11073006	
1393	17	0	0	0	0	11073012	
1394	17	0	0	0	0	11073024	
1395	17	0	0	0	0	11073106	
1396	17	0	0	0	0	11073112	
1397	17	0	0	0	0	11073124	
1398	17	0	0	0	0	11080106	
1399	17	0	0	0	0	11080112	
1400	17	0	0	0	0	11080124	
1401	17	0	0	0	0	11080206	
1402	17	0	0	0	0	11080212	
1403	17	0	0	0	0	11080224	
1404	17	0	0	0	0	11080306	
1405	17	0	0	0	0	11080312	
1406	17	0	0	0	0	11080324	
1407	17	0	0	0	0	11080406	
1408	17	0	0	0	0	11080412	
1409	17	0	0	0	0	11080424	
1410	17	0	0	0	0	11080506	
1411	17	0	0	0	0	11080512	
1412	17	0	0	0	0	11080524	
1413	17	0	0	0	0	11080606	
1414	17	0	0	0	0	11080612	
1415	17	0	0	0	0	11080624	
1416	17	0	0	0	0	11080706	
1417	17	0	0	0	0	11080712	
1418	17	0	0	0	0	11080724	
1419	17	0	0	0	0	11080806	
1420	17	0	0	0	0	11080812	
1421	17	0	0	0	0	11080824	
1422	17	0	0	0	0	11080906	
1423	17	0	0	0	0	11080912	
1424	17	0	0	0	0	11080924	
1425	17	0	0	0	0	11081006	
1426	17	0	0	0	0	11081012	
1427	17	0	0	0	0	11081024	
1428	17	0	0	0	0	11081106	
1429	17	0	0	0	0	11081112	
1430	17	0	0	0	0	11081124	
1431	17	0	0	0	0	11081206	
1432	17	0	0	0	0	11081212	
1433	17	0	0	0	0	11081224	
1434	17	0	0	0	0	11081306	
1435	17	0	0	0	0	11081312	
1436	17	0	0	0	0	11081324	
1437	17	0	0	0	0	11081406	
1438	17	0	0	0	0	11081412	
1439	17	0	0	0	0	11081424	
1440	17	0	0	0	0	11081506	
1441	17	0	0	0	0	11081512	
1442	17	0	0	0	0	11081524	
1443	17	0	0	0	0	11081606	
1444	17	0	0	0	0	11081612	
1445	17	0	0	0	0	11081624	
1446	17	0	0	0	0	11081706	
1447	17	0	0	0	0	11081712	
1448	17	0	0	0	0	11081724	
1449	17	0	0	0	0	11081806	
1450	17	0	0	0	0	11081812	
1451	17	0	0	0	0	11081824	
1452	17	0	0	0	0	11081906	
1453	17	0	0	0	0	11081912	
1454	17	0	0	0	0	11081924	
1455	17	0	0	0	0	11082006	
1456	17	0	0	0	0	11082012	
1457	17	0	0	0	0	11082024	
1458	17	0	0	0	0	11082106	
1459	17	0	0	0	0	11082112	
1460	17	0	0	0	0	11082124	
1461	17	0	0	0	0	11082206	
1462	17	0	0	0	0	11082212	
1463	17	0	0	0	0	11082224	
1464	17	0	0	0	0	11082306	
1465	17	0	0	0	0	11082312	
1466	17	0	0	0	0	11082324	
1467	17	0	0	0	0	11082406	
1468	17	0	0	0	0	11082412	
1469	17	0	0	0	0	11082424	
1470	17	0	0	0	0	11082506	
1471	17	0	0	0	0	11082512	
1472	17	0	0	0	0	11082524	
1473	17	0	0	0	0	11082606	
1474	17	0	0	0	0	11082612	
1475	17	0	0	0	0	11082624	
1476	17	0	0	0	0	11082706	
1477	17	0	0	0	0	11082712	
1478	17	0	0	0	0	11082724	
1479	17	0	0	0	0	11082806	
1480	17	0	0	0	0	11082812	
1481	17	0	0	0	0	11082824	
1482	17	0	0	0	0	11082906	
1483	17	0	0	0	0	11082912	
1484	17	0	0	0	0	11082924	
1485	17	0	0	0	0	11083006	
1486	17	0	0	0	0	11083012	
1487	17	0	0	0	0	11083024	
1488	17	0	0	0	0	11083106	
1489	17	0	0	0	0	11083112	
1490	17	0	0	0	0	11083124	
1491	17	0	0	0	0	11090106	
1492	17	0	0	0	0	11090112	
1493	17	0	0	0	0	11090124	
1494	17	0	0	0	0	11090206	
1495	17	0	0	0	0	11090212	
1496	17	0	0	0	0	11090224	
1497	17	0	0	0	0	11090306	
1498	17	0	0	0	0	11090312	
1499	17	0	0	0	0	11090324	
1500	17	0	0	0	0	11090406	
1501	17	0	0	0	0	11090412	
1502	17	0	0	0	0	11090424	
1503	17	0	0	0	0	11090506	
1504	17	0	0	0	0	11090512	
1505	17	0	0	0	0	11090524	
1506	17	0	0	0	0	11090606	
1507	17	0	0	0	0	11090612	
1508	17	0	0	0	0	11090624	
1509	17	0	0	0	0	11090706	
1510	17	0	0	0	0	11090712	
1511	17	0	0	0	0	11090724	
1512	17	0	0	0	0	11090806	
1513	17	0	0	0	0	11090812	
1514	17	0	0	0	0	11090824	
1515	17	0	0	0	0	11090906	
1516	17	0	0	0	0	11090912	
1517	17	0	0	0	0	11090924	
1518	17	0	0	0	0	11091006	
1519	17	0	0	0	0	11091012	
1520	17	0	0	0	0	11091024	
1521	17	0	0	0	0	11091106	
1522	17	0	0	0	0	11091112	
1523	17	0	0	0	0	11091124	
1524	17	0	0	0	0	11091206	
1525	17	0	0	0	0	11091212	
1526	17	0	0	0	0	11091224	
1527	17	0	0	0	0	11091306	
1528	17	0	0	0	0	11091312	
1529	17	0	0	0	0	11091324	
1530	17	0	0	0	0	11091406	
1531	17	0	0	0	0	11091412	
1532	17	0	0	0	0	11091424	
1533	17	0	0	0	0	11091506	
1534	17	0	0	0	0	11091512	
1535	17	0	0	0	0	11091524	
1536	17	0	0	0	0	11091606	
1537	17	0	0	0	0	11091612	
1538	17	0	0	0	0	11091624	
1539	17	0	0	0	0	11091706	
1540	17	0	0	0	0	11091712	
1541	17	0	0	0	0	11091724	
1542	17	0	0	0	0	11091806	
1543	17	0	0	0	0	11091812	
1544	17	0	0	0	0	11091824	
1545	17	0	0	0	0	11091906	
1546	17	0	0	0	0	11091912	
1547	17	0	0	0	0	11091924	
1548	17	0	0	0	0	11092006	
1549	17	0	0	0	0	11092012	
1550	17	0	0	0	0	11092024	
1551	17	0	0	0	0	11092106	
1552	17	0	0	0	0	11092112	
1553	17	0	0	0	0	11092124	
1554	17	0	0	0	0	11092206	
1555	17	0	0	0	0	11092212	
1556	17	0	0	0	0	11092224	
1557	17	0	0	0	0	11092306	
1558	17	0	0	0	0	11092312	
1559	17	0	0	0	0	11092324	
1560	17	0	0	0	0	11092406	
1561	17	0	0	0	0	11092412	
1562	17	0	0	0	0	11092424	
1563	17	0	0	0	0	11092506	
1564	17	0	0	0	0	11092512	
1565	17	0	0	0	0	11092524	
1566	17	0	0	0	0	11092606	
1567	17	0	0	0	0	11092612	
1568	17	0	0	0	0	11092624	
1569	17	0	0	0	0	11092706	
1570	17	0	0	0	0	11092712	
1571	17	0	0	0	0	11092724	
1572	17	0	0	0	0	11092806	
1573	17	0	0	0	0	11092812	
1574	17	0	0	0	0	11092824	
1575	17	0	0	0	0	11092906	
1576	17	0	0	0	0	11092912	
1577	17	0	0	0	0	11092924	
1578	17	0	0	0	0	11093006	
1579	17	0	0	0	0	11093012	
1580	17	0	0	0	0	11093024	
1581	17	0	0	0	0	11100106	
1582	17	0	0	0	0	11100112	
1583	17	0	0	0	0	11100124	
1584	17	0	0	0	0	11100206	
1585	17	0	0	0	0	11100212	
1586	17	0	0	0	0	11100224	
1587	17	0	0	0	0	11100306	
1588	17	0	0	0	0	11100312	
1589	17	0	0	0	0	11100324	
1590	17	0	0	0	0	11100406	
1591	17	0	0	0	0	11100412	
1592	17	0	0	0	0	11100424	
1593	17	0	0	0	0	11100506	
1594	17	0	0	0	0	11100512	
1595	17	0	0	0	0	11100524	
1596	17	0	0	0	0	11100606	
1597	17	0	0	0	0	11100612	
1598	17	0	0	0	0	11100624	
1599	17	0	0	0	0	11100706	
1600	17	0	0	0	0	11100712	
1601	17	0	0	0	0	11100724	
1602	17	0	0	0	0	11100806	
1603	17	0	0	0	0	11100812	
1604	17	0	0	0	0	11100824	
1605	17	0	0	0	0	11100906	
1606	17	0	0	0	0	11100912	
1607	17	0	0	0	0	11100924	
1608	17	0	0	0	0	11101006	
1609	17	0	0	0	0	11101012	
1610	17	0	0	0	0	11101024	
1611	17	0	0	0	0	11101106	
1612	17	0	0	0	0	11101112	
1613	17	0	0	0	0	11101124	
1614	17	0	0	0	0	11101206	
1615	17	0	0	0	0	11101212	
1616	17	0	0	0	0	11101224	
1617	17	0	0	0	0	11101306	
1618	17	0	0	0	0	11101312	
1619	17	0	0	0	0	11101324	
1620	17	0	0	0	0	11101406	
1621	17	0	0	0	0	11101412	
1622	17	0	0	0	0	11101424	
1623	17	0	0	0	0	11101506	
1624	17	0	0	0	0	11101512	
1625	17	0	0	0	0	11101524	
1626	17	0	0	0	0	11101606	
1627	17	0	0	0	0	11101612	
1628	17	0	0	0	0	11101624	
1629	17	0	0	0	0	11101706	
1630	17	0	0	0	0	11101712	
1631	17	0	0	0	0	11101724	
1632	17	0	0	0	0	11101806	
1633	17	0	0	0	0	11101812	
1634	17	0	0	0	0	11101824	
1635	17	0	0	0	0	11101906	
1636	17	0	0	0	0	11101912	
1637	17	0	0	0	0	11101924	
1638	17	0	0	0	0	11102006	
1639	17	0	0	0	0	11102012	
1640	17	0	0	0	0	11102024	
1641	17	0	0	0	0	11102106	
1642	17	0	0	0	0	11102112	
1643	17	0	0	0	0	11102124	
1644	17	0	0	0	0	11102206	
1645	17	0	0	0	0	11102212	
1646	17	0	0	0	0	11102224	
1647	17	0	0	0	0	11102306	
1648	17	0	0	0	0	11102312	
1649	17	0	0	0	0	11102324	
1650	17	0	0	0	0	11102406	
1651	17	0	0	0	0	11102412	
1652	17	0	0	0	0	11102424	
1653	17	0	0	0	0	11102506	
1654	17	0	0	0	0	11102512	
1655	17	0	0	0	0	11102524	
1656	17	0	0	0	0	11102606	
1657	17	0	0	0	0	11102612	
1658	17	0	0	0	0	11102624	
1659	17	0	0	0	0	11102706	
1660	17	0	0	0	0	11102712	
1661	17	0	0	0	0	11102724	
1662	17	0	0	0	0	11102806	
1663	17	0	0	0	0	11102812	
1664	17	0	0	0	0	11102824	
1665	17	0	0	0	0	11102906	
1666	17	0	0	0	0	11102912	
1667	17	0	0	0	0	11102924	
1668	17	0	0	0	0	11103006	
1669	17	0	0	0	0	11103012	
1670	17	0	0	0	0	11103024	
1671	17	0	0	0	0	11103106	
1672	17	0	0	0	0	11103112	
1673	17	0	0	0	0	11103124	
1674	17	0	0	0	0	11110106	
1675	17	0	0	0	0	11110112	
1676	17	0	0	0	0	11110124	
1677	17	0	0	0	0	11110206	
1678	17	0	0	0	0	11110212	
1679	17	0	0	0	0	11110224	
1680	17	0	0	0	0	11110306	
1681	17	0	0	0	0	11110312	
1682	17	0	0	0	0	11110324	
1683	17	0	0	0	0	11110406	
1684	17	0	0	0	0	11110412	
1685	17	0	0	0	0	11110424	
1686	17	0	0	0	0	11110506	
1687	17	0	0	0	0	11110512	
1688	17	0	0	0	0	11110524	
1689	17	0	0	0	0	11110606	
1690	17	0	0	0	0	11110612	
1691	17	0	0	0	0	11110624	
1692	17	0	0	0	0	11110706	
1693	17	0	0	0	0	11110712	
1694	17	0	0	0	0	11110724	
1695	17	0	0	0	0	11110806	
1696	17	0	0	0	0	11110812	
1697	17	0	0	0	0	11110824	
1698	17	0	0	0	0	11110906	
1699	17	0	0	0	0	11110912	
1700	17	0	0	0	0	11110924	
1701	17	0	0	0	0	11111006	
1702	17	0	0	0	0	11111012	
1703	17	0	0	0	0	11111024	
1704	17	0	0	0	0	11111106	
1705	17	0	0	0	0	11111112	
1706	17	0	0	0	0	11111124	
1707	17	0	0	0	0	11111206	
1708	17	0	0	0	0	11111212	
1709	17	0	0	0	0	11111224	
1710	17	0	0	0	0	11111306	
1711	17	0	0	0	0	11111312	
1712	17	0	0	0	0	11111324	
1713	17	0	0	0	0	11111406	
1714	17	0	0	0	0	11111412	
1715	17	0	0	0	0	11111424	
1716	17	0	0	0	0	11111506	
1717	17	0	0	0	0	11111512	
1718	17	0	0	0	0	11111524	
1719	17	0	0	0	0	11111606	
1720	17	0	0	0	0	11111612	
1721	17	0	0	0	0	11111624	
1722	17	0	0	0	0	11111706	
1723	17	0	0	0	0	11111712	
1724	17	0	0	0	0	11111724	
1725	17	0	0	0	0	11111806	
1726	17	0	0	0	0	11111812	
1727	17	81264640	0.07568359375	81264640	0.07568359375	11111824	
1728	17	0	0	81264640	0.07568359375	11111906	
1729	17	0	0	81264640	0.07568359375	11111912	
1730	17	0	0	81264640	0.07568359375	11111924	
1731	17	0	0	81264640	0.07568359375	11112006	
1732	17	0	0	81264640	0.07568359375	11112012	
1733	17	4194304	0.00390625	85458944	0.07958984375	11112024	
1734	17	0	0.00390625	85458944	0.07958984375	11112106	
1735	17	0	0.00390625	85458944	0.07958984375	11112112	
1736	17	0	0.00390625	85458944	0.07958984375	11112124	
1737	17	0	0.00390625	85458944	0.07958984375	11112206	
1738	17	0	0.00390625	85458944	0.07958984375	11112212	
1739	17	6081740.8	0.0095703125	91540684.8	0.08525390625	11112224	
1740	17	0	0.0095703125	91540684.8	0.08525390625	11112306	
1741	17	0	0.0095703125	91540684.8	0.08525390625	11112312	
1742	17	0	0.0095703125	91540684.8	0.08525390625	11112324	
1743	17	0	0.0095703125	91540684.8	0.08525390625	11112406	
1744	17	0	0.0095703125	91540684.8	0.08525390625	11112412	
1745	17	0	0.0095703125	91540684.8	0.08525390625	11112424	
1746	17	0	0.0095703125	91540684.8	0.08525390625	11112506	
1747	17	0	0.0095703125	91540684.8	0.08525390625	11112512	
1748	17	0	0.0095703125	91540684.8	0.08525390625	11112524	
1749	17	0	0.0095703125	91540684.8	0.08525390625	11112606	
1750	17	0	0.0095703125	91540684.8	0.08525390625	11112612	
1751	17	0	0.0095703125	91540684.8	0.08525390625	11112624	
1752	17	0	0.0095703125	91540684.8	0.08525390625	11112706	
1753	17	0	0.0095703125	91540684.8	0.08525390625	11112712	
1754	17	0	0.0095703125	91540684.8	0.08525390625	11112724	
1755	17	0	0.0095703125	91540684.8	0.08525390625	11112806	
1756	17	0	0.0095703125	91540684.8	0.08525390625	11112812	
1757	17	0	0.0095703125	91540684.8	0.08525390625	11112824	
1758	17	0	0.0095703125	91540684.8	0.08525390625	11112906	
1759	17	0	0.0095703125	91540684.8	0.08525390625	11112912	
1760	17	0	0.0095703125	91540684.8	0.08525390625	11112924	
1761	17	0	0.0095703125	91540684.8	0.08525390625	11113006	
1762	17	0	0.0095703125	91540684.8	0.08525390625	11113012	
1763	17	0	0.0095703125	91540684.8	0.08525390625	11113024	
1764	17	0	0.0095703125	91540684.8	0.08525390625	11120106	
1765	17	-5242880	0.0046875	86297804.8	0.08037109375	11120112	
1766	17	6186598.40000001	0.01044921875	92484403.2	0.0861328125	11120124	
1767	17	0	0.01044921875	92484403.2	0.0861328125	11120206	
1768	17	0	0.01044921875	92484403.2	0.0861328125	11120212	
1769	17	-6186598.40000001	0.0046875	86297804.8	0.08037109375	11120224	
1770	17	0	0.0046875	86297804.8	0.08037109375	11120306	
1771	17	0	0.0046875	86297804.8	0.08037109375	11120312	
1772	17	0	0.0046875	86297804.8	0.08037109375	11120324	
1773	17	0	0.0046875	86297804.8	0.08037109375	11120406	
1774	17	0	0.0046875	86297804.8	0.08037109375	11120412	
1775	17	0	0.0046875	86297804.8	0.08037109375	11120424	
1776	17	0	0.0046875	86297804.8	0.08037109375	11120506	
1777	17	0	0.0046875	86297804.8	0.08037109375	11120512	
1778	17	0	0.0046875	86297804.8	0.08037109375	11120524	
1779	17	0	0.0046875	86297804.8	0.08037109375	11120606	
1780	17	0	0.0046875	86297804.8	0.08037109375	11120612	
1781	17	0	0.0046875	86297804.8	0.08037109375	11120624	
1782	17	0	0.0046875	86297804.8	0.08037109375	11120706	
1783	17	10590617.6	0.01455078125	96888422.4	0.090234375	11120712	
1784	17	419430.399999991	0.01494140625	97307852.8	0.090625	11120724	
1785	17	0	0.01494140625	97307852.8	0.090625	11120806	
1786	17	0	0.01494140625	97307852.8	0.090625	11120812	
1787	17	0	0.01494140625	97307852.8	0.090625	11120824	
1788	17	0	0.01494140625	97307852.8	0.090625	11120906	
1789	17	0	0.01494140625	97307852.8	0.090625	11120912	
1790	17	-419430.399999991	0.01455078125	96888422.4	0.090234375	11120924	
1791	17	0	0.01455078125	96888422.4	0.090234375	11121006	
1792	17	0	0.01455078125	96888422.4	0.090234375	11121012	
1793	17	0	0.01455078125	96888422.4	0.090234375	11121024	
1794	17	0	0.01455078125	96888422.4	0.090234375	11121106	
1795	17	0	0.01455078125	96888422.4	0.090234375	11121112	
1796	17	0	0.01455078125	96888422.4	0.090234375	11121124	
1797	17	0	0.01455078125	96888422.4	0.090234375	11121206	
1798	17	0	0.01455078125	96888422.4	0.090234375	11121212	
1799	17	0	0.01455078125	96888422.4	0.090234375	11121224	
1800	17	0	0.01455078125	96888422.4	0.090234375	11121306	
1801	17	0	0.01455078125	96888422.4	0.090234375	11121312	
1802	17	0	0.01455078125	96888422.4	0.090234375	11121324	
1803	17	0	0.01455078125	96888422.4	0.090234375	11121406	
1804	17	0	0.01455078125	96888422.4	0.090234375	11121412	
1805	17	10066329.6	0.02392578125	106954752	0.099609375	11121424	
1806	17	0	0.02392578125	106954752	0.099609375	11121506	
1807	17	0	0.02392578125	106954752	0.099609375	11121512	
1808	17	0	0.02392578125	106954752	0.099609375	11121524	
1809	17	0	0.02392578125	106954752	0.099609375	11121606	
1810	17	-10066329.6	0.01455078125	96888422.4	0.090234375	11121612	
1811	17	10066329.6	0.02392578125	106954752	0.099609375	11121624	
1812	17	0	0.02392578125	106954752	0.099609375	11121706	
1813	17	0	0.02392578125	106954752	0.099609375	11121712	
1814	17	0	0.02392578125	106954752	0.099609375	11121724	
1815	17	0	0.02392578125	106954752	0.099609375	11121806	
1816	17	0	0.02392578125	106954752	0.099609375	11121812	
1817	17	0	0.02392578125	106954752	0.099609375	11121824	
1818	17	0	0.02392578125	106954752	0.099609375	11121906	
1819	17	0	0.02392578125	106954752	0.099609375	11121912	
1820	17	0	0.02392578125	106954752	0.099609375	11121924	
1821	17	0	0.02392578125	106954752	0.099609375	11122006	
1822	17	0	0.02392578125	106954752	0.099609375	11122012	
1823	17	0	0.02392578125	106954752	0.099609375	11122024	
1824	17	0	0.02392578125	106954752	0.099609375	11122106	
1825	17	0	0.02392578125	106954752	0.099609375	11122112	
1826	17	0	0	106954752	0.099609375	11122124	
1827	17	0	0	106954752	0.099609375	11122206	
1828	17	0	0	106954752	0.099609375	11122212	
1829	17	0	0	106954752	0.099609375	11122224	
1830	17	0	0	106954752	0.099609375	11122306	
1831	17	0	0	106954752	0.099609375	11122312	
1832	17	0	0	106954752	0.099609375	11122324	
1833	17	0	0	106954752	0.099609375	11122406	
1834	17	0	0	106954752	0.099609375	11122412	
1835	17	0	0	106954752	0.099609375	11122424	
1836	17	0	0	106954752	0.099609375	11122506	
1837	17	0	0	106954752	0.099609375	11122512	
1838	17	0	0	106954752	0.099609375	11122524	
1839	17	0	0	106954752	0.099609375	11122606	
1840	17	0	0	106954752	0.099609375	11122612	
1841	17	0	0	106954752	0.099609375	11122624	
1842	17	0	0	106954752	0.099609375	11122706	
1843	17	0	0	106954752	0.099609375	11122712	
1844	17	0	0	106954752	0.099609375	11122724	
1845	17	0	0	106954752	0.099609375	11122806	
1846	17	0	0	106954752	0.099609375	11122812	
1847	17	0	0	106954752	0.099609375	11122824	
1848	17	0	0	106954752	0.099609375	11122906	
1849	17	0	0	106954752	0.099609375	11122912	
1850	17	0	0	106954752	0.099609375	11122924	
1851	17	0	0	106954752	0.099609375	11123006	
1852	17	0	0	106954752	0.099609375	11123012	
1853	17	0	0	106954752	0.099609375	11123024	
1854	17	0	0	106954752	0.099609375	11123106	
1855	17	0	0	106954752	0.099609375	11123112	
1856	17	0	0	106954752	0.099609375	11123124	
1857	17	0	0	106954752	0.099609375	12010106	
1858	17	0	0	106954752	0.099609375	12010112	
1859	17	0	0	106954752	0.099609375	12010124	
1860	17	0	0	106954752	0.099609375	12010206	
1861	17	0	0	106954752	0.099609375	12010212	
1862	17	0	0	106954752	0.099609375	12010224	
1863	17	0	0	106954752	0.099609375	12010306	
1864	17	0	0	106954752	0.099609375	12010312	
1865	17	0	0	106954752	0.099609375	12010324	
1866	17	0	0	106954752	0.099609375	12010406	
1867	17	0	0	106954752	0.099609375	12010412	
1868	17	0	0	106954752	0.099609375	12010424	
1869	17	0	0	106954752	0.099609375	12010506	
1870	17	0	0	106954752	0.099609375	12010512	
1871	17	0	0	106954752	0.099609375	12010524	
1872	17	0	0	106954752	0.099609375	12010606	
1873	17	0	0	106954752	0.099609375	12010612	
1874	17	0	0	106954752	0.099609375	12010624	
1875	17	0	0	106954752	0.099609375	12010706	
1876	17	0	0	106954752	0.099609375	12010712	
1877	17	0	0	106954752	0.099609375	12010724	
1878	17	0	0	106954752	0.099609375	12010806	
1879	17	0	0	106954752	0.099609375	12010812	
1880	17	0	0	106954752	0.099609375	12010824	
1881	17	0	0	106954752	0.099609375	12010906	
1882	17	0	0	106954752	0.099609375	12010912	
1883	17	0	0	106954752	0.099609375	12010924	
1884	17	0	0	106954752	0.099609375	12011006	
1885	17	0	0	106954752	0.099609375	12011012	
1886	17	0	0	106954752	0.099609375	12011024	
1887	17	0	0	106954752	0.099609375	12011106	
1888	17	0	0	106954752	0.099609375	12011112	
1889	17	0	0	106954752	0.099609375	12011124	
1890	17	0	0	106954752	0.099609375	12011206	
1891	17	0	0	106954752	0.099609375	12011212	
1892	17	0	0	106954752	0.099609375	12011224	
1893	17	0	0	106954752	0.099609375	12011306	
1894	17	0	0	106954752	0.099609375	12011312	
1895	17	0	0	106954752	0.099609375	12011324	
1896	17	0	0	106954752	0.099609375	12011406	
1897	17	0	0	106954752	0.099609375	12011412	
1898	17	0	0	106954752	0.099609375	12011424	
1899	17	0	0	106954752	0.099609375	12011506	
1900	17	0	0	106954752	0.099609375	12011512	
1901	17	0	0	106954752	0.099609375	12011524	
1902	17	0	0	106954752	0.099609375	12011606	
1903	17	0	0	106954752	0.099609375	12011612	
1904	17	0	0	106954752	0.099609375	12011624	
1905	17	0	0	106954752	0.099609375	12011706	
1906	17	0	0	106954752	0.099609375	12011712	
1907	17	0	0	106954752	0.099609375	12011724	
1908	17	0	0	106954752	0.099609375	12011806	
1909	17	0	0	106954752	0.099609375	12011812	
1910	17	0	0	106954752	0.099609375	12011824	
1911	17	0	0	106954752	0.099609375	12011906	
1912	17	0	0	106954752	0.099609375	12011912	
1913	17	0	0	106954752	0.099609375	12011924	
1914	17	0	0	106954752	0.099609375	12012006	
1915	17	0	0	106954752	0.099609375	12012012	
1916	17	0	0	106954752	0.099609375	12012024	
1917	17	0	0	106954752	0.099609375	12012106	
1918	17	0	0	106954752	0.099609375	12012112	
1919	17	0	0	106954752	0.099609375	12012124	
1920	17	0	0	106954752	0.099609375	12012206	
1921	17	0	0	106954752	0.099609375	12012212	
1922	17	0	0	106954752	0.099609375	12012224	
1923	17	0	0	106954752	0.099609375	12012306	
1924	17	0	0	106954752	0.099609375	12012312	
1925	17	0	0	106954752	0.099609375	12012324	
1926	17	0	0	106954752	0.099609375	12012406	
1927	17	0	0	106954752	0.099609375	12012412	
1928	17	0	0	106954752	0.099609375	12012424	
1929	17	0	0	106954752	0.099609375	12012506	
1930	17	0	0	106954752	0.099609375	12012512	
1931	17	0	0	106954752	0.099609375	12012524	
1932	17	0	0	106954752	0.099609375	12012606	
1933	17	0	0	106954752	0.099609375	12012612	
1934	17	0	0	106954752	0.099609375	12012624	
1935	17	0	0	106954752	0.099609375	12012706	
1936	17	0	0	106954752	0.099609375	12012712	
1937	17	0	0	106954752	0.099609375	12012724	
1938	17	0	0	106954752	0.099609375	12012806	
1939	17	0	0	106954752	0.099609375	12012812	
1940	17	0	0	106954752	0.099609375	12012824	
1941	17	0	0	106954752	0.099609375	12012906	
1942	17	0	0	106954752	0.099609375	12012912	
1943	17	0	0	106954752	0.099609375	12012924	
1944	17	0	0	106954752	0.099609375	12013006	
1945	17	0	0	106954752	0.099609375	12013012	
1946	17	0	0	106954752	0.099609375	12013024	
1947	17	0	0	106954752	0.099609375	12013106	
1948	17	0	0	106954752	0.099609375	12013112	
1949	17	0	0	106954752	0.099609375	12013124	
1950	17	0	0	106954752	0.099609375	12020106	
1951	17	0	0	106954752	0.099609375	12020112	
1952	17	0	0	106954752	0.099609375	12020124	
1953	17	0	0	106954752	0.099609375	12020206	
1954	17	0	0	106954752	0.099609375	12020212	
1955	17	0	0	106954752	0.099609375	12020224	
1956	17	0	0	106954752	0.099609375	12020306	
1957	17	0	0	106954752	0.099609375	12020312	
1958	17	0	0	106954752	0.099609375	12020324	
1959	17	0	0	106954752	0.099609375	12020406	
1960	17	0	0	106954752	0.099609375	12020412	
1961	17	0	0	106954752	0.099609375	12020424	
1962	17	0	0	106954752	0.099609375	12020506	
1963	17	0	0	106954752	0.099609375	12020512	
1964	17	0	0	106954752	0.099609375	12020524	
1965	17	0	0	106954752	0.099609375	12020606	
1966	17	0	0	106954752	0.099609375	12020612	
1967	17	0	0	106954752	0.099609375	12020624	
1968	17	0	0	106954752	0.099609375	12020706	
1969	17	0	0	106954752	0.099609375	12020712	
1970	17	0	0	106954752	0.099609375	12020724	
1971	17	0	0	106954752	0.099609375	12020806	
1972	17	0	0	106954752	0.099609375	12020812	
1973	17	0	0	106954752	0.099609375	12020824	
1974	17	0	0	106954752	0.099609375	12020906	
1975	17	0	0	106954752	0.099609375	12020912	
1976	17	0	0	106954752	0.099609375	12020924	
1977	17	0	0	106954752	0.099609375	12021006	
1978	17	0	0	106954752	0.099609375	12021012	
1979	17	0	0	106954752	0.099609375	12021024	
1980	17	0	0	106954752	0.099609375	12021106	
1981	17	0	0	106954752	0.099609375	12021112	
1982	17	0	0	106954752	0.099609375	12021124	
1983	17	0	0	106954752	0.099609375	12021206	
1984	17	0	0	106954752	0.099609375	12021212	
1985	17	0	0	106954752	0.099609375	12021224	
1986	17	0	0	106954752	0.099609375	12021306	
1987	17	0	0	106954752	0.099609375	12021312	
1988	17	0	0	106954752	0.099609375	12021324	
1989	17	0	0	106954752	0.099609375	12021406	
1990	17	0	0	106954752	0.099609375	12021412	
1991	17	0	0	106954752	0.099609375	12021424	
1992	17	0	0	106954752	0.099609375	12021506	
1993	17	0	0	106954752	0.099609375	12021512	
1994	17	0	0	106954752	0.099609375	12021524	
1995	17	0	0	106954752	0.099609375	12021606	
1996	17	0	0	106954752	0.099609375	12021612	
1997	17	0	0	106954752	0.099609375	12021624	
1998	17	0	0	106954752	0.099609375	12021706	
1999	17	0	0	106954752	0.099609375	12021712	
2000	17	0	0	106954752	0.099609375	12021724	
2001	17	0	0	106954752	0.099609375	12021806	
2002	17	0	0	106954752	0.099609375	12021812	
2003	17	0	0	106954752	0.099609375	12021824	
2004	17	0	0	106954752	0.099609375	12021906	
2005	17	0	0	106954752	0.099609375	12021912	
2006	17	0	0	106954752	0.099609375	12021924	
2007	17	0	0	106954752	0.099609375	12022006	
2008	17	0	0	106954752	0.099609375	12022012	
2009	17	0	0	106954752	0.099609375	12022024	
2010	17	0	0	106954752	0.099609375	12022106	
2011	17	0	0	106954752	0.099609375	12022112	
2012	17	0	0	106954752	0.099609375	12022124	
2013	17	0	0	106954752	0.099609375	12022206	
2014	17	0	0	106954752	0.099609375	12022212	
2015	17	0	0	106954752	0.099609375	12022224	
2016	17	0	0	106954752	0.099609375	12022306	
2017	17	0	0	106954752	0.099609375	12022312	
2018	17	0	0	106954752	0.099609375	12022324	
2019	17	0	0	106954752	0.099609375	12022406	
2020	17	0	0	106954752	0.099609375	12022412	
2021	17	0	0	106954752	0.099609375	12022424	
2022	17	0	0	106954752	0.099609375	12022506	
2023	17	0	0	106954752	0.099609375	12022512	
2024	17	0	0	106954752	0.099609375	12022524	
2025	17	0	0	106954752	0.099609375	12022606	
2026	17	0	0	106954752	0.099609375	12022612	
2027	17	0	0	106954752	0.099609375	12022624	
2028	17	0	0	106954752	0.099609375	12022706	
2029	17	0	0	106954752	0.099609375	12022712	
2030	17	0	0	106954752	0.099609375	12022724	
2031	17	0	0	106954752	0.099609375	12022806	
2032	17	0	0	106954752	0.099609375	12022812	
2033	17	0	0	106954752	0.099609375	12022824	
2034	17	0	0	106954752	0.099609375	12022906	
2035	17	0	0	106954752	0.099609375	12022912	
2036	17	0	0	106954752	0.099609375	12022924	
2037	17	0	0	106954752	0.099609375	12030106	
2038	17	0	0	106954752	0.099609375	12030112	
2039	17	0	0	106954752	0.099609375	12030124	
2040	17	0	0	106954752	0.099609375	12030206	
2041	17	0	0	106954752	0.099609375	12030212	
2042	17	0	0	106954752	0.099609375	12030224	
2043	17	0	0	106954752	0.099609375	12030306	
2044	17	0	0	106954752	0.099609375	12030312	
2045	17	0	0	106954752	0.099609375	12030324	
2046	17	0	0	106954752	0.099609375	12030406	
2047	17	0	0	106954752	0.099609375	12030412	
2048	17	0	0	106954752	0.099609375	12030424	
2049	17	0	0	106954752	0.099609375	12030506	
2050	17	0	0	106954752	0.099609375	12030512	
2051	17	0	0	106954752	0.099609375	12030524	
2052	17	0	0	106954752	0.099609375	12030606	
2053	17	0	0	106954752	0.099609375	12030612	
2054	17	0	0	106954752	0.099609375	12030624	
2055	17	0	0	106954752	0.099609375	12030706	
2056	17	0	0	106954752	0.099609375	12030712	
2057	17	0	0	106954752	0.099609375	12030724	
2058	17	0	0	106954752	0.099609375	12030806	
2059	17	0	0	106954752	0.099609375	12030812	
2060	17	0	0	106954752	0.099609375	12030824	
2061	17	0	0	106954752	0.099609375	12030906	
2062	17	0	0	106954752	0.099609375	12030912	
2063	17	0	0	106954752	0.099609375	12030924	
2064	17	0	0	106954752	0.099609375	12031006	
2065	17	0	0	106954752	0.099609375	12031012	
2066	17	0	0	106954752	0.099609375	12031024	
2067	17	0	0	106954752	0.099609375	12031106	
2068	17	0	0	106954752	0.099609375	12031112	
2069	17	0	0	106954752	0.099609375	12031124	
2070	17	0	0	106954752	0.099609375	12031206	
2071	17	0	0	106954752	0.099609375	12031212	
2072	17	-106949120	-0.0756783485412598	5632	5.24520874023438e-06	12031224	
2073	17	0	-0.0756783485412598	5632	5.24520874023438e-06	12031306	
2074	17	0	-0.0756783485412598	5632	5.24520874023438e-06	12031312	
2075	17	0	-0.0756783485412598	5632	5.24520874023438e-06	12031324	
2076	17	0	-0.0756783485412598	5632	5.24520874023438e-06	12031406	
2077	17	0	-0.0756783485412598	5632	5.24520874023438e-06	12031412	
2078	17	0	-0.0756783485412598	5632	5.24520874023438e-06	12031424	
2079	17	0	-0.0756783485412598	5632	5.24520874023438e-06	12031506	
2080	17	0	-0.0756783485412598	5632	5.24520874023438e-06	12031512	
2081	17	0	-0.0756783485412598	5632	5.24520874023438e-06	12031524	
2082	17	0	-0.0756783485412598	5632	5.24520874023438e-06	12031606	
2083	17	0	-0.0756783485412598	5632	5.24520874023438e-06	12031612	
2084	17	0	-0.0756783485412598	5632	5.24520874023438e-06	12031624	
2085	17	0	-0.0756783485412598	5632	5.24520874023438e-06	12031706	
2086	17	0	-0.0756783485412598	5632	5.24520874023438e-06	12031712	
2087	17	0	-0.0756783485412598	5632	5.24520874023438e-06	12031724	
2088	17	0	-0.0756783485412598	5632	5.24520874023438e-06	12031806	
2089	17	0	-0.0756783485412598	5632	5.24520874023438e-06	12031812	
2090	17	0	-0.0756783485412598	5632	5.24520874023438e-06	12031824	
2091	17	0	-0.0756783485412598	5632	5.24520874023438e-06	12031906	
2092	17	0	-0.0756783485412598	5632	5.24520874023438e-06	12031912	
2093	17	0	-0.0756783485412598	5632	5.24520874023438e-06	12031924	
2094	17	0	-0.0756783485412598	5632	5.24520874023438e-06	12032006	
2095	17	0	-0.0756783485412598	5632	5.24520874023438e-06	12032012	
2096	17	0	-0.0756783485412598	5632	5.24520874023438e-06	12032024	
2097	17	0	-0.0756783485412598	5632	5.24520874023438e-06	12032106	
2098	17	0	-0.0756783485412598	5632	5.24520874023438e-06	12032112	
2099	17	0	-0.0756783485412598	5632	5.24520874023438e-06	12032124	
2100	17	0	-0.0756783485412598	5632	5.24520874023438e-06	12032206	
2101	17	0	-0.0756783485412598	5632	5.24520874023438e-06	12032212	
2102	17	0	-0.0756783485412598	5632	5.24520874023438e-06	12032224	
2103	17	0	-0.0756783485412598	5632	5.24520874023438e-06	12032306	
2104	17	0	-0.0756783485412598	5632	5.24520874023438e-06	12032312	
2105	17	0	-0.0756783485412598	5632	5.24520874023438e-06	12032324	
2106	17	0	-0.0756783485412598	5632	5.24520874023438e-06	12032406	
2107	17	0	-0.0756783485412598	5632	5.24520874023438e-06	12032412	
2108	17	0	-0.0756783485412598	5632	5.24520874023438e-06	12032424	
2109	17	0	-0.0756783485412598	5632	5.24520874023438e-06	12032506	
2110	17	0	-0.0756783485412598	5632	5.24520874023438e-06	12032512	
2111	17	0	-0.0756783485412598	5632	5.24520874023438e-06	12032524	
2112	17	0	-0.0756783485412598	5632	5.24520874023438e-06	12032606	
2113	17	0	-0.0756783485412598	5632	5.24520874023438e-06	12032612	
2114	17	0	-0.0756783485412598	5632	5.24520874023438e-06	12032624	
2115	17	0	-0.0756783485412598	5632	5.24520874023438e-06	12032706	
2116	17	0	-0.0756783485412598	5632	5.24520874023438e-06	12032712	
2117	17	0	-0.0756783485412598	5632	5.24520874023438e-06	12032724	
2118	17	0	-0.0756783485412598	5632	5.24520874023438e-06	12032806	
2119	17	0	-0.0756783485412598	5632	5.24520874023438e-06	12032812	
2120	17	0	-0.0756783485412598	5632	5.24520874023438e-06	12032824	
2121	17	0	-0.0756783485412598	5632	5.24520874023438e-06	12032906	
2122	17	0	-0.0756783485412598	5632	5.24520874023438e-06	12032912	
2123	17	0	-0.0756783485412598	5632	5.24520874023438e-06	12032924	
2124	17	0	-0.0756783485412598	5632	5.24520874023438e-06	12033006	
2125	17	0	-0.0756783485412598	5632	5.24520874023438e-06	12033012	
2126	17	0	-0.0756783485412598	5632	5.24520874023438e-06	12033024	
2127	17	0	-0.0756783485412598	5632	5.24520874023438e-06	12033106	
2128	17	0	-0.0756783485412598	5632	5.24520874023438e-06	12033112	
2129	17	0	-0.0756783485412598	5632	5.24520874023438e-06	12033124	
2130	17	0	-0.0756783485412598	5632	5.24520874023438e-06	12040106	
2131	17	0	-0.0756783485412598	5632	5.24520874023438e-06	12040112	
2132	17	0	-0.0756783485412598	5632	5.24520874023438e-06	12040124	
2133	17	0	-0.0756783485412598	5632	5.24520874023438e-06	12040206	
2134	17	0	-0.0756783485412598	5632	5.24520874023438e-06	12040212	
2135	17	0	-0.0756783485412598	5632	5.24520874023438e-06	12040224	
2136	17	0	-0.0756783485412598	5632	5.24520874023438e-06	12040306	
2137	17	0	-0.0756783485412598	5632	5.24520874023438e-06	12040312	
2138	17	0	-0.0756783485412598	5632	5.24520874023438e-06	12040324	
