0	16	0	0	0	0	10042206	
1	16	0	0	0	0	10042212	
2	16	0	0	0	0	10042224	
3	16	0	0	0	0	10042306	
4	16	0	0	0	0	10042312	
5	16	0	0	0	0	10042324	
6	16	0	0	0	0	10042406	
7	16	0	0	0	0	10042412	
8	16	0	0	0	0	10042424	
9	16	0	0	0	0	10042506	
10	16	0	0	0	0	10042512	
11	16	0	0	0	0	10042524	
12	16	0	0	0	0	10042606	
13	16	0	0	0	0	10042612	
14	16	0	0	0	0	10042624	
15	16	0	0	0	0	10042706	
16	16	0	0	0	0	10042712	
17	16	0	0	0	0	10042724	
18	16	0	0	0	0	10042806	
19	16	0	0	0	0	10042812	
20	16	0	0	0	0	10042824	
21	16	0	0	0	0	10042906	
22	16	0	0	0	0	10042912	
23	16	0	0	0	0	10042924	
24	16	0	0	0	0	10043006	
25	16	0	0	0	0	10043012	
26	16	0	0	0	0	10043024	
27	16	0	0	0	0	10050106	
28	16	0	0	0	0	10050112	
29	16	0	0	0	0	10050124	
30	16	0	0	0	0	10050206	
31	16	0	0	0	0	10050212	
32	16	0	0	0	0	10050224	
33	16	0	0	0	0	10050306	
34	16	0	0	0	0	10050312	
35	16	0	0	0	0	10050324	
36	16	0	0	0	0	10050406	
37	16	0	0	0	0	10050412	
38	16	0	0	0	0	10050424	
39	16	0	0	0	0	10050506	
40	16	0	0	0	0	10050512	
41	16	0	0	0	0	10050524	
42	16	0	0	0	0	10050606	
43	16	0	0	0	0	10050612	
44	16	0	0	0	0	10050624	
45	16	0	0	0	0	10050706	
46	16	0	0	0	0	10050712	
47	16	0	0	0	0	10050724	
48	16	0	0	0	0	10050806	
49	16	0	0	0	0	10050812	
50	16	0	0	0	0	10050824	
51	16	0	0	0	0	10050906	
52	16	0	0	0	0	10050912	
53	16	0	0	0	0	10050924	
54	16	0	0	0	0	10051006	
55	16	0	0	0	0	10051012	
56	16	0	0	0	0	10051024	
57	16	0	0	0	0	10051106	
58	16	0	0	0	0	10051112	
59	16	0	0	0	0	10051124	
60	16	0	0	0	0	10051206	
61	16	0	0	0	0	10051212	
62	16	0	0	0	0	10051224	
63	16	0	0	0	0	10051306	
64	16	0	0	0	0	10051312	
65	16	0	0	0	0	10051324	
66	16	0	0	0	0	10051406	
67	16	0	0	0	0	10051412	
68	16	0	0	0	0	10051424	
69	16	0	0	0	0	10051506	
70	16	0	0	0	0	10051512	
71	16	0	0	0	0	10051524	
72	16	0	0	0	0	10051606	
73	16	0	0	0	0	10051612	
74	16	0	0	0	0	10051624	
75	16	0	0	0	0	10051706	
76	16	0	0	0	0	10051712	
77	16	0	0	0	0	10051724	
78	16	0	0	0	0	10051806	
79	16	0	0	0	0	10051812	
80	16	0	0	0	0	10051824	
81	16	0	0	0	0	10051906	
82	16	0	0	0	0	10051912	
83	16	0	0	0	0	10051924	
84	16	0	0	0	0	10052006	
85	16	0	0	0	0	10052012	
86	16	0	0	0	0	10052024	
87	16	0	0	0	0	10052106	
88	16	0	0	0	0	10052112	
89	16	0	0	0	0	10052124	
90	16	0	0	0	0	10052206	
91	16	0	0	0	0	10052212	
92	16	0	0	0	0	10052224	
93	16	0	0	0	0	10052306	
94	16	0	0	0	0	10052312	
95	16	0	0	0	0	10052324	
96	16	0	0	0	0	10052406	
97	16	0	0	0	0	10052412	
98	16	0	0	0	0	10052424	
99	16	0	0	0	0	10052506	
100	16	0	0	0	0	10052512	
101	16	0	0	0	0	10052524	
102	16	0	0	0	0	10052606	
103	16	0	0	0	0	10052612	
104	16	0	0	0	0	10052624	
105	16	0	0	0	0	10052706	
106	16	0	0	0	0	10052712	
107	16	0	0	0	0	10052724	
108	16	0	0	0	0	10052806	
109	16	0	0	0	0	10052812	
110	16	0	0	0	0	10052824	
111	16	0	0	0	0	10052906	
112	16	0	0	0	0	10052912	
113	16	0	0	0	0	10052924	
114	16	0	0	0	0	10053006	
115	16	0	0	0	0	10053012	
116	16	0	0	0	0	10053024	
117	16	0	0	0	0	10053106	
118	16	0	0	0	0	10053112	
119	16	0	0	0	0	10053124	
120	16	0	0	0	0	10060106	
121	16	0	0	0	0	10060112	
122	16	0	0	0	0	10060124	
123	16	0	0	0	0	10060206	
124	16	0	0	0	0	10060212	
125	16	0	0	0	0	10060224	
126	16	0	0	0	0	10060306	
127	16	0	0	0	0	10060312	
128	16	0	0	0	0	10060324	
129	16	0	0	0	0	10060406	
130	16	0	0	0	0	10060412	
131	16	0	0	0	0	10060424	
132	16	0	0	0	0	10060506	
133	16	0	0	0	0	10060512	
134	16	0	0	0	0	10060524	
135	16	0	0	0	0	10060606	
136	16	0	0	0	0	10060612	
137	16	0	0	0	0	10060624	
138	16	0	0	0	0	10060706	
139	16	0	0	0	0	10060712	
140	16	0	0	0	0	10060724	
141	16	0	0	0	0	10060806	
142	16	0	0	0	0	10060812	
143	16	0	0	0	0	10060824	
144	16	0	0	0	0	10060906	
145	16	0	0	0	0	10060912	
146	16	0	0	0	0	10060924	
147	16	0	0	0	0	10061006	
148	16	0	0	0	0	10061012	
149	16	0	0	0	0	10061024	
150	16	0	0	0	0	10061106	
151	16	0	0	0	0	10061112	
152	16	0	0	0	0	10061124	
153	16	0	0	0	0	10061206	
154	16	0	0	0	0	10061212	
155	16	0	0	0	0	10061224	
156	16	0	0	0	0	10061306	
157	16	0	0	0	0	10061312	
158	16	0	0	0	0	10061324	
159	16	0	0	0	0	10061406	
160	16	0	0	0	0	10061412	
161	16	0	0	0	0	10061424	
162	16	0	0	0	0	10061506	
163	16	0	0	0	0	10061512	
164	16	0	0	0	0	10061524	
165	16	0	0	0	0	10061606	
166	16	0	0	0	0	10061612	
167	16	0	0	0	0	10061624	
168	16	0	0	0	0	10061706	
169	16	0	0	0	0	10061712	
170	16	0	0	0	0	10061724	
171	16	0	0	0	0	10061806	
172	16	0	0	0	0	10061812	
173	16	0	0	0	0	10061824	
174	16	0	0	0	0	10061906	
175	16	0	0	0	0	10061912	
176	16	0	0	0	0	10061924	
177	16	0	0	0	0	10062006	
178	16	0	0	0	0	10062012	
179	16	0	0	0	0	10062024	
180	16	0	0	0	0	10062106	
181	16	0	0	0	0	10062112	
182	16	0	0	0	0	10062124	
183	16	0	0	0	0	10062206	
184	16	0	0	0	0	10062212	
185	16	0	0	0	0	10062224	
186	16	0	0	0	0	10062306	
187	16	0	0	0	0	10062312	
188	16	0	0	0	0	10062324	
189	16	0	0	0	0	10062406	
190	16	0	0	0	0	10062412	
191	16	0	0	0	0	10062424	
192	16	0	0	0	0	10062506	
193	16	0	0	0	0	10062512	
194	16	0	0	0	0	10062524	
195	16	0	0	0	0	10062606	
196	16	0	0	0	0	10062612	
197	16	0	0	0	0	10062624	
198	16	0	0	0	0	10062706	
199	16	0	0	0	0	10062712	
200	16	0	0	0	0	10062724	
201	16	0	0	0	0	10062806	
202	16	0	0	0	0	10062812	
203	16	0	0	0	0	10062824	
204	16	0	0	0	0	10062906	
205	16	0	0	0	0	10062912	
206	16	0	0	0	0	10062924	
207	16	0	0	0	0	10063006	
208	16	0	0	0	0	10063012	
209	16	0	0	0	0	10063024	
210	16	0	0	0	0	10070106	
211	16	0	0	0	0	10070112	
212	16	0	0	0	0	10070124	
213	16	0	0	0	0	10070206	
214	16	0	0	0	0	10070212	
215	16	0	0	0	0	10070224	
216	16	0	0	0	0	10070306	
217	16	0	0	0	0	10070312	
218	16	0	0	0	0	10070324	
219	16	0	0	0	0	10070406	
220	16	0	0	0	0	10070412	
221	16	0	0	0	0	10070424	
222	16	0	0	0	0	10070506	
223	16	0	0	0	0	10070512	
224	16	0	0	0	0	10070524	
225	16	0	0	0	0	10070606	
226	16	0	0	0	0	10070612	
227	16	0	0	0	0	10070624	
228	16	0	0	0	0	10070706	
229	16	0	0	0	0	10070712	
230	16	0	0	0	0	10070724	
231	16	0	0	0	0	10070806	
232	16	0	0	0	0	10070812	
233	16	0	0	0	0	10070824	
234	16	0	0	0	0	10070906	
235	16	0	0	0	0	10070912	
236	16	0	0	0	0	10070924	
237	16	0	0	0	0	10071006	
238	16	0	0	0	0	10071012	
239	16	0	0	0	0	10071024	
240	16	0	0	0	0	10071106	
241	16	0	0	0	0	10071112	
242	16	0	0	0	0	10071124	
243	16	0	0	0	0	10071206	
244	16	0	0	0	0	10071212	
245	16	0	0	0	0	10071224	
246	16	0	0	0	0	10071306	
247	16	0	0	0	0	10071312	
248	16	0	0	0	0	10071324	
249	16	0	0	0	0	10071406	
250	16	0	0	0	0	10071412	
251	16	0	0	0	0	10071424	
252	16	0	0	0	0	10071506	
253	16	0	0	0	0	10071512	
254	16	0	0	0	0	10071524	
255	16	0	0	0	0	10071606	
256	16	0	0	0	0	10071612	
257	16	0	0	0	0	10071624	
258	16	0	0	0	0	10071706	
259	16	0	0	0	0	10071712	
260	16	0	0	0	0	10071724	
261	16	0	0	0	0	10071806	
262	16	0	0	0	0	10071812	
263	16	0	0	0	0	10071824	
264	16	0	0	0	0	10071906	
265	16	0	0	0	0	10071912	
266	16	0	0	0	0	10071924	
267	16	0	0	0	0	10072006	
268	16	0	0	0	0	10072012	
269	16	0	0	0	0	10072024	
270	16	0	0	0	0	10072106	
271	16	0	0	0	0	10072112	
272	16	0	0	0	0	10072124	
273	16	0	0	0	0	10072206	
274	16	0	0	0	0	10072212	
275	16	0	0	0	0	10072224	
276	16	0	0	0	0	10072306	
277	16	0	0	0	0	10072312	
278	16	0	0	0	0	10072324	
279	16	0	0	0	0	10072406	
280	16	0	0	0	0	10072412	
281	16	0	0	0	0	10072424	
282	16	0	0	0	0	10072506	
283	16	0	0	0	0	10072512	
284	16	0	0	0	0	10072524	
285	16	0	0	0	0	10072606	
286	16	0	0	0	0	10072612	
287	16	0	0	0	0	10072624	
288	16	0	0	0	0	10072706	
289	16	0	0	0	0	10072712	
290	16	0	0	0	0	10072724	
291	16	0	0	0	0	10072806	
292	16	0	0	0	0	10072812	
293	16	0	0	0	0	10072824	
294	16	0	0	0	0	10072906	
295	16	0	0	0	0	10072912	
296	16	0	0	0	0	10072924	
297	16	0	0	0	0	10073006	
298	16	0	0	0	0	10073012	
299	16	0	0	0	0	10073024	
300	16	0	0	0	0	10073106	
301	16	0	0	0	0	10073112	
302	16	0	0	0	0	10073124	
303	16	0	0	0	0	10080106	
304	16	0	0	0	0	10080112	
305	16	0	0	0	0	10080124	
306	16	0	0	0	0	10080206	
307	16	0	0	0	0	10080212	
308	16	0	0	0	0	10080224	
309	16	0	0	0	0	10080306	
310	16	0	0	0	0	10080312	
311	16	0	0	0	0	10080324	
312	16	0	0	0	0	10080406	
313	16	0	0	0	0	10080412	
314	16	0	0	0	0	10080424	
315	16	0	0	0	0	10080506	
316	16	0	0	0	0	10080512	
317	16	0	0	0	0	10080524	
318	16	0	0	0	0	10080606	
319	16	0	0	0	0	10080612	
320	16	0	0	0	0	10080624	
321	16	0	0	0	0	10080706	
322	16	0	0	0	0	10080712	
323	16	0	0	0	0	10080724	
324	16	0	0	0	0	10080806	
325	16	0	0	0	0	10080812	
326	16	0	0	0	0	10080824	
327	16	0	0	0	0	10080906	
328	16	0	0	0	0	10080912	
329	16	0	0	0	0	10080924	
330	16	0	0	0	0	10081006	
331	16	0	0	0	0	10081012	
332	16	0	0	0	0	10081024	
333	16	0	0	0	0	10081106	
334	16	0	0	0	0	10081112	
335	16	0	0	0	0	10081124	
336	16	0	0	0	0	10081206	
337	16	0	0	0	0	10081212	
338	16	0	0	0	0	10081224	
339	16	0	0	0	0	10081306	
340	16	0	0	0	0	10081312	
341	16	0	0	0	0	10081324	
342	16	0	0	0	0	10081406	
343	16	0	0	0	0	10081412	
344	16	0	0	0	0	10081424	
345	16	0	0	0	0	10081506	
346	16	0	0	0	0	10081512	
347	16	0	0	0	0	10081524	
348	16	0	0	0	0	10081606	
349	16	0	0	0	0	10081612	
350	16	0	0	0	0	10081624	
351	16	0	0	0	0	10081706	
352	16	0	0	0	0	10081712	
353	16	0	0	0	0	10081724	
354	16	0	0	0	0	10081806	
355	16	0	0	0	0	10081812	
356	16	0	0	0	0	10081824	
357	16	0	0	0	0	10081906	
358	16	0	0	0	0	10081912	
359	16	0	0	0	0	10081924	
360	16	0	0	0	0	10082006	
361	16	0	0	0	0	10082012	
362	16	0	0	0	0	10082024	
363	16	0	0	0	0	10082106	
364	16	0	0	0	0	10082112	
365	16	0	0	0	0	10082124	
366	16	0	0	0	0	10082206	
367	16	0	0	0	0	10082212	
368	16	0	0	0	0	10082224	
369	16	0	0	0	0	10082306	
370	16	0	0	0	0	10082312	
371	16	0	0	0	0	10082324	
372	16	0	0	0	0	10082406	
373	16	0	0	0	0	10082412	
374	16	0	0	0	0	10082424	
375	16	0	0	0	0	10082506	
376	16	0	0	0	0	10082512	
377	16	0	0	0	0	10082524	
378	16	0	0	0	0	10082606	
379	16	0	0	0	0	10082612	
380	16	0	0	0	0	10082624	
381	16	0	0	0	0	10082706	
382	16	0	0	0	0	10082712	
383	16	0	0	0	0	10082724	
384	16	0	0	0	0	10082806	
385	16	0	0	0	0	10082812	
386	16	0	0	0	0	10082824	
387	16	0	0	0	0	10082906	
388	16	0	0	0	0	10082912	
389	16	0	0	0	0	10082924	
390	16	0	0	0	0	10083006	
391	16	0	0	0	0	10083012	
392	16	0	0	0	0	10083024	
393	16	0	0	0	0	10083106	
394	16	0	0	0	0	10083112	
395	16	0	0	0	0	10083124	
396	16	0	0	0	0	10090106	
397	16	0	0	0	0	10090112	
398	16	0	0	0	0	10090124	
399	16	0	0	0	0	10090206	
400	16	0	0	0	0	10090212	
401	16	0	0	0	0	10090224	
402	16	0	0	0	0	10090306	
403	16	0	0	0	0	10090312	
404	16	0	0	0	0	10090324	
405	16	0	0	0	0	10090406	
406	16	0	0	0	0	10090412	
407	16	0	0	0	0	10090424	
408	16	0	0	0	0	10090506	
409	16	0	0	0	0	10090512	
410	16	0	0	0	0	10090524	
411	16	0	0	0	0	10090606	
412	16	0	0	0	0	10090612	
413	16	0	0	0	0	10090624	
414	16	0	0	0	0	10090706	
415	16	0	0	0	0	10090712	
416	16	0	0	0	0	10090724	
417	16	0	0	0	0	10090806	
418	16	0	0	0	0	10090812	
419	16	0	0	0	0	10090824	
420	16	0	0	0	0	10090906	
421	16	0	0	0	0	10090912	
422	16	0	0	0	0	10090924	
423	16	0	0	0	0	10091006	
424	16	0	0	0	0	10091012	
425	16	0	0	0	0	10091024	
426	16	0	0	0	0	10091106	
427	16	0	0	0	0	10091112	
428	16	0	0	0	0	10091124	
429	16	0	0	0	0	10091206	
430	16	0	0	0	0	10091212	
431	16	0	0	0	0	10091224	
432	16	0	0	0	0	10091306	
433	16	0	0	0	0	10091312	
434	16	0	0	0	0	10091324	
435	16	0	0	0	0	10091406	
436	16	0	0	0	0	10091412	
437	16	0	0	0	0	10091424	
438	16	0	0	0	0	10091506	
439	16	0	0	0	0	10091512	
440	16	0	0	0	0	10091524	
441	16	0	0	0	0	10091606	
442	16	0	0	0	0	10091612	
443	16	0	0	0	0	10091624	
444	16	0	0	0	0	10091706	
445	16	0	0	0	0	10091712	
446	16	0	0	0	0	10091724	
447	16	0	0	0	0	10091806	
448	16	0	0	0	0	10091812	
449	16	0	0	0	0	10091824	
450	16	0	0	0	0	10091906	
451	16	0	0	0	0	10091912	
452	16	0	0	0	0	10091924	
453	16	0	0	0	0	10092006	
454	16	0	0	0	0	10092012	
455	16	0	0	0	0	10092024	
456	16	0	0	0	0	10092106	
457	16	0	0	0	0	10092112	
458	16	0	0	0	0	10092124	
459	16	0	0	0	0	10092206	
460	16	0	0	0	0	10092212	
461	16	0	0	0	0	10092224	
462	16	0	0	0	0	10092306	
463	16	0	0	0	0	10092312	
464	16	0	0	0	0	10092324	
465	16	0	0	0	0	10092406	
466	16	0	0	0	0	10092412	
467	16	0	0	0	0	10092424	
468	16	0	0	0	0	10092506	
469	16	0	0	0	0	10092512	
470	16	0	0	0	0	10092524	
471	16	0	0	0	0	10092606	
472	16	0	0	0	0	10092612	
473	16	0	0	0	0	10092624	
474	16	0	0	0	0	10092706	
475	16	0	0	0	0	10092712	
476	16	0	0	0	0	10092724	
477	16	0	0	0	0	10092806	
478	16	0	0	0	0	10092812	
479	16	0	0	0	0	10092824	
480	16	0	0	0	0	10092906	
481	16	0	0	0	0	10092912	
482	16	0	0	0	0	10092924	
483	16	0	0	0	0	10093006	
484	16	0	0	0	0	10093012	
485	16	0	0	0	0	10093024	
486	16	0	0	0	0	10100106	
487	16	0	0	0	0	10100112	
488	16	0	0	0	0	10100124	
489	16	0	0	0	0	10100206	
490	16	0	0	0	0	10100212	
491	16	0	0	0	0	10100224	
492	16	0	0	0	0	10100306	
493	16	0	0	0	0	10100312	
494	16	0	0	0	0	10100324	
495	16	0	0	0	0	10100406	
496	16	0	0	0	0	10100412	
497	16	0	0	0	0	10100424	
498	16	0	0	0	0	10100506	
499	16	0	0	0	0	10100512	
500	16	0	0	0	0	10100524	
501	16	0	0	0	0	10100606	
502	16	0	0	0	0	10100612	
503	16	0	0	0	0	10100624	
504	16	0	0	0	0	10100706	
505	16	0	0	0	0	10100712	
506	16	0	0	0	0	10100724	
507	16	0	0	0	0	10100806	
508	16	0	0	0	0	10100812	
509	16	0	0	0	0	10100824	
510	16	0	0	0	0	10100906	
511	16	0	0	0	0	10100912	
512	16	0	0	0	0	10100924	
513	16	0	0	0	0	10101006	
514	16	0	0	0	0	10101012	
515	16	0	0	0	0	10101024	
516	16	0	0	0	0	10101106	
517	16	0	0	0	0	10101112	
518	16	0	0	0	0	10101124	
519	16	0	0	0	0	10101206	
520	16	0	0	0	0	10101212	
521	16	0	0	0	0	10101224	
522	16	0	0	0	0	10101306	
523	16	0	0	0	0	10101312	
524	16	0	0	0	0	10101324	
525	16	0	0	0	0	10101406	
526	16	0	0	0	0	10101412	
527	16	0	0	0	0	10101424	
528	16	0	0	0	0	10101506	
529	16	0	0	0	0	10101512	
530	16	0	0	0	0	10101524	
531	16	0	0	0	0	10101606	
532	16	0	0	0	0	10101612	
533	16	0	0	0	0	10101624	
534	16	0	0	0	0	10101706	
535	16	0	0	0	0	10101712	
536	16	0	0	0	0	10101724	
537	16	0	0	0	0	10101806	
538	16	0	0	0	0	10101812	
539	16	0	0	0	0	10101824	
540	16	0	0	0	0	10101906	
541	16	0	0	0	0	10101912	
542	16	0	0	0	0	10101924	
543	16	0	0	0	0	10102006	
544	16	0	0	0	0	10102012	
545	16	0	0	0	0	10102024	
546	16	0	0	0	0	10102106	
547	16	0	0	0	0	10102112	
548	16	0	0	0	0	10102124	
549	16	0	0	0	0	10102206	
550	16	0	0	0	0	10102212	
551	16	0	0	0	0	10102224	
552	16	0	0	0	0	10102306	
553	16	0	0	0	0	10102312	
554	16	0	0	0	0	10102324	
555	16	0	0	0	0	10102406	
556	16	0	0	0	0	10102412	
557	16	0	0	0	0	10102424	
558	16	0	0	0	0	10102506	
559	16	0	0	0	0	10102512	
560	16	0	0	0	0	10102524	
561	16	0	0	0	0	10102606	
562	16	0	0	0	0	10102612	
563	16	0	0	0	0	10102624	
564	16	0	0	0	0	10102706	
565	16	0	0	0	0	10102712	
566	16	0	0	0	0	10102724	
567	16	0	0	0	0	10102806	
568	16	0	0	0	0	10102812	
569	16	0	0	0	0	10102824	
570	16	0	0	0	0	10102906	
571	16	0	0	0	0	10102912	
572	16	0	0	0	0	10102924	
573	16	0	0	0	0	10103006	
574	16	0	0	0	0	10103012	
575	16	0	0	0	0	10103024	
576	16	0	0	0	0	10103106	
577	16	0	0	0	0	10103112	
578	16	0	0	0	0	10103124	
579	16	0	0	0	0	10110106	
580	16	0	0	0	0	10110112	
581	16	0	0	0	0	10110124	
582	16	0	0	0	0	10110206	
583	16	0	0	0	0	10110212	
584	16	0	0	0	0	10110224	
585	16	0	0	0	0	10110306	
586	16	0	0	0	0	10110312	
587	16	0	0	0	0	10110324	
588	16	0	0	0	0	10110406	
589	16	0	0	0	0	10110412	
590	16	0	0	0	0	10110424	
591	16	0	0	0	0	10110506	
592	16	0	0	0	0	10110512	
593	16	0	0	0	0	10110524	
594	16	0	0	0	0	10110606	
595	16	0	0	0	0	10110612	
596	16	0	0	0	0	10110624	
597	16	0	0	0	0	10110706	
598	16	0	0	0	0	10110712	
599	16	0	0	0	0	10110724	
600	16	0	0	0	0	10110806	
601	16	0	0	0	0	10110812	
602	16	0	0	0	0	10110824	
603	16	0	0	0	0	10110906	
604	16	0	0	0	0	10110912	
605	16	0	0	0	0	10110924	
606	16	0	0	0	0	10111006	
607	16	0	0	0	0	10111012	
608	16	0	0	0	0	10111024	
609	16	0	0	0	0	10111106	
610	16	0	0	0	0	10111112	
611	16	0	0	0	0	10111124	
612	16	0	0	0	0	10111206	
613	16	0	0	0	0	10111212	
614	16	0	0	0	0	10111224	
615	16	0	0	0	0	10111306	
616	16	0	0	0	0	10111312	
617	16	0	0	0	0	10111324	
618	16	0	0	0	0	10111406	
619	16	0	0	0	0	10111412	
620	16	0	0	0	0	10111424	
621	16	0	0	0	0	10111506	
622	16	0	0	0	0	10111512	
623	16	0	0	0	0	10111524	
624	16	0	0	0	0	10111606	
625	16	0	0	0	0	10111612	
626	16	0	0	0	0	10111624	
627	16	0	0	0	0	10111706	
628	16	0	0	0	0	10111712	
629	16	0	0	0	0	10111724	
630	16	0	0	0	0	10111806	
631	16	0	0	0	0	10111812	
632	16	0	0	0	0	10111824	
633	16	0	0	0	0	10111906	
634	16	0	0	0	0	10111912	
635	16	0	0	0	0	10111924	
636	16	0	0	0	0	10112006	
637	16	0	0	0	0	10112012	
638	16	0	0	0	0	10112024	
639	16	0	0	0	0	10112106	
640	16	0	0	0	0	10112112	
641	16	0	0	0	0	10112124	
642	16	0	0	0	0	10112206	
643	16	0	0	0	0	10112212	
644	16	0	0	0	0	10112224	
645	16	0	0	0	0	10112306	
646	16	0	0	0	0	10112312	
647	16	0	0	0	0	10112324	
648	16	0	0	0	0	10112406	
649	16	0	0	0	0	10112412	
650	16	0	0	0	0	10112424	
651	16	0	0	0	0	10112506	
652	16	0	0	0	0	10112512	
653	16	0	0	0	0	10112524	
654	16	0	0	0	0	10112606	
655	16	0	0	0	0	10112612	
656	16	0	0	0	0	10112624	
657	16	0	0	0	0	10112706	
658	16	0	0	0	0	10112712	
659	16	0	0	0	0	10112724	
660	16	0	0	0	0	10112806	
661	16	0	0	0	0	10112812	
662	16	0	0	0	0	10112824	
663	16	0	0	0	0	10112906	
664	16	0	0	0	0	10112912	
665	16	0	0	0	0	10112924	
666	16	0	0	0	0	10113006	
667	16	0	0	0	0	10113012	
668	16	0	0	0	0	10113024	
669	16	0	0	0	0	10120106	
670	16	0	0	0	0	10120112	
671	16	0	0	0	0	10120124	
672	16	0	0	0	0	10120206	
673	16	0	0	0	0	10120212	
674	16	0	0	0	0	10120224	
675	16	0	0	0	0	10120306	
676	16	0	0	0	0	10120312	
677	16	0	0	0	0	10120324	
678	16	0	0	0	0	10120406	
679	16	0	0	0	0	10120412	
680	16	0	0	0	0	10120424	
681	16	0	0	0	0	10120506	
682	16	0	0	0	0	10120512	
683	16	0	0	0	0	10120524	
684	16	0	0	0	0	10120606	
685	16	0	0	0	0	10120612	
686	16	0	0	0	0	10120624	
687	16	0	0	0	0	10120706	
688	16	0	0	0	0	10120712	
689	16	0	0	0	0	10120724	
690	16	0	0	0	0	10120806	
691	16	0	0	0	0	10120812	
692	16	0	0	0	0	10120824	
693	16	0	0	0	0	10120906	
694	16	0	0	0	0	10120912	
695	16	0	0	0	0	10120924	
696	16	0	0	0	0	10121006	
697	16	0	0	0	0	10121012	
698	16	0	0	0	0	10121024	
699	16	0	0	0	0	10121106	
700	16	0	0	0	0	10121112	
701	16	0	0	0	0	10121124	
702	16	0	0	0	0	10121206	
703	16	0	0	0	0	10121212	
704	16	0	0	0	0	10121224	
705	16	0	0	0	0	10121306	
706	16	0	0	0	0	10121312	
707	16	0	0	0	0	10121324	
708	16	0	0	0	0	10121406	
709	16	0	0	0	0	10121412	
710	16	0	0	0	0	10121424	
711	16	0	0	0	0	10121506	
712	16	0	0	0	0	10121512	
713	16	0	0	0	0	10121524	
714	16	0	0	0	0	10121606	
715	16	0	0	0	0	10121612	
716	16	0	0	0	0	10121624	
717	16	0	0	0	0	10121706	
718	16	0	0	0	0	10121712	
719	16	0	0	0	0	10121724	
720	16	0	0	0	0	10121806	
721	16	0	0	0	0	10121812	
722	16	0	0	0	0	10121824	
723	16	0	0	0	0	10121906	
724	16	0	0	0	0	10121912	
725	16	0	0	0	0	10121924	
726	16	0	0	0	0	10122006	
727	16	0	0	0	0	10122012	
728	16	0	0	0	0	10122024	
729	16	0	0	0	0	10122106	
730	16	0	0	0	0	10122112	
731	16	0	0	0	0	10122124	
732	16	0	0	0	0	10122206	
733	16	0	0	0	0	10122212	
734	16	0	0	0	0	10122224	
735	16	0	0	0	0	10122306	
736	16	0	0	0	0	10122312	
737	16	0	0	0	0	10122324	
738	16	0	0	0	0	10122406	
739	16	0	0	0	0	10122412	
740	16	0	0	0	0	10122424	
741	16	0	0	0	0	10122506	
742	16	0	0	0	0	10122512	
743	16	0	0	0	0	10122524	
744	16	0	0	0	0	10122606	
745	16	0	0	0	0	10122612	
746	16	0	0	0	0	10122624	
747	16	0	0	0	0	10122706	
748	16	0	0	0	0	10122712	
749	16	0	0	0	0	10122724	
750	16	0	0	0	0	10122806	
751	16	0	0	0	0	10122812	
752	16	0	0	0	0	10122824	
753	16	0	0	0	0	10122906	
754	16	0	0	0	0	10122912	
755	16	0	0	0	0	10122924	
756	16	0	0	0	0	10123006	
757	16	0	0	0	0	10123012	
758	16	0	0	0	0	10123024	
759	16	0	0	0	0	10123106	
760	16	0	0	0	0	10123112	
761	16	0	0	0	0	10123124	
762	16	0	0	0	0	11010106	
763	16	0	0	0	0	11010112	
764	16	0	0	0	0	11010124	
765	16	0	0	0	0	11010206	
766	16	0	0	0	0	11010212	
767	16	0	0	0	0	11010224	
768	16	0	0	0	0	11010306	
769	16	0	0	0	0	11010312	
770	16	0	0	0	0	11010324	
771	16	0	0	0	0	11010406	
772	16	0	0	0	0	11010412	
773	16	0	0	0	0	11010424	
774	16	0	0	0	0	11010506	
775	16	0	0	0	0	11010512	
776	16	0	0	0	0	11010524	
777	16	0	0	0	0	11010606	
778	16	0	0	0	0	11010612	
779	16	0	0	0	0	11010624	
780	16	0	0	0	0	11010706	
781	16	0	0	0	0	11010712	
782	16	0	0	0	0	11010724	
783	16	0	0	0	0	11010806	
784	16	0	0	0	0	11010812	
785	16	0	0	0	0	11010824	
786	16	0	0	0	0	11010906	
787	16	0	0	0	0	11010912	
788	16	0	0	0	0	11010924	
789	16	0	0	0	0	11011006	
790	16	0	0	0	0	11011012	
791	16	0	0	0	0	11011024	
792	16	0	0	0	0	11011106	
793	16	0	0	0	0	11011112	
794	16	0	0	0	0	11011124	
795	16	0	0	0	0	11011206	
796	16	0	0	0	0	11011212	
797	16	0	0	0	0	11011224	
798	16	0	0	0	0	11011306	
799	16	0	0	0	0	11011312	
800	16	0	0	0	0	11011324	
801	16	0	0	0	0	11011406	
802	16	0	0	0	0	11011412	
803	16	0	0	0	0	11011424	
804	16	0	0	0	0	11011506	
805	16	0	0	0	0	11011512	
806	16	0	0	0	0	11011524	
807	16	0	0	0	0	11011606	
808	16	0	0	0	0	11011612	
809	16	0	0	0	0	11011624	
810	16	0	0	0	0	11011706	
811	16	0	0	0	0	11011712	
812	16	0	0	0	0	11011724	
813	16	0	0	0	0	11011806	
814	16	0	0	0	0	11011812	
815	16	0	0	0	0	11011824	
816	16	0	0	0	0	11011906	
817	16	0	0	0	0	11011912	
818	16	0	0	0	0	11011924	
819	16	0	0	0	0	11012006	
820	16	0	0	0	0	11012012	
821	16	0	0	0	0	11012024	
822	16	0	0	0	0	11012106	
823	16	0	0	0	0	11012112	
824	16	0	0	0	0	11012124	
825	16	0	0	0	0	11012206	
826	16	0	0	0	0	11012212	
827	16	0	0	0	0	11012224	
828	16	0	0	0	0	11012306	
829	16	0	0	0	0	11012312	
830	16	0	0	0	0	11012324	
831	16	0	0	0	0	11012406	
832	16	0	0	0	0	11012412	
833	16	0	0	0	0	11012424	
834	16	0	0	0	0	11012506	
835	16	0	0	0	0	11012512	
836	16	0	0	0	0	11012524	
837	16	0	0	0	0	11012606	
838	16	0	0	0	0	11012612	
839	16	0	0	0	0	11012624	
840	16	0	0	0	0	11012706	
841	16	0	0	0	0	11012712	
842	16	0	0	0	0	11012724	
843	16	0	0	0	0	11012806	
844	16	0	0	0	0	11012812	
845	16	0	0	0	0	11012824	
846	16	0	0	0	0	11012906	
847	16	0	0	0	0	11012912	
848	16	0	0	0	0	11012924	
849	16	0	0	0	0	11013006	
850	16	0	0	0	0	11013012	
851	16	0	0	0	0	11013024	
852	16	0	0	0	0	11013106	
853	16	0	0	0	0	11013112	
854	16	0	0	0	0	11013124	
855	16	0	0	0	0	11020106	
856	16	0	0	0	0	11020112	
857	16	0	0	0	0	11020124	
858	16	0	0	0	0	11020206	
859	16	0	0	0	0	11020212	
860	16	0	0	0	0	11020224	
861	16	0	0	0	0	11020306	
862	16	0	0	0	0	11020312	
863	16	0	0	0	0	11020324	
864	16	0	0	0	0	11020406	
865	16	0	0	0	0	11020412	
866	16	0	0	0	0	11020424	
867	16	0	0	0	0	11020506	
868	16	0	0	0	0	11020512	
869	16	0	0	0	0	11020524	
870	16	0	0	0	0	11020606	
871	16	0	0	0	0	11020612	
872	16	0	0	0	0	11020624	
873	16	0	0	0	0	11020706	
874	16	0	0	0	0	11020712	
875	16	0	0	0	0	11020724	
876	16	0	0	0	0	11020806	
877	16	0	0	0	0	11020812	
878	16	0	0	0	0	11020824	
879	16	0	0	0	0	11020906	
880	16	0	0	0	0	11020912	
881	16	0	0	0	0	11020924	
882	16	0	0	0	0	11021006	
883	16	0	0	0	0	11021012	
884	16	0	0	0	0	11021024	
885	16	0	0	0	0	11021106	
886	16	0	0	0	0	11021112	
887	16	0	0	0	0	11021124	
888	16	0	0	0	0	11021206	
889	16	0	0	0	0	11021212	
890	16	0	0	0	0	11021224	
891	16	0	0	0	0	11021306	
892	16	0	0	0	0	11021312	
893	16	0	0	0	0	11021324	
894	16	0	0	0	0	11021406	
895	16	0	0	0	0	11021412	
896	16	0	0	0	0	11021424	
897	16	0	0	0	0	11021506	
898	16	0	0	0	0	11021512	
899	16	0	0	0	0	11021524	
900	16	0	0	0	0	11021606	
901	16	0	0	0	0	11021612	
902	16	0	0	0	0	11021624	
903	16	0	0	0	0	11021706	
904	16	0	0	0	0	11021712	
905	16	0	0	0	0	11021724	
906	16	0	0	0	0	11021806	
907	16	0	0	0	0	11021812	
908	16	0	0	0	0	11021824	
909	16	0	0	0	0	11021906	
910	16	0	0	0	0	11021912	
911	16	0	0	0	0	11021924	
912	16	0	0	0	0	11022006	
913	16	0	0	0	0	11022012	
914	16	0	0	0	0	11022024	
915	16	0	0	0	0	11022106	
916	16	0	0	0	0	11022112	
917	16	0	0	0	0	11022124	
918	16	0	0	0	0	11022206	
919	16	0	0	0	0	11022212	
920	16	0	0	0	0	11022224	
921	16	0	0	0	0	11022306	
922	16	0	0	0	0	11022312	
923	16	0	0	0	0	11022324	
924	16	0	0	0	0	11022406	
925	16	0	0	0	0	11022412	
926	16	0	0	0	0	11022424	
927	16	0	0	0	0	11022506	
928	16	0	0	0	0	11022512	
929	16	0	0	0	0	11022524	
930	16	0	0	0	0	11022606	
931	16	0	0	0	0	11022612	
932	16	0	0	0	0	11022624	
933	16	0	0	0	0	11022706	
934	16	0	0	0	0	11022712	
935	16	0	0	0	0	11022724	
936	16	0	0	0	0	11022806	
937	16	0	0	0	0	11022812	
938	16	0	0	0	0	11022824	
939	16	0	0	0	0	11030106	
940	16	0	0	0	0	11030112	
941	16	0	0	0	0	11030124	
942	16	0	0	0	0	11030206	
943	16	0	0	0	0	11030212	
944	16	0	0	0	0	11030224	
945	16	0	0	0	0	11030306	
946	16	0	0	0	0	11030312	
947	16	0	0	0	0	11030324	
948	16	0	0	0	0	11030406	
949	16	0	0	0	0	11030412	
950	16	0	0	0	0	11030424	
951	16	0	0	0	0	11030506	
952	16	0	0	0	0	11030512	
953	16	0	0	0	0	11030524	
954	16	0	0	0	0	11030606	
955	16	0	0	0	0	11030612	
956	16	0	0	0	0	11030624	
957	16	0	0	0	0	11030706	
958	16	0	0	0	0	11030712	
959	16	0	0	0	0	11030724	
960	16	0	0	0	0	11030806	
961	16	0	0	0	0	11030812	
962	16	0	0	0	0	11030824	
963	16	0	0	0	0	11030906	
964	16	0	0	0	0	11030912	
965	16	0	0	0	0	11030924	
966	16	0	0	0	0	11031006	
967	16	0	0	0	0	11031012	
968	16	0	0	0	0	11031024	
969	16	0	0	0	0	11031106	
970	16	0	0	0	0	11031112	
971	16	0	0	0	0	11031124	
972	16	0	0	0	0	11031206	
973	16	0	0	0	0	11031212	
974	16	0	0	0	0	11031224	
975	16	0	0	0	0	11031306	
976	16	0	0	0	0	11031312	
977	16	0	0	0	0	11031324	
978	16	0	0	0	0	11031406	
979	16	0	0	0	0	11031412	
980	16	0	0	0	0	11031424	
981	16	0	0	0	0	11031506	
982	16	0	0	0	0	11031512	
983	16	0	0	0	0	11031524	
984	16	0	0	0	0	11031606	
985	16	0	0	0	0	11031612	
986	16	0	0	0	0	11031624	
987	16	0	0	0	0	11031706	
988	16	0	0	0	0	11031712	
989	16	0	0	0	0	11031724	
990	16	0	0	0	0	11031806	
991	16	0	0	0	0	11031812	
992	16	0	0	0	0	11031824	
993	16	0	0	0	0	11031906	
994	16	0	0	0	0	11031912	
995	16	0	0	0	0	11031924	
996	16	0	0	0	0	11032006	
997	16	0	0	0	0	11032012	
998	16	0	0	0	0	11032024	
999	16	0	0	0	0	11032106	
1000	16	0	0	0	0	11032112	
1001	16	0	0	0	0	11032124	
1002	16	0	0	0	0	11032206	
1003	16	0	0	0	0	11032212	
1004	16	0	0	0	0	11032224	
1005	16	0	0	0	0	11032306	
1006	16	0	0	0	0	11032312	
1007	16	0	0	0	0	11032324	
1008	16	0	0	0	0	11032406	
1009	16	0	0	0	0	11032412	
1010	16	0	0	0	0	11032424	
1011	16	0	0	0	0	11032506	
1012	16	0	0	0	0	11032512	
1013	16	0	0	0	0	11032524	
1014	16	0	0	0	0	11032606	
1015	16	0	0	0	0	11032612	
1016	16	0	0	0	0	11032624	
1017	16	0	0	0	0	11032706	
1018	16	0	0	0	0	11032712	
1019	16	0	0	0	0	11032724	
1020	16	0	0	0	0	11032806	
1021	16	0	0	0	0	11032812	
1022	16	0	0	0	0	11032824	
1023	16	0	0	0	0	11032906	
1024	16	0	0	0	0	11032912	
1025	16	0	0	0	0	11032924	
1026	16	0	0	0	0	11033006	
1027	16	0	0	0	0	11033012	
1028	16	0	0	0	0	11033024	
1029	16	0	0	0	0	11033106	
1030	16	0	0	0	0	11033112	
1031	16	0	0	0	0	11033124	
1032	16	0	0	0	0	11040106	
1033	16	0	0	0	0	11040112	
1034	16	0	0	0	0	11040124	
1035	16	0	0	0	0	11040206	
1036	16	0	0	0	0	11040212	
1037	16	0	0	0	0	11040224	
1038	16	0	0	0	0	11040306	
1039	16	0	0	0	0	11040312	
1040	16	0	0	0	0	11040324	
1041	16	0	0	0	0	11040406	
1042	16	0	0	0	0	11040412	
1043	16	0	0	0	0	11040424	
1044	16	0	0	0	0	11040506	
1045	16	0	0	0	0	11040512	
1046	16	0	0	0	0	11040524	
1047	16	0	0	0	0	11040606	
1048	16	0	0	0	0	11040612	
1049	16	0	0	0	0	11040624	
1050	16	0	0	0	0	11040706	
1051	16	0	0	0	0	11040712	
1052	16	0	0	0	0	11040724	
1053	16	0	0	0	0	11040806	
1054	16	0	0	0	0	11040812	
1055	16	0	0	0	0	11040824	
1056	16	0	0	0	0	11040906	
1057	16	0	0	0	0	11040912	
1058	16	0	0	0	0	11040924	
1059	16	0	0	0	0	11041006	
1060	16	0	0	0	0	11041012	
1061	16	0	0	0	0	11041024	
1062	16	0	0	0	0	11041106	
1063	16	0	0	0	0	11041112	
1064	16	0	0	0	0	11041124	
1065	16	0	0	0	0	11041206	
1066	16	0	0	0	0	11041212	
1067	16	0	0	0	0	11041224	
1068	16	0	0	0	0	11041306	
1069	16	0	0	0	0	11041312	
1070	16	0	0	0	0	11041324	
1071	16	0	0	0	0	11041406	
1072	16	0	0	0	0	11041412	
1073	16	0	0	0	0	11041424	
1074	16	0	0	0	0	11041506	
1075	16	0	0	0	0	11041512	
1076	16	0	0	0	0	11041524	
1077	16	0	0	0	0	11041606	
1078	16	0	0	0	0	11041612	
1079	16	0	0	0	0	11041624	
1080	16	0	0	0	0	11041706	
1081	16	0	0	0	0	11041712	
1082	16	0	0	0	0	11041724	
1083	16	0	0	0	0	11041806	
1084	16	0	0	0	0	11041812	
1085	16	0	0	0	0	11041824	
1086	16	0	0	0	0	11041906	
1087	16	0	0	0	0	11041912	
1088	16	0	0	0	0	11041924	
1089	16	0	0	0	0	11042006	
1090	16	0	0	0	0	11042012	
1091	16	0	0	0	0	11042024	
1092	16	0	0	0	0	11042106	
1093	16	0	0	0	0	11042112	
1094	16	0	0	0	0	11042124	
1095	16	0	0	0	0	11042206	
1096	16	0	0	0	0	11042212	
1097	16	0	0	0	0	11042224	
1098	16	0	0	0	0	11042306	
1099	16	0	0	0	0	11042312	
1100	16	0	0	0	0	11042324	
1101	16	0	0	0	0	11042406	
1102	16	0	0	0	0	11042412	
1103	16	0	0	0	0	11042424	
1104	16	0	0	0	0	11042506	
1105	16	0	0	0	0	11042512	
1106	16	0	0	0	0	11042524	
1107	16	0	0	0	0	11042606	
1108	16	0	0	0	0	11042612	
1109	16	0	0	0	0	11042624	
1110	16	0	0	0	0	11042706	
1111	16	0	0	0	0	11042712	
1112	16	0	0	0	0	11042724	
1113	16	0	0	0	0	11042806	
1114	16	0	0	0	0	11042812	
1115	16	0	0	0	0	11042824	
1116	16	0	0	0	0	11042906	
1117	16	0	0	0	0	11042912	
1118	16	0	0	0	0	11042924	
1119	16	0	0	0	0	11043006	
1120	16	0	0	0	0	11043012	
1121	16	0	0	0	0	11043024	
1122	16	0	0	0	0	11050106	
1123	16	0	0	0	0	11050112	
1124	16	0	0	0	0	11050124	
1125	16	0	0	0	0	11050206	
1126	16	0	0	0	0	11050212	
1127	16	0	0	0	0	11050224	
1128	16	0	0	0	0	11050306	
1129	16	0	0	0	0	11050312	
1130	16	0	0	0	0	11050324	
1131	16	0	0	0	0	11050406	
1132	16	0	0	0	0	11050412	
1133	16	0	0	0	0	11050424	
1134	16	0	0	0	0	11050506	
1135	16	0	0	0	0	11050512	
1136	16	0	0	0	0	11050524	
1137	16	0	0	0	0	11050606	
1138	16	0	0	0	0	11050612	
1139	16	0	0	0	0	11050624	
1140	16	0	0	0	0	11050706	
1141	16	0	0	0	0	11050712	
1142	16	0	0	0	0	11050724	
1143	16	0	0	0	0	11050806	
1144	16	0	0	0	0	11050812	
1145	16	0	0	0	0	11050824	
1146	16	0	0	0	0	11050906	
1147	16	0	0	0	0	11050912	
1148	16	0	0	0	0	11050924	
1149	16	0	0	0	0	11051006	
1150	16	0	0	0	0	11051012	
1151	16	0	0	0	0	11051024	
1152	16	0	0	0	0	11051106	
1153	16	0	0	0	0	11051112	
1154	16	0	0	0	0	11051124	
1155	16	0	0	0	0	11051206	
1156	16	0	0	0	0	11051212	
1157	16	0	0	0	0	11051224	
1158	16	0	0	0	0	11051306	
1159	16	0	0	0	0	11051312	
1160	16	0	0	0	0	11051324	
1161	16	0	0	0	0	11051406	
1162	16	0	0	0	0	11051412	
1163	16	0	0	0	0	11051424	
1164	16	0	0	0	0	11051506	
1165	16	0	0	0	0	11051512	
1166	16	0	0	0	0	11051524	
1167	16	0	0	0	0	11051606	
1168	16	0	0	0	0	11051612	
1169	16	0	0	0	0	11051624	
1170	16	0	0	0	0	11051706	
1171	16	0	0	0	0	11051712	
1172	16	0	0	0	0	11051724	
1173	16	0	0	0	0	11051806	
1174	16	0	0	0	0	11051812	
1175	16	0	0	0	0	11051824	
1176	16	0	0	0	0	11051906	
1177	16	0	0	0	0	11051912	
1178	16	0	0	0	0	11051924	
1179	16	0	0	0	0	11052006	
1180	16	0	0	0	0	11052012	
1181	16	0	0	0	0	11052024	
1182	16	0	0	0	0	11052106	
1183	16	0	0	0	0	11052112	
1184	16	0	0	0	0	11052124	
1185	16	0	0	0	0	11052206	
1186	16	0	0	0	0	11052212	
1187	16	0	0	0	0	11052224	
1188	16	0	0	0	0	11052306	
1189	16	0	0	0	0	11052312	
1190	16	0	0	0	0	11052324	
1191	16	0	0	0	0	11052406	
1192	16	0	0	0	0	11052412	
1193	16	0	0	0	0	11052424	
1194	16	0	0	0	0	11052506	
1195	16	0	0	0	0	11052512	
1196	16	0	0	0	0	11052524	
1197	16	0	0	0	0	11052606	
1198	16	0	0	0	0	11052612	
1199	16	0	0	0	0	11052624	
1200	16	0	0	0	0	11052706	
1201	16	0	0	0	0	11052712	
1202	16	0	0	0	0	11052724	
1203	16	0	0	0	0	11052806	
1204	16	0	0	0	0	11052812	
1205	16	0	0	0	0	11052824	
1206	16	0	0	0	0	11052906	
1207	16	0	0	0	0	11052912	
1208	16	0	0	0	0	11052924	
1209	16	0	0	0	0	11053006	
1210	16	0	0	0	0	11053012	
1211	16	0	0	0	0	11053024	
1212	16	0	0	0	0	11053106	
1213	16	0	0	0	0	11053112	
1214	16	0	0	0	0	11053124	
1215	16	0	0	0	0	11060106	
1216	16	0	0	0	0	11060112	
1217	16	0	0	0	0	11060124	
1218	16	0	0	0	0	11060206	
1219	16	0	0	0	0	11060212	
1220	16	0	0	0	0	11060224	
1221	16	0	0	0	0	11060306	
1222	16	0	0	0	0	11060312	
1223	16	0	0	0	0	11060324	
1224	16	0	0	0	0	11060406	
1225	16	0	0	0	0	11060412	
1226	16	0	0	0	0	11060424	
1227	16	0	0	0	0	11060506	
1228	16	0	0	0	0	11060512	
1229	16	0	0	0	0	11060524	
1230	16	0	0	0	0	11060606	
1231	16	0	0	0	0	11060612	
1232	16	0	0	0	0	11060624	
1233	16	0	0	0	0	11060706	
1234	16	0	0	0	0	11060712	
1235	16	0	0	0	0	11060724	
1236	16	0	0	0	0	11060806	
1237	16	0	0	0	0	11060812	
1238	16	0	0	0	0	11060824	
1239	16	0	0	0	0	11060906	
1240	16	0	0	0	0	11060912	
1241	16	0	0	0	0	11060924	
1242	16	0	0	0	0	11061006	
1243	16	0	0	0	0	11061012	
1244	16	0	0	0	0	11061024	
1245	16	0	0	0	0	11061106	
1246	16	0	0	0	0	11061112	
1247	16	0	0	0	0	11061124	
1248	16	0	0	0	0	11061206	
1249	16	0	0	0	0	11061212	
1250	16	0	0	0	0	11061224	
1251	16	0	0	0	0	11061306	
1252	16	0	0	0	0	11061312	
1253	16	0	0	0	0	11061324	
1254	16	0	0	0	0	11061406	
1255	16	0	0	0	0	11061412	
1256	16	0	0	0	0	11061424	
1257	16	0	0	0	0	11061506	
1258	16	0	0	0	0	11061512	
1259	16	0	0	0	0	11061524	
1260	16	0	0	0	0	11061606	
1261	16	0	0	0	0	11061612	
1262	16	0	0	0	0	11061624	
1263	16	0	0	0	0	11061706	
1264	16	0	0	0	0	11061712	
1265	16	0	0	0	0	11061724	
1266	16	0	0	0	0	11061806	
1267	16	0	0	0	0	11061812	
1268	16	0	0	0	0	11061824	
1269	16	0	0	0	0	11061906	
1270	16	0	0	0	0	11061912	
1271	16	0	0	0	0	11061924	
1272	16	0	0	0	0	11062006	
1273	16	0	0	0	0	11062012	
1274	16	0	0	0	0	11062024	
1275	16	0	0	0	0	11062106	
1276	16	0	0	0	0	11062112	
1277	16	0	0	0	0	11062124	
1278	16	0	0	0	0	11062206	
1279	16	0	0	0	0	11062212	
1280	16	0	0	0	0	11062224	
1281	16	0	0	0	0	11062306	
1282	16	0	0	0	0	11062312	
1283	16	0	0	0	0	11062324	
1284	16	0	0	0	0	11062406	
1285	16	0	0	0	0	11062412	
1286	16	0	0	0	0	11062424	
1287	16	0	0	0	0	11062506	
1288	16	0	0	0	0	11062512	
1289	16	0	0	0	0	11062524	
1290	16	0	0	0	0	11062606	
1291	16	0	0	0	0	11062612	
1292	16	0	0	0	0	11062624	
1293	16	0	0	0	0	11062706	
1294	16	0	0	0	0	11062712	
1295	16	0	0	0	0	11062724	
1296	16	0	0	0	0	11062806	
1297	16	0	0	0	0	11062812	
1298	16	0	0	0	0	11062824	
1299	16	0	0	0	0	11062906	
1300	16	0	0	0	0	11062912	
1301	16	0	0	0	0	11062924	
1302	16	0	0	0	0	11063006	
1303	16	0	0	0	0	11063012	
1304	16	0	0	0	0	11063024	
1305	16	0	0	0	0	11070106	
1306	16	0	0	0	0	11070112	
1307	16	0	0	0	0	11070124	
1308	16	0	0	0	0	11070206	
1309	16	0	0	0	0	11070212	
1310	16	0	0	0	0	11070224	
1311	16	0	0	0	0	11070306	
1312	16	0	0	0	0	11070312	
1313	16	0	0	0	0	11070324	
1314	16	0	0	0	0	11070406	
1315	16	0	0	0	0	11070412	
1316	16	0	0	0	0	11070424	
1317	16	0	0	0	0	11070506	
1318	16	0	0	0	0	11070512	
1319	16	0	0	0	0	11070524	
1320	16	0	0	0	0	11070606	
1321	16	0	0	0	0	11070612	
1322	16	0	0	0	0	11070624	
1323	16	0	0	0	0	11070706	
1324	16	0	0	0	0	11070712	
1325	16	0	0	0	0	11070724	
1326	16	0	0	0	0	11070806	
1327	16	0	0	0	0	11070812	
1328	16	0	0	0	0	11070824	
1329	16	0	0	0	0	11070906	
1330	16	0	0	0	0	11070912	
1331	16	0	0	0	0	11070924	
1332	16	0	0	0	0	11071006	
1333	16	0	0	0	0	11071012	
1334	16	0	0	0	0	11071024	
1335	16	0	0	0	0	11071106	
1336	16	0	0	0	0	11071112	
1337	16	0	0	0	0	11071124	
1338	16	0	0	0	0	11071206	
1339	16	0	0	0	0	11071212	
1340	16	0	0	0	0	11071224	
1341	16	0	0	0	0	11071306	
1342	16	0	0	0	0	11071312	
1343	16	0	0	0	0	11071324	
1344	16	0	0	0	0	11071406	
1345	16	0	0	0	0	11071412	
1346	16	0	0	0	0	11071424	
1347	16	0	0	0	0	11071506	
1348	16	0	0	0	0	11071512	
1349	16	0	0	0	0	11071524	
1350	16	0	0	0	0	11071606	
1351	16	0	0	0	0	11071612	
1352	16	0	0	0	0	11071624	
1353	16	0	0	0	0	11071706	
1354	16	0	0	0	0	11071712	
1355	16	0	0	0	0	11071724	
1356	16	0	0	0	0	11071806	
1357	16	0	0	0	0	11071812	
1358	16	0	0	0	0	11071824	
1359	16	0	0	0	0	11071906	
1360	16	0	0	0	0	11071912	
1361	16	0	0	0	0	11071924	
1362	16	0	0	0	0	11072006	
1363	16	0	0	0	0	11072012	
1364	16	0	0	0	0	11072024	
1365	16	0	0	0	0	11072106	
1366	16	0	0	0	0	11072112	
1367	16	0	0	0	0	11072124	
1368	16	0	0	0	0	11072206	
1369	16	0	0	0	0	11072212	
1370	16	0	0	0	0	11072224	
1371	16	0	0	0	0	11072306	
1372	16	0	0	0	0	11072312	
1373	16	0	0	0	0	11072324	
1374	16	0	0	0	0	11072406	
1375	16	0	0	0	0	11072412	
1376	16	0	0	0	0	11072424	
1377	16	0	0	0	0	11072506	
1378	16	0	0	0	0	11072512	
1379	16	0	0	0	0	11072524	
1380	16	0	0	0	0	11072606	
1381	16	0	0	0	0	11072612	
1382	16	0	0	0	0	11072624	
1383	16	0	0	0	0	11072706	
1384	16	0	0	0	0	11072712	
1385	16	0	0	0	0	11072724	
1386	16	0	0	0	0	11072806	
1387	16	0	0	0	0	11072812	
1388	16	0	0	0	0	11072824	
1389	16	0	0	0	0	11072906	
1390	16	0	0	0	0	11072912	
1391	16	0	0	0	0	11072924	
1392	16	0	0	0	0	11073006	
1393	16	0	0	0	0	11073012	
1394	16	0	0	0	0	11073024	
1395	16	0	0	0	0	11073106	
1396	16	0	0	0	0	11073112	
1397	16	0	0	0	0	11073124	
1398	16	0	0	0	0	11080106	
1399	16	0	0	0	0	11080112	
1400	16	0	0	0	0	11080124	
1401	16	0	0	0	0	11080206	
1402	16	0	0	0	0	11080212	
1403	16	0	0	0	0	11080224	
1404	16	0	0	0	0	11080306	
1405	16	0	0	0	0	11080312	
1406	16	0	0	0	0	11080324	
1407	16	0	0	0	0	11080406	
1408	16	0	0	0	0	11080412	
1409	16	0	0	0	0	11080424	
1410	16	0	0	0	0	11080506	
1411	16	0	0	0	0	11080512	
1412	16	0	0	0	0	11080524	
1413	16	0	0	0	0	11080606	
1414	16	0	0	0	0	11080612	
1415	16	0	0	0	0	11080624	
1416	16	0	0	0	0	11080706	
1417	16	0	0	0	0	11080712	
1418	16	0	0	0	0	11080724	
1419	16	0	0	0	0	11080806	
1420	16	0	0	0	0	11080812	
1421	16	0	0	0	0	11080824	
1422	16	0	0	0	0	11080906	
1423	16	0	0	0	0	11080912	
1424	16	0	0	0	0	11080924	
1425	16	0	0	0	0	11081006	
1426	16	0	0	0	0	11081012	
1427	16	0	0	0	0	11081024	
1428	16	0	0	0	0	11081106	
1429	16	0	0	0	0	11081112	
1430	16	0	0	0	0	11081124	
1431	16	0	0	0	0	11081206	
1432	16	0	0	0	0	11081212	
1433	16	0	0	0	0	11081224	
1434	16	0	0	0	0	11081306	
1435	16	0	0	0	0	11081312	
1436	16	0	0	0	0	11081324	
1437	16	0	0	0	0	11081406	
1438	16	0	0	0	0	11081412	
1439	16	0	0	0	0	11081424	
1440	16	0	0	0	0	11081506	
1441	16	0	0	0	0	11081512	
1442	16	0	0	0	0	11081524	
1443	16	0	0	0	0	11081606	
1444	16	0	0	0	0	11081612	
1445	16	0	0	0	0	11081624	
1446	16	0	0	0	0	11081706	
1447	16	0	0	0	0	11081712	
1448	16	0	0	0	0	11081724	
1449	16	0	0	0	0	11081806	
1450	16	0	0	0	0	11081812	
1451	16	0	0	0	0	11081824	
1452	16	0	0	0	0	11081906	
1453	16	0	0	0	0	11081912	
1454	16	0	0	0	0	11081924	
1455	16	0	0	0	0	11082006	
1456	16	0	0	0	0	11082012	
1457	16	0	0	0	0	11082024	
1458	16	0	0	0	0	11082106	
1459	16	0	0	0	0	11082112	
1460	16	0	0	0	0	11082124	
1461	16	0	0	0	0	11082206	
1462	16	0	0	0	0	11082212	
1463	16	0	0	0	0	11082224	
1464	16	0	0	0	0	11082306	
1465	16	0	0	0	0	11082312	
1466	16	0	0	0	0	11082324	
1467	16	0	0	0	0	11082406	
1468	16	0	0	0	0	11082412	
1469	16	0	0	0	0	11082424	
1470	16	0	0	0	0	11082506	
1471	16	0	0	0	0	11082512	
1472	16	0	0	0	0	11082524	
1473	16	0	0	0	0	11082606	
1474	16	0	0	0	0	11082612	
1475	16	0	0	0	0	11082624	
1476	16	0	0	0	0	11082706	
1477	16	0	0	0	0	11082712	
1478	16	0	0	0	0	11082724	
1479	16	0	0	0	0	11082806	
1480	16	0	0	0	0	11082812	
1481	16	0	0	0	0	11082824	
1482	16	0	0	0	0	11082906	
1483	16	0	0	0	0	11082912	
1484	16	0	0	0	0	11082924	
1485	16	0	0	0	0	11083006	
1486	16	0	0	0	0	11083012	
1487	16	0	0	0	0	11083024	
1488	16	0	0	0	0	11083106	
1489	16	0	0	0	0	11083112	
1490	16	0	0	0	0	11083124	
1491	16	0	0	0	0	11090106	
1492	16	0	0	0	0	11090112	
1493	16	0	0	0	0	11090124	
1494	16	0	0	0	0	11090206	
1495	16	0	0	0	0	11090212	
1496	16	0	0	0	0	11090224	
1497	16	0	0	0	0	11090306	
1498	16	0	0	0	0	11090312	
1499	16	0	0	0	0	11090324	
1500	16	0	0	0	0	11090406	
1501	16	0	0	0	0	11090412	
1502	16	0	0	0	0	11090424	
1503	16	0	0	0	0	11090506	
1504	16	0	0	0	0	11090512	
1505	16	0	0	0	0	11090524	
1506	16	0	0	0	0	11090606	
1507	16	0	0	0	0	11090612	
1508	16	0	0	0	0	11090624	
1509	16	0	0	0	0	11090706	
1510	16	0	0	0	0	11090712	
1511	16	0	0	0	0	11090724	
1512	16	0	0	0	0	11090806	
1513	16	0	0	0	0	11090812	
1514	16	0	0	0	0	11090824	
1515	16	0	0	0	0	11090906	
1516	16	0	0	0	0	11090912	
1517	16	0	0	0	0	11090924	
1518	16	0	0	0	0	11091006	
1519	16	0	0	0	0	11091012	
1520	16	0	0	0	0	11091024	
1521	16	0	0	0	0	11091106	
1522	16	0	0	0	0	11091112	
1523	16	0	0	0	0	11091124	
1524	16	0	0	0	0	11091206	
1525	16	0	0	0	0	11091212	
1526	16	0	0	0	0	11091224	
1527	16	0	0	0	0	11091306	
1528	16	0	0	0	0	11091312	
1529	16	0	0	0	0	11091324	
1530	16	0	0	0	0	11091406	
1531	16	0	0	0	0	11091412	
1532	16	0	0	0	0	11091424	
1533	16	0	0	0	0	11091506	
1534	16	0	0	0	0	11091512	
1535	16	0	0	0	0	11091524	
1536	16	0	0	0	0	11091606	
1537	16	0	0	0	0	11091612	
1538	16	0	0	0	0	11091624	
1539	16	0	0	0	0	11091706	
1540	16	0	0	0	0	11091712	
1541	16	0	0	0	0	11091724	
1542	16	0	0	0	0	11091806	
1543	16	0	0	0	0	11091812	
1544	16	0	0	0	0	11091824	
1545	16	0	0	0	0	11091906	
1546	16	0	0	0	0	11091912	
1547	16	0	0	0	0	11091924	
1548	16	0	0	0	0	11092006	
1549	16	0	0	0	0	11092012	
1550	16	0	0	0	0	11092024	
1551	16	0	0	0	0	11092106	
1552	16	0	0	0	0	11092112	
1553	16	0	0	0	0	11092124	
1554	16	0	0	0	0	11092206	
1555	16	0	0	0	0	11092212	
1556	16	0	0	0	0	11092224	
1557	16	0	0	0	0	11092306	
1558	16	0	0	0	0	11092312	
1559	16	0	0	0	0	11092324	
1560	16	0	0	0	0	11092406	
1561	16	0	0	0	0	11092412	
1562	16	0	0	0	0	11092424	
1563	16	0	0	0	0	11092506	
1564	16	0	0	0	0	11092512	
1565	16	0	0	0	0	11092524	
1566	16	0	0	0	0	11092606	
1567	16	0	0	0	0	11092612	
1568	16	0	0	0	0	11092624	
1569	16	0	0	0	0	11092706	
1570	16	0	0	0	0	11092712	
1571	16	0	0	0	0	11092724	
1572	16	0	0	0	0	11092806	
1573	16	0	0	0	0	11092812	
1574	16	0	0	0	0	11092824	
1575	16	0	0	0	0	11092906	
1576	16	0	0	0	0	11092912	
1577	16	0	0	0	0	11092924	
1578	16	0	0	0	0	11093006	
1579	16	0	0	0	0	11093012	
1580	16	0	0	0	0	11093024	
1581	16	0	0	0	0	11100106	
1582	16	0	0	0	0	11100112	
1583	16	0	0	0	0	11100124	
1584	16	0	0	0	0	11100206	
1585	16	0	0	0	0	11100212	
1586	16	0	0	0	0	11100224	
1587	16	0	0	0	0	11100306	
1588	16	0	0	0	0	11100312	
1589	16	0	0	0	0	11100324	
1590	16	0	0	0	0	11100406	
1591	16	0	0	0	0	11100412	
1592	16	0	0	0	0	11100424	
1593	16	0	0	0	0	11100506	
1594	16	0	0	0	0	11100512	
1595	16	0	0	0	0	11100524	
1596	16	0	0	0	0	11100606	
1597	16	0	0	0	0	11100612	
1598	16	0	0	0	0	11100624	
1599	16	0	0	0	0	11100706	
1600	16	0	0	0	0	11100712	
1601	16	0	0	0	0	11100724	
1602	16	0	0	0	0	11100806	
1603	16	0	0	0	0	11100812	
1604	16	0	0	0	0	11100824	
1605	16	0	0	0	0	11100906	
1606	16	0	0	0	0	11100912	
1607	16	0	0	0	0	11100924	
1608	16	0	0	0	0	11101006	
1609	16	0	0	0	0	11101012	
1610	16	0	0	0	0	11101024	
1611	16	0	0	0	0	11101106	
1612	16	0	0	0	0	11101112	
1613	16	0	0	0	0	11101124	
1614	16	0	0	0	0	11101206	
1615	16	0	0	0	0	11101212	
1616	16	0	0	0	0	11101224	
1617	16	0	0	0	0	11101306	
1618	16	0	0	0	0	11101312	
1619	16	0	0	0	0	11101324	
1620	16	0	0	0	0	11101406	
1621	16	0	0	0	0	11101412	
1622	16	0	0	0	0	11101424	
1623	16	0	0	0	0	11101506	
1624	16	0	0	0	0	11101512	
1625	16	0	0	0	0	11101524	
1626	16	0	0	0	0	11101606	
1627	16	0	0	0	0	11101612	
1628	16	0	0	0	0	11101624	
1629	16	0	0	0	0	11101706	
1630	16	0	0	0	0	11101712	
1631	16	0	0	0	0	11101724	
1632	16	0	0	0	0	11101806	
1633	16	0	0	0	0	11101812	
1634	16	0	0	0	0	11101824	
1635	16	0	0	0	0	11101906	
1636	16	0	0	0	0	11101912	
1637	16	0	0	0	0	11101924	
1638	16	0	0	0	0	11102006	
1639	16	0	0	0	0	11102012	
1640	16	0	0	0	0	11102024	
1641	16	0	0	0	0	11102106	
1642	16	0	0	0	0	11102112	
1643	16	0	0	0	0	11102124	
1644	16	0	0	0	0	11102206	
1645	16	0	0	0	0	11102212	
1646	16	0	0	0	0	11102224	
1647	16	0	0	0	0	11102306	
1648	16	0	0	0	0	11102312	
1649	16	0	0	0	0	11102324	
1650	16	0	0	0	0	11102406	
1651	16	0	0	0	0	11102412	
1652	16	0	0	0	0	11102424	
1653	16	0	0	0	0	11102506	
1654	16	0	0	0	0	11102512	
1655	16	0	0	0	0	11102524	
1656	16	0	0	0	0	11102606	
1657	16	0	0	0	0	11102612	
1658	16	0	0	0	0	11102624	
1659	16	0	0	0	0	11102706	
1660	16	0	0	0	0	11102712	
1661	16	0	0	0	0	11102724	
1662	16	0	0	0	0	11102806	
1663	16	0	0	0	0	11102812	
1664	16	0	0	0	0	11102824	
1665	16	0	0	0	0	11102906	
1666	16	0	0	0	0	11102912	
1667	16	0	0	0	0	11102924	
1668	16	0	0	0	0	11103006	
1669	16	0	0	0	0	11103012	
1670	16	0	0	0	0	11103024	
1671	16	0	0	0	0	11103106	
1672	16	0	0	0	0	11103112	
1673	16	0	0	0	0	11103124	
1674	16	0	0	0	0	11110106	
1675	16	0	0	0	0	11110112	
1676	16	0	0	0	0	11110124	
1677	16	0	0	0	0	11110206	
1678	16	0	0	0	0	11110212	
1679	16	0	0	0	0	11110224	
1680	16	0	0	0	0	11110306	
1681	16	0	0	0	0	11110312	
1682	16	0	0	0	0	11110324	
1683	16	0	0	0	0	11110406	
1684	16	0	0	0	0	11110412	
1685	16	0	0	0	0	11110424	
1686	16	0	0	0	0	11110506	
1687	16	0	0	0	0	11110512	
1688	16	0	0	0	0	11110524	
1689	16	0	0	0	0	11110606	
1690	16	0	0	0	0	11110612	
1691	16	0	0	0	0	11110624	
1692	16	0	0	0	0	11110706	
1693	16	0	0	0	0	11110712	
1694	16	0	0	0	0	11110724	
1695	16	0	0	0	0	11110806	
1696	16	0	0	0	0	11110812	
1697	16	0	0	0	0	11110824	
1698	16	0	0	0	0	11110906	
1699	16	0	0	0	0	11110912	
1700	16	0	0	0	0	11110924	
1701	16	0	0	0	0	11111006	
1702	16	0	0	0	0	11111012	
1703	16	0	0	0	0	11111024	
1704	16	0	0	0	0	11111106	
1705	16	0	0	0	0	11111112	
1706	16	0	0	0	0	11111124	
1707	16	0	0	0	0	11111206	
1708	16	0	0	0	0	11111212	
1709	16	0	0	0	0	11111224	
1710	16	0	0	0	0	11111306	
1711	16	0	0	0	0	11111312	
1712	16	0	0	0	0	11111324	
1713	16	0	0	0	0	11111406	
1714	16	0	0	0	0	11111412	
1715	16	0	0	0	0	11111424	
1716	16	0	0	0	0	11111506	
1717	16	0	0	0	0	11111512	
1718	16	0	0	0	0	11111524	
1719	16	0	0	0	0	11111606	
1720	16	0	0	0	0	11111612	
1721	16	0	0	0	0	11111624	
1722	16	0	0	0	0	11111706	
1723	16	0	0	0	0	11111712	
1724	16	0	0	0	0	11111724	
1725	16	0	0	0	0	11111806	
1726	16	0	0	0	0	11111812	
1727	16	0	0	0	0	11111824	
1728	16	0	0	0	0	11111906	
1729	16	0	0	0	0	11111912	
1730	16	0	0	0	0	11111924	
1731	16	0	0	0	0	11112006	
1732	16	0	0	0	0	11112012	
1733	16	0	0	0	0	11112024	
1734	16	0	0	0	0	11112106	
1735	16	0	0	0	0	11112112	
1736	16	0	0	0	0	11112124	
1737	16	0	0	0	0	11112206	
1738	16	0	0	0	0	11112212	
1739	16	0	0	0	0	11112224	
1740	16	0	0	0	0	11112306	
1741	16	0	0	0	0	11112312	
1742	16	0	0	0	0	11112324	
1743	16	0	0	0	0	11112406	
1744	16	0	0	0	0	11112412	
1745	16	0	0	0	0	11112424	
1746	16	0	0	0	0	11112506	
1747	16	0	0	0	0	11112512	
1748	16	0	0	0	0	11112524	
1749	16	0	0	0	0	11112606	
1750	16	0	0	0	0	11112612	
1751	16	0	0	0	0	11112624	
1752	16	0	0	0	0	11112706	
1753	16	0	0	0	0	11112712	
1754	16	0	0	0	0	11112724	
1755	16	0	0	0	0	11112806	
1756	16	0	0	0	0	11112812	
1757	16	0	0	0	0	11112824	
1758	16	0	0	0	0	11112906	
1759	16	0	0	0	0	11112912	
1760	16	0	0	0	0	11112924	
1761	16	0	0	0	0	11113006	
1762	16	0	0	0	0	11113012	
1763	16	0	0	0	0	11113024	
1764	16	0	0	0	0	11120106	
1765	16	0	0	0	0	11120112	
1766	16	0	0	0	0	11120124	
1767	16	0	0	0	0	11120206	
1768	16	0	0	0	0	11120212	
1769	16	0	0	0	0	11120224	
1770	16	0	0	0	0	11120306	
1771	16	0	0	0	0	11120312	
1772	16	0	0	0	0	11120324	
1773	16	0	0	0	0	11120406	
1774	16	0	0	0	0	11120412	
1775	16	0	0	0	0	11120424	
1776	16	0	0	0	0	11120506	
1777	16	0	0	0	0	11120512	
1778	16	0	0	0	0	11120524	
1779	16	0	0	0	0	11120606	
1780	16	0	0	0	0	11120612	
1781	16	0	0	0	0	11120624	
1782	16	0	0	0	0	11120706	
1783	16	0	0	0	0	11120712	
1784	16	0	0	0	0	11120724	
1785	16	0	0	0	0	11120806	
1786	16	0	0	0	0	11120812	
1787	16	0	0	0	0	11120824	
1788	16	0	0	0	0	11120906	
1789	16	0	0	0	0	11120912	
1790	16	0	0	0	0	11120924	
1791	16	0	0	0	0	11121006	
1792	16	0	0	0	0	11121012	
1793	16	0	0	0	0	11121024	
1794	16	0	0	0	0	11121106	
1795	16	0	0	0	0	11121112	
1796	16	0	0	0	0	11121124	
1797	16	0	0	0	0	11121206	
1798	16	0	0	0	0	11121212	
1799	16	0	0	0	0	11121224	
1800	16	0	0	0	0	11121306	
1801	16	0	0	0	0	11121312	
1802	16	0	0	0	0	11121324	
1803	16	0	0	0	0	11121406	
1804	16	0	0	0	0	11121412	
1805	16	0	0	0	0	11121424	
1806	16	0	0	0	0	11121506	
1807	16	0	0	0	0	11121512	
1808	16	0	0	0	0	11121524	
1809	16	0	0	0	0	11121606	
1810	16	0	0	0	0	11121612	
1811	16	0	0	0	0	11121624	
1812	16	0	0	0	0	11121706	
1813	16	0	0	0	0	11121712	
1814	16	0	0	0	0	11121724	
1815	16	0	0	0	0	11121806	
1816	16	0	0	0	0	11121812	
1817	16	0	0	0	0	11121824	
1818	16	0	0	0	0	11121906	
1819	16	0	0	0	0	11121912	
1820	16	0	0	0	0	11121924	
1821	16	0	0	0	0	11122006	
1822	16	0	0	0	0	11122012	
1823	16	0	0	0	0	11122024	
1824	16	0	0	0	0	11122106	
1825	16	0	0	0	0	11122112	
1826	16	0	0	0	0	11122124	
1827	16	0	0	0	0	11122206	
1828	16	0	0	0	0	11122212	
1829	16	0	0	0	0	11122224	
1830	16	0	0	0	0	11122306	
1831	16	0	0	0	0	11122312	
1832	16	0	0	0	0	11122324	
1833	16	0	0	0	0	11122406	
1834	16	0	0	0	0	11122412	
1835	16	0	0	0	0	11122424	
1836	16	0	0	0	0	11122506	
1837	16	0	0	0	0	11122512	
1838	16	0	0	0	0	11122524	
1839	16	0	0	0	0	11122606	
1840	16	0	0	0	0	11122612	
1841	16	0	0	0	0	11122624	
1842	16	0	0	0	0	11122706	
1843	16	0	0	0	0	11122712	
1844	16	0	0	0	0	11122724	
1845	16	0	0	0	0	11122806	
1846	16	0	0	0	0	11122812	
1847	16	0	0	0	0	11122824	
1848	16	0	0	0	0	11122906	
1849	16	0	0	0	0	11122912	
1850	16	0	0	0	0	11122924	
1851	16	0	0	0	0	11123006	
1852	16	0	0	0	0	11123012	
1853	16	0	0	0	0	11123024	
1854	16	0	0	0	0	11123106	
1855	16	0	0	0	0	11123112	
1856	16	0	0	0	0	11123124	
1857	16	0	0	0	0	12010106	
1858	16	0	0	0	0	12010112	
1859	16	0	0	0	0	12010124	
1860	16	0	0	0	0	12010206	
1861	16	0	0	0	0	12010212	
1862	16	0	0	0	0	12010224	
1863	16	0	0	0	0	12010306	
1864	16	0	0	0	0	12010312	
1865	16	0	0	0	0	12010324	
1866	16	0	0	0	0	12010406	
1867	16	0	0	0	0	12010412	
1868	16	0	0	0	0	12010424	
1869	16	0	0	0	0	12010506	
1870	16	0	0	0	0	12010512	
1871	16	0	0	0	0	12010524	
1872	16	0	0	0	0	12010606	
1873	16	0	0	0	0	12010612	
1874	16	0	0	0	0	12010624	
1875	16	0	0	0	0	12010706	
1876	16	0	0	0	0	12010712	
1877	16	0	0	0	0	12010724	
1878	16	0	0	0	0	12010806	
1879	16	0	0	0	0	12010812	
1880	16	0	0	0	0	12010824	
1881	16	0	0	0	0	12010906	
1882	16	0	0	0	0	12010912	
1883	16	0	0	0	0	12010924	
1884	16	0	0	0	0	12011006	
1885	16	0	0	0	0	12011012	
1886	16	0	0	0	0	12011024	
1887	16	0	0	0	0	12011106	
1888	16	0	0	0	0	12011112	
1889	16	0	0	0	0	12011124	
1890	16	0	0	0	0	12011206	
1891	16	0	0	0	0	12011212	
1892	16	0	0	0	0	12011224	
1893	16	0	0	0	0	12011306	
1894	16	0	0	0	0	12011312	
1895	16	0	0	0	0	12011324	
1896	16	0	0	0	0	12011406	
1897	16	0	0	0	0	12011412	
1898	16	0	0	0	0	12011424	
1899	16	0	0	0	0	12011506	
1900	16	0	0	0	0	12011512	
1901	16	0	0	0	0	12011524	
1902	16	0	0	0	0	12011606	
1903	16	0	0	0	0	12011612	
1904	16	0	0	0	0	12011624	
1905	16	0	0	0	0	12011706	
1906	16	0	0	0	0	12011712	
1907	16	0	0	0	0	12011724	
1908	16	0	0	0	0	12011806	
1909	16	0	0	0	0	12011812	
1910	16	0	0	0	0	12011824	
1911	16	0	0	0	0	12011906	
1912	16	0	0	0	0	12011912	
1913	16	0	0	0	0	12011924	
1914	16	0	0	0	0	12012006	
1915	16	0	0	0	0	12012012	
1916	16	0	0	0	0	12012024	
1917	16	0	0	0	0	12012106	
1918	16	0	0	0	0	12012112	
1919	16	0	0	0	0	12012124	
1920	16	0	0	0	0	12012206	
1921	16	0	0	0	0	12012212	
1922	16	0	0	0	0	12012224	
1923	16	0	0	0	0	12012306	
1924	16	0	0	0	0	12012312	
1925	16	0	0	0	0	12012324	
1926	16	0	0	0	0	12012406	
1927	16	0	0	0	0	12012412	
1928	16	0	0	0	0	12012424	
1929	16	0	0	0	0	12012506	
1930	16	0	0	0	0	12012512	
1931	16	0	0	0	0	12012524	
1932	16	0	0	0	0	12012606	
1933	16	0	0	0	0	12012612	
1934	16	0	0	0	0	12012624	
1935	16	0	0	0	0	12012706	
1936	16	0	0	0	0	12012712	
1937	16	0	0	0	0	12012724	
1938	16	0	0	0	0	12012806	
1939	16	0	0	0	0	12012812	
1940	16	0	0	0	0	12012824	
1941	16	0	0	0	0	12012906	
1942	16	0	0	0	0	12012912	
1943	16	0	0	0	0	12012924	
1944	16	0	0	0	0	12013006	
1945	16	0	0	0	0	12013012	
1946	16	0	0	0	0	12013024	
1947	16	0	0	0	0	12013106	
1948	16	0	0	0	0	12013112	
1949	16	0	0	0	0	12013124	
1950	16	0	0	0	0	12020106	
1951	16	0	0	0	0	12020112	
1952	16	0	0	0	0	12020124	
1953	16	0	0	0	0	12020206	
1954	16	0	0	0	0	12020212	
1955	16	0	0	0	0	12020224	
1956	16	0	0	0	0	12020306	
1957	16	0	0	0	0	12020312	
1958	16	0	0	0	0	12020324	
1959	16	0	0	0	0	12020406	
1960	16	0	0	0	0	12020412	
1961	16	0	0	0	0	12020424	
1962	16	0	0	0	0	12020506	
1963	16	0	0	0	0	12020512	
1964	16	0	0	0	0	12020524	
1965	16	0	0	0	0	12020606	
1966	16	0	0	0	0	12020612	
1967	16	0	0	0	0	12020624	
1968	16	0	0	0	0	12020706	
1969	16	0	0	0	0	12020712	
1970	16	0	0	0	0	12020724	
1971	16	0	0	0	0	12020806	
1972	16	0	0	0	0	12020812	
1973	16	0	0	0	0	12020824	
1974	16	0	0	0	0	12020906	
1975	16	0	0	0	0	12020912	
1976	16	0	0	0	0	12020924	
1977	16	0	0	0	0	12021006	
1978	16	0	0	0	0	12021012	
1979	16	0	0	0	0	12021024	
1980	16	0	0	0	0	12021106	
1981	16	0	0	0	0	12021112	
1982	16	0	0	0	0	12021124	
1983	16	0	0	0	0	12021206	
1984	16	0	0	0	0	12021212	
1985	16	0	0	0	0	12021224	
1986	16	0	0	0	0	12021306	
1987	16	0	0	0	0	12021312	
1988	16	0	0	0	0	12021324	
1989	16	0	0	0	0	12021406	
1990	16	0	0	0	0	12021412	
1991	16	0	0	0	0	12021424	
1992	16	0	0	0	0	12021506	
1993	16	0	0	0	0	12021512	
1994	16	0	0	0	0	12021524	
1995	16	0	0	0	0	12021606	
1996	16	0	0	0	0	12021612	
1997	16	0	0	0	0	12021624	
1998	16	0	0	0	0	12021706	
1999	16	0	0	0	0	12021712	
2000	16	0	0	0	0	12021724	
2001	16	0	0	0	0	12021806	
2002	16	0	0	0	0	12021812	
2003	16	0	0	0	0	12021824	
2004	16	0	0	0	0	12021906	
2005	16	0	0	0	0	12021912	
2006	16	0	0	0	0	12021924	
2007	16	0	0	0	0	12022006	
2008	16	0	0	0	0	12022012	
2009	16	0	0	0	0	12022024	
2010	16	0	0	0	0	12022106	
2011	16	0	0	0	0	12022112	
2012	16	0	0	0	0	12022124	
2013	16	0	0	0	0	12022206	
2014	16	0	0	0	0	12022212	
2015	16	0	0	0	0	12022224	
2016	16	0	0	0	0	12022306	
2017	16	0	0	0	0	12022312	
2018	16	0	0	0	0	12022324	
2019	16	0	0	0	0	12022406	
2020	16	0	0	0	0	12022412	
2021	16	0	0	0	0	12022424	
2022	16	0	0	0	0	12022506	
2023	16	0	0	0	0	12022512	
2024	16	0	0	0	0	12022524	
2025	16	0	0	0	0	12022606	
2026	16	0	0	0	0	12022612	
2027	16	0	0	0	0	12022624	
2028	16	0	0	0	0	12022706	
2029	16	0	0	0	0	12022712	
2030	16	0	0	0	0	12022724	
2031	16	0	0	0	0	12022806	
2032	16	0	0	0	0	12022812	
2033	16	0	0	0	0	12022824	
2034	16	0	0	0	0	12022906	
2035	16	0	0	0	0	12022912	
2036	16	0	0	0	0	12022924	
2037	16	0	0	0	0	12030106	
2038	16	0	0	0	0	12030112	
2039	16	0	0	0	0	12030124	
2040	16	0	0	0	0	12030206	
2041	16	0	0	0	0	12030212	
2042	16	0	0	0	0	12030224	
2043	16	0	0	0	0	12030306	
2044	16	0	0	0	0	12030312	
2045	16	0	0	0	0	12030324	
2046	16	0	0	0	0	12030406	
2047	16	0	0	0	0	12030412	
2048	16	0	0	0	0	12030424	
2049	16	0	0	0	0	12030506	
2050	16	0	0	0	0	12030512	
2051	16	0	0	0	0	12030524	
2052	16	0	0	0	0	12030606	
2053	16	0	0	0	0	12030612	
2054	16	0	0	0	0	12030624	
2055	16	0	0	0	0	12030706	
2056	16	0	0	0	0	12030712	
2057	16	0	0	0	0	12030724	
2058	16	0	0	0	0	12030806	
2059	16	0	0	0	0	12030812	
2060	16	0	0	0	0	12030824	
2061	16	0	0	0	0	12030906	
2062	16	0	0	0	0	12030912	
2063	16	0	0	0	0	12030924	
2064	16	0	0	0	0	12031006	
2065	16	0	0	0	0	12031012	
2066	16	0	0	0	0	12031024	
2067	16	0	0	0	0	12031106	
2068	16	0	0	0	0	12031112	
2069	16	0	0	0	0	12031124	
2070	16	0	0	0	0	12031206	
2071	16	0	0	0	0	12031212	
2072	16	0	0	0	0	12031224	
2073	16	0	0	0	0	12031306	
2074	16	0	0	0	0	12031312	
2075	16	0	0	0	0	12031324	
2076	16	0	0	0	0	12031406	
2077	16	1048576	0.0009765625	1048576	0.0009765625	12031412	
2078	16	0	0	1048576	0.0009765625	12031424	
2079	16	0	0	1048576	0.0009765625	12031506	
2080	16	0	0	1048576	0.0009765625	12031512	
2081	16	0	0	1048576	0.0009765625	12031524	
2082	16	0	0	1048576	0.0009765625	12031606	
2083	16	0	0	1048576	0.0009765625	12031612	
2084	16	0	0	1048576	0.0009765625	12031624	
2085	16	0	0	1048576	0.0009765625	12031706	
2086	16	0	0	1048576	0.0009765625	12031712	
2087	16	0	0	1048576	0.0009765625	12031724	
2088	16	0	0	1048576	0.0009765625	12031806	
2089	16	0	0	1048576	0.0009765625	12031812	
2090	16	0	0	1048576	0.0009765625	12031824	
2091	16	0	0	1048576	0.0009765625	12031906	
2092	16	0	0	1048576	0.0009765625	12031912	
2093	16	0	0	1048576	0.0009765625	12031924	
2094	16	0	0	1048576	0.0009765625	12032006	
2095	16	146800.64	0.00013671875	1195376.64	0.00111328125	12032012	
2096	16	-146800.64	0	1048576	0.0009765625	12032024	
2097	16	0	0	1048576	0.0009765625	12032106	
2098	16	13631488	0.0126953125	14680064	0.013671875	12032112	
2099	16	0	0.0126953125	14680064	0.013671875	12032124	
2100	16	0	0.0126953125	14680064	0.013671875	12032206	
2101	16	0	0.0126953125	14680064	0.013671875	12032212	
2102	16	0	0.0126953125	14680064	0.013671875	12032224	
2103	16	0	0.0126953125	14680064	0.013671875	12032306	
2104	16	16043212.8	0.02763671875	30723276.8	0.02861328125	12032312	
2105	16	0	0.02763671875	30723276.8	0.02861328125	12032324	
2106	16	0	0.02763671875	30723276.8	0.02861328125	12032406	
2107	16	0	0.02763671875	30723276.8	0.02861328125	12032412	
2108	16	0	0.02763671875	30723276.8	0.02861328125	12032424	
2109	16	-314572.800000001	0.02734375	30408704	0.0283203125	12032506	
2110	16	0	0.02734375	30408704	0.0283203125	12032512	
2111	16	0	0.02734375	30408704	0.0283203125	12032524	
2112	16	0	0.02734375	30408704	0.0283203125	12032606	
2113	16	0	0.02734375	30408704	0.0283203125	12032612	
2114	16	0	0.02734375	30408704	0.0283203125	12032624	
2115	16	0	0.02734375	30408704	0.0283203125	12032706	
2116	16	0	0.02734375	30408704	0.0283203125	12032712	
2117	16	0	0.02734375	30408704	0.0283203125	12032724	
2118	16	0	0.02734375	30408704	0.0283203125	12032806	
2119	16	0	0.02734375	30408704	0.0283203125	12032812	
2120	16	36385587.2	0.06123046875	66794291.2	0.06220703125	12032824	
2121	16	0	0.06123046875	66794291.2	0.06220703125	12032906	
2122	16	0	0.06123046875	66794291.2	0.06220703125	12032912	
2123	16	0	0.06123046875	66794291.2	0.06220703125	12032924	
2124	16	0	0.06123046875	66794291.2	0.06220703125	12033006	
2125	16	-734003.200000003	0.060546875	66060288	0.0615234375	12033012	
2126	16	16777216	0.076171875	82837504	0.0771484375	12033024	
2127	16	0	0.076171875	82837504	0.0771484375	12033106	
2128	16	0	0.076171875	82837504	0.0771484375	12033112	
2129	16	0	0.076171875	82837504	0.0771484375	12033124	
2130	16	0	0.076171875	82837504	0.0771484375	12040106	
2131	16	0	0.076171875	82837504	0.0771484375	12040112	
2132	16	0	0.076171875	82837504	0.0771484375	12040124	
2133	16	0	0.076171875	82837504	0.0771484375	12040206	
2134	16	0	0.076171875	82837504	0.0771484375	12040212	
2135	16	0	0.076171875	82837504	0.0771484375	12040224	
2136	16	0	0.076171875	82837504	0.0771484375	12040306	
2137	16	0	0.076171875	82837504	0.0771484375	12040312	
2138	16	0	0.076171875	82837504	0.0771484375	12040324	
