0	15	0	0	0	0	10042206	
1	15	0	0	0	0	10042212	
2	15	0	0	0	0	10042224	
3	15	0	0	0	0	10042306	
4	15	0	0	0	0	10042312	
5	15	0	0	0	0	10042324	
6	15	0	0	0	0	10042406	
7	15	0	0	0	0	10042412	
8	15	0	0	0	0	10042424	
9	15	0	0	0	0	10042506	
10	15	0	0	0	0	10042512	
11	15	0	0	0	0	10042524	
12	15	0	0	0	0	10042606	
13	15	0	0	0	0	10042612	
14	15	0	0	0	0	10042624	
15	15	0	0	0	0	10042706	
16	15	0	0	0	0	10042712	
17	15	0	0	0	0	10042724	
18	15	0	0	0	0	10042806	
19	15	0	0	0	0	10042812	
20	15	0	0	0	0	10042824	
21	15	0	0	0	0	10042906	
22	15	0	0	0	0	10042912	
23	15	0	0	0	0	10042924	
24	15	0	0	0	0	10043006	
25	15	0	0	0	0	10043012	
26	15	0	0	0	0	10043024	
27	15	0	0	0	0	10050106	
28	15	0	0	0	0	10050112	
29	15	0	0	0	0	10050124	
30	15	0	0	0	0	10050206	
31	15	0	0	0	0	10050212	
32	15	0	0	0	0	10050224	
33	15	0	0	0	0	10050306	
34	15	0	0	0	0	10050312	
35	15	0	0	0	0	10050324	
36	15	0	0	0	0	10050406	
37	15	0	0	0	0	10050412	
38	15	0	0	0	0	10050424	
39	15	0	0	0	0	10050506	
40	15	0	0	0	0	10050512	
41	15	0	0	0	0	10050524	
42	15	0	0	0	0	10050606	
43	15	0	0	0	0	10050612	
44	15	0	0	0	0	10050624	
45	15	0	0	0	0	10050706	
46	15	0	0	0	0	10050712	
47	15	0	0	0	0	10050724	
48	15	0	0	0	0	10050806	
49	15	0	0	0	0	10050812	
50	15	0	0	0	0	10050824	
51	15	0	0	0	0	10050906	
52	15	0	0	0	0	10050912	
53	15	0	0	0	0	10050924	
54	15	0	0	0	0	10051006	
55	15	0	0	0	0	10051012	
56	15	0	0	0	0	10051024	
57	15	0	0	0	0	10051106	
58	15	0	0	0	0	10051112	
59	15	0	0	0	0	10051124	
60	15	0	0	0	0	10051206	
61	15	0	0	0	0	10051212	
62	15	0	0	0	0	10051224	
63	15	0	0	0	0	10051306	
64	15	0	0	0	0	10051312	
65	15	0	0	0	0	10051324	
66	15	0	0	0	0	10051406	
67	15	0	0	0	0	10051412	
68	15	0	0	0	0	10051424	
69	15	0	0	0	0	10051506	
70	15	0	0	0	0	10051512	
71	15	0	0	0	0	10051524	
72	15	0	0	0	0	10051606	
73	15	0	0	0	0	10051612	
74	15	0	0	0	0	10051624	
75	15	0	0	0	0	10051706	
76	15	0	0	0	0	10051712	
77	15	0	0	0	0	10051724	
78	15	0	0	0	0	10051806	
79	15	0	0	0	0	10051812	
80	15	0	0	0	0	10051824	
81	15	0	0	0	0	10051906	
82	15	0	0	0	0	10051912	
83	15	0	0	0	0	10051924	
84	15	0	0	0	0	10052006	
85	15	0	0	0	0	10052012	
86	15	0	0	0	0	10052024	
87	15	0	0	0	0	10052106	
88	15	0	0	0	0	10052112	
89	15	0	0	0	0	10052124	
90	15	0	0	0	0	10052206	
91	15	0	0	0	0	10052212	
92	15	0	0	0	0	10052224	
93	15	0	0	0	0	10052306	
94	15	0	0	0	0	10052312	
95	15	0	0	0	0	10052324	
96	15	0	0	0	0	10052406	
97	15	0	0	0	0	10052412	
98	15	0	0	0	0	10052424	
99	15	0	0	0	0	10052506	
100	15	0	0	0	0	10052512	
101	15	0	0	0	0	10052524	
102	15	0	0	0	0	10052606	
103	15	0	0	0	0	10052612	
104	15	0	0	0	0	10052624	
105	15	0	0	0	0	10052706	
106	15	0	0	0	0	10052712	
107	15	0	0	0	0	10052724	
108	15	0	0	0	0	10052806	
109	15	0	0	0	0	10052812	
110	15	0	0	0	0	10052824	
111	15	0	0	0	0	10052906	
112	15	0	0	0	0	10052912	
113	15	0	0	0	0	10052924	
114	15	0	0	0	0	10053006	
115	15	0	0	0	0	10053012	
116	15	0	0	0	0	10053024	
117	15	0	0	0	0	10053106	
118	15	0	0	0	0	10053112	
119	15	0	0	0	0	10053124	
120	15	0	0	0	0	10060106	
121	15	0	0	0	0	10060112	
122	15	0	0	0	0	10060124	
123	15	0	0	0	0	10060206	
124	15	0	0	0	0	10060212	
125	15	0	0	0	0	10060224	
126	15	0	0	0	0	10060306	
127	15	0	0	0	0	10060312	
128	15	0	0	0	0	10060324	
129	15	0	0	0	0	10060406	
130	15	0	0	0	0	10060412	
131	15	0	0	0	0	10060424	
132	15	0	0	0	0	10060506	
133	15	0	0	0	0	10060512	
134	15	0	0	0	0	10060524	
135	15	0	0	0	0	10060606	
136	15	0	0	0	0	10060612	
137	15	0	0	0	0	10060624	
138	15	0	0	0	0	10060706	
139	15	0	0	0	0	10060712	
140	15	0	0	0	0	10060724	
141	15	0	0	0	0	10060806	
142	15	0	0	0	0	10060812	
143	15	0	0	0	0	10060824	
144	15	0	0	0	0	10060906	
145	15	0	0	0	0	10060912	
146	15	0	0	0	0	10060924	
147	15	0	0	0	0	10061006	
148	15	0	0	0	0	10061012	
149	15	0	0	0	0	10061024	
150	15	0	0	0	0	10061106	
151	15	0	0	0	0	10061112	
152	15	0	0	0	0	10061124	
153	15	0	0	0	0	10061206	
154	15	0	0	0	0	10061212	
155	15	0	0	0	0	10061224	
156	15	0	0	0	0	10061306	
157	15	0	0	0	0	10061312	
158	15	0	0	0	0	10061324	
159	15	0	0	0	0	10061406	
160	15	0	0	0	0	10061412	
161	15	0	0	0	0	10061424	
162	15	0	0	0	0	10061506	
163	15	0	0	0	0	10061512	
164	15	0	0	0	0	10061524	
165	15	0	0	0	0	10061606	
166	15	0	0	0	0	10061612	
167	15	0	0	0	0	10061624	
168	15	0	0	0	0	10061706	
169	15	0	0	0	0	10061712	
170	15	0	0	0	0	10061724	
171	15	0	0	0	0	10061806	
172	15	0	0	0	0	10061812	
173	15	0	0	0	0	10061824	
174	15	0	0	0	0	10061906	
175	15	0	0	0	0	10061912	
176	15	0	0	0	0	10061924	
177	15	0	0	0	0	10062006	
178	15	0	0	0	0	10062012	
179	15	0	0	0	0	10062024	
180	15	0	0	0	0	10062106	
181	15	0	0	0	0	10062112	
182	15	0	0	0	0	10062124	
183	15	0	0	0	0	10062206	
184	15	0	0	0	0	10062212	
185	15	0	0	0	0	10062224	
186	15	0	0	0	0	10062306	
187	15	0	0	0	0	10062312	
188	15	0	0	0	0	10062324	
189	15	0	0	0	0	10062406	
190	15	0	0	0	0	10062412	
191	15	0	0	0	0	10062424	
192	15	0	0	0	0	10062506	
193	15	0	0	0	0	10062512	
194	15	0	0	0	0	10062524	
195	15	0	0	0	0	10062606	
196	15	0	0	0	0	10062612	
197	15	0	0	0	0	10062624	
198	15	0	0	0	0	10062706	
199	15	0	0	0	0	10062712	
200	15	0	0	0	0	10062724	
201	15	0	0	0	0	10062806	
202	15	0	0	0	0	10062812	
203	15	0	0	0	0	10062824	
204	15	0	0	0	0	10062906	
205	15	0	0	0	0	10062912	
206	15	0	0	0	0	10062924	
207	15	0	0	0	0	10063006	
208	15	0	0	0	0	10063012	
209	15	0	0	0	0	10063024	
210	15	0	0	0	0	10070106	
211	15	0	0	0	0	10070112	
212	15	0	0	0	0	10070124	
213	15	0	0	0	0	10070206	
214	15	0	0	0	0	10070212	
215	15	0	0	0	0	10070224	
216	15	0	0	0	0	10070306	
217	15	0	0	0	0	10070312	
218	15	0	0	0	0	10070324	
219	15	0	0	0	0	10070406	
220	15	0	0	0	0	10070412	
221	15	0	0	0	0	10070424	
222	15	0	0	0	0	10070506	
223	15	0	0	0	0	10070512	
224	15	0	0	0	0	10070524	
225	15	0	0	0	0	10070606	
226	15	0	0	0	0	10070612	
227	15	0	0	0	0	10070624	
228	15	0	0	0	0	10070706	
229	15	0	0	0	0	10070712	
230	15	0	0	0	0	10070724	
231	15	0	0	0	0	10070806	
232	15	0	0	0	0	10070812	
233	15	0	0	0	0	10070824	
234	15	0	0	0	0	10070906	
235	15	0	0	0	0	10070912	
236	15	0	0	0	0	10070924	
237	15	0	0	0	0	10071006	
238	15	0	0	0	0	10071012	
239	15	0	0	0	0	10071024	
240	15	0	0	0	0	10071106	
241	15	0	0	0	0	10071112	
242	15	0	0	0	0	10071124	
243	15	0	0	0	0	10071206	
244	15	0	0	0	0	10071212	
245	15	0	0	0	0	10071224	
246	15	0	0	0	0	10071306	
247	15	0	0	0	0	10071312	
248	15	0	0	0	0	10071324	
249	15	0	0	0	0	10071406	
250	15	0	0	0	0	10071412	
251	15	0	0	0	0	10071424	
252	15	0	0	0	0	10071506	
253	15	0	0	0	0	10071512	
254	15	0	0	0	0	10071524	
255	15	0	0	0	0	10071606	
256	15	0	0	0	0	10071612	
257	15	0	0	0	0	10071624	
258	15	0	0	0	0	10071706	
259	15	0	0	0	0	10071712	
260	15	0	0	0	0	10071724	
261	15	0	0	0	0	10071806	
262	15	0	0	0	0	10071812	
263	15	0	0	0	0	10071824	
264	15	0	0	0	0	10071906	
265	15	0	0	0	0	10071912	
266	15	0	0	0	0	10071924	
267	15	0	0	0	0	10072006	
268	15	0	0	0	0	10072012	
269	15	0	0	0	0	10072024	
270	15	0	0	0	0	10072106	
271	15	0	0	0	0	10072112	
272	15	0	0	0	0	10072124	
273	15	0	0	0	0	10072206	
274	15	0	0	0	0	10072212	
275	15	0	0	0	0	10072224	
276	15	0	0	0	0	10072306	
277	15	0	0	0	0	10072312	
278	15	0	0	0	0	10072324	
279	15	0	0	0	0	10072406	
280	15	0	0	0	0	10072412	
281	15	0	0	0	0	10072424	
282	15	0	0	0	0	10072506	
283	15	0	0	0	0	10072512	
284	15	0	0	0	0	10072524	
285	15	0	0	0	0	10072606	
286	15	0	0	0	0	10072612	
287	15	0	0	0	0	10072624	
288	15	0	0	0	0	10072706	
289	15	0	0	0	0	10072712	
290	15	0	0	0	0	10072724	
291	15	0	0	0	0	10072806	
292	15	0	0	0	0	10072812	
293	15	0	0	0	0	10072824	
294	15	0	0	0	0	10072906	
295	15	0	0	0	0	10072912	
296	15	0	0	0	0	10072924	
297	15	0	0	0	0	10073006	
298	15	0	0	0	0	10073012	
299	15	0	0	0	0	10073024	
300	15	0	0	0	0	10073106	
301	15	0	0	0	0	10073112	
302	15	0	0	0	0	10073124	
303	15	0	0	0	0	10080106	
304	15	0	0	0	0	10080112	
305	15	0	0	0	0	10080124	
306	15	0	0	0	0	10080206	
307	15	0	0	0	0	10080212	
308	15	0	0	0	0	10080224	
309	15	0	0	0	0	10080306	
310	15	0	0	0	0	10080312	
311	15	0	0	0	0	10080324	
312	15	0	0	0	0	10080406	
313	15	0	0	0	0	10080412	
314	15	0	0	0	0	10080424	
315	15	0	0	0	0	10080506	
316	15	0	0	0	0	10080512	
317	15	0	0	0	0	10080524	
318	15	0	0	0	0	10080606	
319	15	0	0	0	0	10080612	
320	15	0	0	0	0	10080624	
321	15	0	0	0	0	10080706	
322	15	0	0	0	0	10080712	
323	15	0	0	0	0	10080724	
324	15	0	0	0	0	10080806	
325	15	0	0	0	0	10080812	
326	15	0	0	0	0	10080824	
327	15	0	0	0	0	10080906	
328	15	0	0	0	0	10080912	
329	15	0	0	0	0	10080924	
330	15	0	0	0	0	10081006	
331	15	0	0	0	0	10081012	
332	15	0	0	0	0	10081024	
333	15	0	0	0	0	10081106	
334	15	0	0	0	0	10081112	
335	15	0	0	0	0	10081124	
336	15	0	0	0	0	10081206	
337	15	0	0	0	0	10081212	
338	15	0	0	0	0	10081224	
339	15	0	0	0	0	10081306	
340	15	0	0	0	0	10081312	
341	15	0	0	0	0	10081324	
342	15	0	0	0	0	10081406	
343	15	0	0	0	0	10081412	
344	15	0	0	0	0	10081424	
345	15	0	0	0	0	10081506	
346	15	0	0	0	0	10081512	
347	15	0	0	0	0	10081524	
348	15	0	0	0	0	10081606	
349	15	0	0	0	0	10081612	
350	15	0	0	0	0	10081624	
351	15	0	0	0	0	10081706	
352	15	0	0	0	0	10081712	
353	15	0	0	0	0	10081724	
354	15	0	0	0	0	10081806	
355	15	0	0	0	0	10081812	
356	15	0	0	0	0	10081824	
357	15	0	0	0	0	10081906	
358	15	0	0	0	0	10081912	
359	15	0	0	0	0	10081924	
360	15	0	0	0	0	10082006	
361	15	0	0	0	0	10082012	
362	15	0	0	0	0	10082024	
363	15	0	0	0	0	10082106	
364	15	0	0	0	0	10082112	
365	15	0	0	0	0	10082124	
366	15	0	0	0	0	10082206	
367	15	0	0	0	0	10082212	
368	15	0	0	0	0	10082224	
369	15	0	0	0	0	10082306	
370	15	0	0	0	0	10082312	
371	15	0	0	0	0	10082324	
372	15	0	0	0	0	10082406	
373	15	0	0	0	0	10082412	
374	15	0	0	0	0	10082424	
375	15	0	0	0	0	10082506	
376	15	0	0	0	0	10082512	
377	15	0	0	0	0	10082524	
378	15	0	0	0	0	10082606	
379	15	0	0	0	0	10082612	
380	15	0	0	0	0	10082624	
381	15	0	0	0	0	10082706	
382	15	0	0	0	0	10082712	
383	15	0	0	0	0	10082724	
384	15	0	0	0	0	10082806	
385	15	0	0	0	0	10082812	
386	15	0	0	0	0	10082824	
387	15	0	0	0	0	10082906	
388	15	0	0	0	0	10082912	
389	15	0	0	0	0	10082924	
390	15	0	0	0	0	10083006	
391	15	0	0	0	0	10083012	
392	15	0	0	0	0	10083024	
393	15	0	0	0	0	10083106	
394	15	0	0	0	0	10083112	
395	15	0	0	0	0	10083124	
396	15	0	0	0	0	10090106	
397	15	0	0	0	0	10090112	
398	15	0	0	0	0	10090124	
399	15	0	0	0	0	10090206	
400	15	0	0	0	0	10090212	
401	15	0	0	0	0	10090224	
402	15	0	0	0	0	10090306	
403	15	0	0	0	0	10090312	
404	15	0	0	0	0	10090324	
405	15	0	0	0	0	10090406	
406	15	0	0	0	0	10090412	
407	15	0	0	0	0	10090424	
408	15	0	0	0	0	10090506	
409	15	0	0	0	0	10090512	
410	15	0	0	0	0	10090524	
411	15	0	0	0	0	10090606	
412	15	0	0	0	0	10090612	
413	15	0	0	0	0	10090624	
414	15	0	0	0	0	10090706	
415	15	0	0	0	0	10090712	
416	15	0	0	0	0	10090724	
417	15	0	0	0	0	10090806	
418	15	0	0	0	0	10090812	
419	15	0	0	0	0	10090824	
420	15	0	0	0	0	10090906	
421	15	0	0	0	0	10090912	
422	15	0	0	0	0	10090924	
423	15	0	0	0	0	10091006	
424	15	0	0	0	0	10091012	
425	15	0	0	0	0	10091024	
426	15	0	0	0	0	10091106	
427	15	0	0	0	0	10091112	
428	15	0	0	0	0	10091124	
429	15	0	0	0	0	10091206	
430	15	0	0	0	0	10091212	
431	15	0	0	0	0	10091224	
432	15	0	0	0	0	10091306	
433	15	0	0	0	0	10091312	
434	15	0	0	0	0	10091324	
435	15	0	0	0	0	10091406	
436	15	0	0	0	0	10091412	
437	15	0	0	0	0	10091424	
438	15	0	0	0	0	10091506	
439	15	0	0	0	0	10091512	
440	15	0	0	0	0	10091524	
441	15	0	0	0	0	10091606	
442	15	0	0	0	0	10091612	
443	15	0	0	0	0	10091624	
444	15	0	0	0	0	10091706	
445	15	0	0	0	0	10091712	
446	15	0	0	0	0	10091724	
447	15	0	0	0	0	10091806	
448	15	0	0	0	0	10091812	
449	15	0	0	0	0	10091824	
450	15	0	0	0	0	10091906	
451	15	0	0	0	0	10091912	
452	15	0	0	0	0	10091924	
453	15	0	0	0	0	10092006	
454	15	0	0	0	0	10092012	
455	15	0	0	0	0	10092024	
456	15	0	0	0	0	10092106	
457	15	0	0	0	0	10092112	
458	15	0	0	0	0	10092124	
459	15	0	0	0	0	10092206	
460	15	0	0	0	0	10092212	
461	15	0	0	0	0	10092224	
462	15	0	0	0	0	10092306	
463	15	0	0	0	0	10092312	
464	15	0	0	0	0	10092324	
465	15	0	0	0	0	10092406	
466	15	0	0	0	0	10092412	
467	15	0	0	0	0	10092424	
468	15	0	0	0	0	10092506	
469	15	0	0	0	0	10092512	
470	15	0	0	0	0	10092524	
471	15	0	0	0	0	10092606	
472	15	0	0	0	0	10092612	
473	15	0	0	0	0	10092624	
474	15	0	0	0	0	10092706	
475	15	0	0	0	0	10092712	
476	15	0	0	0	0	10092724	
477	15	0	0	0	0	10092806	
478	15	0	0	0	0	10092812	
479	15	0	0	0	0	10092824	
480	15	0	0	0	0	10092906	
481	15	0	0	0	0	10092912	
482	15	0	0	0	0	10092924	
483	15	0	0	0	0	10093006	
484	15	0	0	0	0	10093012	
485	15	0	0	0	0	10093024	
486	15	0	0	0	0	10100106	
487	15	0	0	0	0	10100112	
488	15	0	0	0	0	10100124	
489	15	0	0	0	0	10100206	
490	15	0	0	0	0	10100212	
491	15	0	0	0	0	10100224	
492	15	0	0	0	0	10100306	
493	15	0	0	0	0	10100312	
494	15	0	0	0	0	10100324	
495	15	0	0	0	0	10100406	
496	15	0	0	0	0	10100412	
497	15	0	0	0	0	10100424	
498	15	0	0	0	0	10100506	
499	15	0	0	0	0	10100512	
500	15	0	0	0	0	10100524	
501	15	0	0	0	0	10100606	
502	15	0	0	0	0	10100612	
503	15	0	0	0	0	10100624	
504	15	0	0	0	0	10100706	
505	15	0	0	0	0	10100712	
506	15	0	0	0	0	10100724	
507	15	0	0	0	0	10100806	
508	15	0	0	0	0	10100812	
509	15	0	0	0	0	10100824	
510	15	0	0	0	0	10100906	
511	15	0	0	0	0	10100912	
512	15	0	0	0	0	10100924	
513	15	0	0	0	0	10101006	
514	15	0	0	0	0	10101012	
515	15	0	0	0	0	10101024	
516	15	0	0	0	0	10101106	
517	15	0	0	0	0	10101112	
518	15	0	0	0	0	10101124	
519	15	0	0	0	0	10101206	
520	15	0	0	0	0	10101212	
521	15	0	0	0	0	10101224	
522	15	0	0	0	0	10101306	
523	15	0	0	0	0	10101312	
524	15	0	0	0	0	10101324	
525	15	0	0	0	0	10101406	
526	15	0	0	0	0	10101412	
527	15	0	0	0	0	10101424	
528	15	0	0	0	0	10101506	
529	15	0	0	0	0	10101512	
530	15	0	0	0	0	10101524	
531	15	0	0	0	0	10101606	
532	15	0	0	0	0	10101612	
533	15	0	0	0	0	10101624	
534	15	0	0	0	0	10101706	
535	15	0	0	0	0	10101712	
536	15	0	0	0	0	10101724	
537	15	0	0	0	0	10101806	
538	15	0	0	0	0	10101812	
539	15	0	0	0	0	10101824	
540	15	0	0	0	0	10101906	
541	15	0	0	0	0	10101912	
542	15	0	0	0	0	10101924	
543	15	0	0	0	0	10102006	
544	15	0	0	0	0	10102012	
545	15	0	0	0	0	10102024	
546	15	0	0	0	0	10102106	
547	15	0	0	0	0	10102112	
548	15	0	0	0	0	10102124	
549	15	0	0	0	0	10102206	
550	15	0	0	0	0	10102212	
551	15	0	0	0	0	10102224	
552	15	0	0	0	0	10102306	
553	15	0	0	0	0	10102312	
554	15	0	0	0	0	10102324	
555	15	0	0	0	0	10102406	
556	15	0	0	0	0	10102412	
557	15	0	0	0	0	10102424	
558	15	0	0	0	0	10102506	
559	15	0	0	0	0	10102512	
560	15	0	0	0	0	10102524	
561	15	0	0	0	0	10102606	
562	15	0	0	0	0	10102612	
563	15	0	0	0	0	10102624	
564	15	0	0	0	0	10102706	
565	15	0	0	0	0	10102712	
566	15	0	0	0	0	10102724	
567	15	0	0	0	0	10102806	
568	15	0	0	0	0	10102812	
569	15	0	0	0	0	10102824	
570	15	0	0	0	0	10102906	
571	15	0	0	0	0	10102912	
572	15	0	0	0	0	10102924	
573	15	0	0	0	0	10103006	
574	15	0	0	0	0	10103012	
575	15	0	0	0	0	10103024	
576	15	0	0	0	0	10103106	
577	15	0	0	0	0	10103112	
578	15	0	0	0	0	10103124	
579	15	0	0	0	0	10110106	
580	15	0	0	0	0	10110112	
581	15	0	0	0	0	10110124	
582	15	0	0	0	0	10110206	
583	15	0	0	0	0	10110212	
584	15	0	0	0	0	10110224	
585	15	0	0	0	0	10110306	
586	15	0	0	0	0	10110312	
587	15	0	0	0	0	10110324	
588	15	0	0	0	0	10110406	
589	15	0	0	0	0	10110412	
590	15	0	0	0	0	10110424	
591	15	0	0	0	0	10110506	
592	15	0	0	0	0	10110512	
593	15	0	0	0	0	10110524	
594	15	0	0	0	0	10110606	
595	15	0	0	0	0	10110612	
596	15	0	0	0	0	10110624	
597	15	0	0	0	0	10110706	
598	15	0	0	0	0	10110712	
599	15	0	0	0	0	10110724	
600	15	0	0	0	0	10110806	
601	15	0	0	0	0	10110812	
602	15	0	0	0	0	10110824	
603	15	0	0	0	0	10110906	
604	15	0	0	0	0	10110912	
605	15	0	0	0	0	10110924	
606	15	0	0	0	0	10111006	
607	15	0	0	0	0	10111012	
608	15	0	0	0	0	10111024	
609	15	0	0	0	0	10111106	
610	15	0	0	0	0	10111112	
611	15	0	0	0	0	10111124	
612	15	0	0	0	0	10111206	
613	15	0	0	0	0	10111212	
614	15	0	0	0	0	10111224	
615	15	0	0	0	0	10111306	
616	15	0	0	0	0	10111312	
617	15	0	0	0	0	10111324	
618	15	0	0	0	0	10111406	
619	15	0	0	0	0	10111412	
620	15	0	0	0	0	10111424	
621	15	0	0	0	0	10111506	
622	15	0	0	0	0	10111512	
623	15	0	0	0	0	10111524	
624	15	0	0	0	0	10111606	
625	15	0	0	0	0	10111612	
626	15	0	0	0	0	10111624	
627	15	0	0	0	0	10111706	
628	15	0	0	0	0	10111712	
629	15	0	0	0	0	10111724	
630	15	0	0	0	0	10111806	
631	15	0	0	0	0	10111812	
632	15	0	0	0	0	10111824	
633	15	0	0	0	0	10111906	
634	15	0	0	0	0	10111912	
635	15	0	0	0	0	10111924	
636	15	0	0	0	0	10112006	
637	15	0	0	0	0	10112012	
638	15	0	0	0	0	10112024	
639	15	0	0	0	0	10112106	
640	15	0	0	0	0	10112112	
641	15	0	0	0	0	10112124	
642	15	0	0	0	0	10112206	
643	15	0	0	0	0	10112212	
644	15	0	0	0	0	10112224	
645	15	0	0	0	0	10112306	
646	15	0	0	0	0	10112312	
647	15	0	0	0	0	10112324	
648	15	0	0	0	0	10112406	
649	15	0	0	0	0	10112412	
650	15	0	0	0	0	10112424	
651	15	0	0	0	0	10112506	
652	15	0	0	0	0	10112512	
653	15	0	0	0	0	10112524	
654	15	0	0	0	0	10112606	
655	15	0	0	0	0	10112612	
656	15	0	0	0	0	10112624	
657	15	0	0	0	0	10112706	
658	15	0	0	0	0	10112712	
659	15	0	0	0	0	10112724	
660	15	0	0	0	0	10112806	
661	15	0	0	0	0	10112812	
662	15	0	0	0	0	10112824	
663	15	0	0	0	0	10112906	
664	15	0	0	0	0	10112912	
665	15	0	0	0	0	10112924	
666	15	0	0	0	0	10113006	
667	15	0	0	0	0	10113012	
668	15	0	0	0	0	10113024	
669	15	0	0	0	0	10120106	
670	15	0	0	0	0	10120112	
671	15	0	0	0	0	10120124	
672	15	0	0	0	0	10120206	
673	15	0	0	0	0	10120212	
674	15	0	0	0	0	10120224	
675	15	0	0	0	0	10120306	
676	15	0	0	0	0	10120312	
677	15	0	0	0	0	10120324	
678	15	0	0	0	0	10120406	
679	15	0	0	0	0	10120412	
680	15	0	0	0	0	10120424	
681	15	0	0	0	0	10120506	
682	15	0	0	0	0	10120512	
683	15	0	0	0	0	10120524	
684	15	0	0	0	0	10120606	
685	15	0	0	0	0	10120612	
686	15	0	0	0	0	10120624	
687	15	0	0	0	0	10120706	
688	15	0	0	0	0	10120712	
689	15	0	0	0	0	10120724	
690	15	0	0	0	0	10120806	
691	15	0	0	0	0	10120812	
692	15	0	0	0	0	10120824	
693	15	0	0	0	0	10120906	
694	15	0	0	0	0	10120912	
695	15	0	0	0	0	10120924	
696	15	0	0	0	0	10121006	
697	15	0	0	0	0	10121012	
698	15	0	0	0	0	10121024	
699	15	0	0	0	0	10121106	
700	15	0	0	0	0	10121112	
701	15	0	0	0	0	10121124	
702	15	0	0	0	0	10121206	
703	15	0	0	0	0	10121212	
704	15	0	0	0	0	10121224	
705	15	0	0	0	0	10121306	
706	15	0	0	0	0	10121312	
707	15	0	0	0	0	10121324	
708	15	0	0	0	0	10121406	
709	15	0	0	0	0	10121412	
710	15	0	0	0	0	10121424	
711	15	0	0	0	0	10121506	
712	15	0	0	0	0	10121512	
713	15	0	0	0	0	10121524	
714	15	0	0	0	0	10121606	
715	15	0	0	0	0	10121612	
716	15	0	0	0	0	10121624	
717	15	0	0	0	0	10121706	
718	15	0	0	0	0	10121712	
719	15	0	0	0	0	10121724	
720	15	0	0	0	0	10121806	
721	15	0	0	0	0	10121812	
722	15	0	0	0	0	10121824	
723	15	0	0	0	0	10121906	
724	15	0	0	0	0	10121912	
725	15	0	0	0	0	10121924	
726	15	0	0	0	0	10122006	
727	15	0	0	0	0	10122012	
728	15	0	0	0	0	10122024	
729	15	0	0	0	0	10122106	
730	15	0	0	0	0	10122112	
731	15	0	0	0	0	10122124	
732	15	0	0	0	0	10122206	
733	15	0	0	0	0	10122212	
734	15	0	0	0	0	10122224	
735	15	0	0	0	0	10122306	
736	15	0	0	0	0	10122312	
737	15	0	0	0	0	10122324	
738	15	0	0	0	0	10122406	
739	15	0	0	0	0	10122412	
740	15	0	0	0	0	10122424	
741	15	0	0	0	0	10122506	
742	15	0	0	0	0	10122512	
743	15	0	0	0	0	10122524	
744	15	0	0	0	0	10122606	
745	15	0	0	0	0	10122612	
746	15	0	0	0	0	10122624	
747	15	0	0	0	0	10122706	
748	15	0	0	0	0	10122712	
749	15	0	0	0	0	10122724	
750	15	0	0	0	0	10122806	
751	15	0	0	0	0	10122812	
752	15	0	0	0	0	10122824	
753	15	0	0	0	0	10122906	
754	15	0	0	0	0	10122912	
755	15	0	0	0	0	10122924	
756	15	0	0	0	0	10123006	
757	15	0	0	0	0	10123012	
758	15	0	0	0	0	10123024	
759	15	0	0	0	0	10123106	
760	15	0	0	0	0	10123112	
761	15	0	0	0	0	10123124	
762	15	0	0	0	0	11010106	
763	15	0	0	0	0	11010112	
764	15	0	0	0	0	11010124	
765	15	0	0	0	0	11010206	
766	15	0	0	0	0	11010212	
767	15	0	0	0	0	11010224	
768	15	0	0	0	0	11010306	
769	15	0	0	0	0	11010312	
770	15	0	0	0	0	11010324	
771	15	0	0	0	0	11010406	
772	15	0	0	0	0	11010412	
773	15	0	0	0	0	11010424	
774	15	0	0	0	0	11010506	
775	15	0	0	0	0	11010512	
776	15	0	0	0	0	11010524	
777	15	0	0	0	0	11010606	
778	15	0	0	0	0	11010612	
779	15	0	0	0	0	11010624	
780	15	0	0	0	0	11010706	
781	15	0	0	0	0	11010712	
782	15	0	0	0	0	11010724	
783	15	0	0	0	0	11010806	
784	15	0	0	0	0	11010812	
785	15	0	0	0	0	11010824	
786	15	0	0	0	0	11010906	
787	15	0	0	0	0	11010912	
788	15	0	0	0	0	11010924	
789	15	0	0	0	0	11011006	
790	15	0	0	0	0	11011012	
791	15	0	0	0	0	11011024	
792	15	0	0	0	0	11011106	
793	15	0	0	0	0	11011112	
794	15	0	0	0	0	11011124	
795	15	0	0	0	0	11011206	
796	15	0	0	0	0	11011212	
797	15	0	0	0	0	11011224	
798	15	0	0	0	0	11011306	
799	15	0	0	0	0	11011312	
800	15	0	0	0	0	11011324	
801	15	0	0	0	0	11011406	
802	15	0	0	0	0	11011412	
803	15	0	0	0	0	11011424	
804	15	0	0	0	0	11011506	
805	15	0	0	0	0	11011512	
806	15	0	0	0	0	11011524	
807	15	0	0	0	0	11011606	
808	15	0	0	0	0	11011612	
809	15	0	0	0	0	11011624	
810	15	0	0	0	0	11011706	
811	15	0	0	0	0	11011712	
812	15	0	0	0	0	11011724	
813	15	0	0	0	0	11011806	
814	15	0	0	0	0	11011812	
815	15	0	0	0	0	11011824	
816	15	0	0	0	0	11011906	
817	15	0	0	0	0	11011912	
818	15	0	0	0	0	11011924	
819	15	0	0	0	0	11012006	
820	15	0	0	0	0	11012012	
821	15	0	0	0	0	11012024	
822	15	0	0	0	0	11012106	
823	15	0	0	0	0	11012112	
824	15	0	0	0	0	11012124	
825	15	0	0	0	0	11012206	
826	15	0	0	0	0	11012212	
827	15	0	0	0	0	11012224	
828	15	0	0	0	0	11012306	
829	15	0	0	0	0	11012312	
830	15	0	0	0	0	11012324	
831	15	0	0	0	0	11012406	
832	15	0	0	0	0	11012412	
833	15	0	0	0	0	11012424	
834	15	0	0	0	0	11012506	
835	15	0	0	0	0	11012512	
836	15	0	0	0	0	11012524	
837	15	0	0	0	0	11012606	
838	15	0	0	0	0	11012612	
839	15	0	0	0	0	11012624	
840	15	0	0	0	0	11012706	
841	15	0	0	0	0	11012712	
842	15	0	0	0	0	11012724	
843	15	0	0	0	0	11012806	
844	15	0	0	0	0	11012812	
845	15	0	0	0	0	11012824	
846	15	0	0	0	0	11012906	
847	15	0	0	0	0	11012912	
848	15	0	0	0	0	11012924	
849	15	0	0	0	0	11013006	
850	15	0	0	0	0	11013012	
851	15	0	0	0	0	11013024	
852	15	0	0	0	0	11013106	
853	15	0	0	0	0	11013112	
854	15	0	0	0	0	11013124	
855	15	0	0	0	0	11020106	
856	15	0	0	0	0	11020112	
857	15	0	0	0	0	11020124	
858	15	0	0	0	0	11020206	
859	15	0	0	0	0	11020212	
860	15	0	0	0	0	11020224	
861	15	0	0	0	0	11020306	
862	15	0	0	0	0	11020312	
863	15	0	0	0	0	11020324	
864	15	0	0	0	0	11020406	
865	15	0	0	0	0	11020412	
866	15	0	0	0	0	11020424	
867	15	0	0	0	0	11020506	
868	15	0	0	0	0	11020512	
869	15	0	0	0	0	11020524	
870	15	0	0	0	0	11020606	
871	15	0	0	0	0	11020612	
872	15	0	0	0	0	11020624	
873	15	0	0	0	0	11020706	
874	15	0	0	0	0	11020712	
875	15	0	0	0	0	11020724	
876	15	0	0	0	0	11020806	
877	15	0	0	0	0	11020812	
878	15	0	0	0	0	11020824	
879	15	0	0	0	0	11020906	
880	15	0	0	0	0	11020912	
881	15	0	0	0	0	11020924	
882	15	0	0	0	0	11021006	
883	15	0	0	0	0	11021012	
884	15	0	0	0	0	11021024	
885	15	0	0	0	0	11021106	
886	15	0	0	0	0	11021112	
887	15	0	0	0	0	11021124	
888	15	0	0	0	0	11021206	
889	15	0	0	0	0	11021212	
890	15	0	0	0	0	11021224	
891	15	0	0	0	0	11021306	
892	15	0	0	0	0	11021312	
893	15	0	0	0	0	11021324	
894	15	0	0	0	0	11021406	
895	15	0	0	0	0	11021412	
896	15	0	0	0	0	11021424	
897	15	0	0	0	0	11021506	
898	15	0	0	0	0	11021512	
899	15	0	0	0	0	11021524	
900	15	0	0	0	0	11021606	
901	15	0	0	0	0	11021612	
902	15	0	0	0	0	11021624	
903	15	0	0	0	0	11021706	
904	15	0	0	0	0	11021712	
905	15	0	0	0	0	11021724	
906	15	0	0	0	0	11021806	
907	15	0	0	0	0	11021812	
908	15	0	0	0	0	11021824	
909	15	0	0	0	0	11021906	
910	15	0	0	0	0	11021912	
911	15	0	0	0	0	11021924	
912	15	0	0	0	0	11022006	
913	15	0	0	0	0	11022012	
914	15	0	0	0	0	11022024	
915	15	0	0	0	0	11022106	
916	15	0	0	0	0	11022112	
917	15	0	0	0	0	11022124	
918	15	0	0	0	0	11022206	
919	15	0	0	0	0	11022212	
920	15	0	0	0	0	11022224	
921	15	0	0	0	0	11022306	
922	15	0	0	0	0	11022312	
923	15	0	0	0	0	11022324	
924	15	0	0	0	0	11022406	
925	15	0	0	0	0	11022412	
926	15	0	0	0	0	11022424	
927	15	0	0	0	0	11022506	
928	15	0	0	0	0	11022512	
929	15	0	0	0	0	11022524	
930	15	0	0	0	0	11022606	
931	15	0	0	0	0	11022612	
932	15	0	0	0	0	11022624	
933	15	0	0	0	0	11022706	
934	15	0	0	0	0	11022712	
935	15	0	0	0	0	11022724	
936	15	0	0	0	0	11022806	
937	15	0	0	0	0	11022812	
938	15	0	0	0	0	11022824	
939	15	0	0	0	0	11030106	
940	15	0	0	0	0	11030112	
941	15	0	0	0	0	11030124	
942	15	0	0	0	0	11030206	
943	15	0	0	0	0	11030212	
944	15	0	0	0	0	11030224	
945	15	0	0	0	0	11030306	
946	15	0	0	0	0	11030312	
947	15	0	0	0	0	11030324	
948	15	0	0	0	0	11030406	
949	15	0	0	0	0	11030412	
950	15	0	0	0	0	11030424	
951	15	0	0	0	0	11030506	
952	15	0	0	0	0	11030512	
953	15	0	0	0	0	11030524	
954	15	0	0	0	0	11030606	
955	15	0	0	0	0	11030612	
956	15	0	0	0	0	11030624	
957	15	0	0	0	0	11030706	
958	15	0	0	0	0	11030712	
959	15	0	0	0	0	11030724	
960	15	0	0	0	0	11030806	
961	15	0	0	0	0	11030812	
962	15	0	0	0	0	11030824	
963	15	0	0	0	0	11030906	
964	15	0	0	0	0	11030912	
965	15	0	0	0	0	11030924	
966	15	0	0	0	0	11031006	
967	15	0	0	0	0	11031012	
968	15	0	0	0	0	11031024	
969	15	0	0	0	0	11031106	
970	15	0	0	0	0	11031112	
971	15	0	0	0	0	11031124	
972	15	0	0	0	0	11031206	
973	15	0	0	0	0	11031212	
974	15	0	0	0	0	11031224	
975	15	0	0	0	0	11031306	
976	15	0	0	0	0	11031312	
977	15	0	0	0	0	11031324	
978	15	0	0	0	0	11031406	
979	15	0	0	0	0	11031412	
980	15	0	0	0	0	11031424	
981	15	0	0	0	0	11031506	
982	15	0	0	0	0	11031512	
983	15	0	0	0	0	11031524	
984	15	0	0	0	0	11031606	
985	15	0	0	0	0	11031612	
986	15	0	0	0	0	11031624	
987	15	0	0	0	0	11031706	
988	15	0	0	0	0	11031712	
989	15	0	0	0	0	11031724	
990	15	0	0	0	0	11031806	
991	15	0	0	0	0	11031812	
992	15	0	0	0	0	11031824	
993	15	0	0	0	0	11031906	
994	15	0	0	0	0	11031912	
995	15	0	0	0	0	11031924	
996	15	0	0	0	0	11032006	
997	15	0	0	0	0	11032012	
998	15	0	0	0	0	11032024	
999	15	0	0	0	0	11032106	
1000	15	0	0	0	0	11032112	
1001	15	0	0	0	0	11032124	
1002	15	0	0	0	0	11032206	
1003	15	0	0	0	0	11032212	
1004	15	0	0	0	0	11032224	
1005	15	0	0	0	0	11032306	
1006	15	0	0	0	0	11032312	
1007	15	0	0	0	0	11032324	
1008	15	0	0	0	0	11032406	
1009	15	0	0	0	0	11032412	
1010	15	0	0	0	0	11032424	
1011	15	0	0	0	0	11032506	
1012	15	0	0	0	0	11032512	
1013	15	0	0	0	0	11032524	
1014	15	0	0	0	0	11032606	
1015	15	0	0	0	0	11032612	
1016	15	0	0	0	0	11032624	
1017	15	0	0	0	0	11032706	
1018	15	0	0	0	0	11032712	
1019	15	0	0	0	0	11032724	
1020	15	0	0	0	0	11032806	
1021	15	0	0	0	0	11032812	
1022	15	0	0	0	0	11032824	
1023	15	0	0	0	0	11032906	
1024	15	0	0	0	0	11032912	
1025	15	0	0	0	0	11032924	
1026	15	0	0	0	0	11033006	
1027	15	0	0	0	0	11033012	
1028	15	0	0	0	0	11033024	
1029	15	0	0	0	0	11033106	
1030	15	0	0	0	0	11033112	
1031	15	0	0	0	0	11033124	
1032	15	0	0	0	0	11040106	
1033	15	0	0	0	0	11040112	
1034	15	0	0	0	0	11040124	
1035	15	0	0	0	0	11040206	
1036	15	0	0	0	0	11040212	
1037	15	0	0	0	0	11040224	
1038	15	0	0	0	0	11040306	
1039	15	0	0	0	0	11040312	
1040	15	0	0	0	0	11040324	
1041	15	0	0	0	0	11040406	
1042	15	0	0	0	0	11040412	
1043	15	0	0	0	0	11040424	
1044	15	0	0	0	0	11040506	
1045	15	0	0	0	0	11040512	
1046	15	0	0	0	0	11040524	
1047	15	0	0	0	0	11040606	
1048	15	0	0	0	0	11040612	
1049	15	0	0	0	0	11040624	
1050	15	0	0	0	0	11040706	
1051	15	0	0	0	0	11040712	
1052	15	0	0	0	0	11040724	
1053	15	0	0	0	0	11040806	
1054	15	0	0	0	0	11040812	
1055	15	0	0	0	0	11040824	
1056	15	0	0	0	0	11040906	
1057	15	0	0	0	0	11040912	
1058	15	0	0	0	0	11040924	
1059	15	0	0	0	0	11041006	
1060	15	0	0	0	0	11041012	
1061	15	0	0	0	0	11041024	
1062	15	0	0	0	0	11041106	
1063	15	0	0	0	0	11041112	
1064	15	0	0	0	0	11041124	
1065	15	0	0	0	0	11041206	
1066	15	0	0	0	0	11041212	
1067	15	0	0	0	0	11041224	
1068	15	0	0	0	0	11041306	
1069	15	0	0	0	0	11041312	
1070	15	0	0	0	0	11041324	
1071	15	0	0	0	0	11041406	
1072	15	0	0	0	0	11041412	
1073	15	0	0	0	0	11041424	
1074	15	0	0	0	0	11041506	
1075	15	0	0	0	0	11041512	
1076	15	0	0	0	0	11041524	
1077	15	0	0	0	0	11041606	
1078	15	0	0	0	0	11041612	
1079	15	0	0	0	0	11041624	
1080	15	0	0	0	0	11041706	
1081	15	0	0	0	0	11041712	
1082	15	0	0	0	0	11041724	
1083	15	0	0	0	0	11041806	
1084	15	0	0	0	0	11041812	
1085	15	0	0	0	0	11041824	
1086	15	0	0	0	0	11041906	
1087	15	0	0	0	0	11041912	
1088	15	0	0	0	0	11041924	
1089	15	0	0	0	0	11042006	
1090	15	0	0	0	0	11042012	
1091	15	0	0	0	0	11042024	
1092	15	0	0	0	0	11042106	
1093	15	0	0	0	0	11042112	
1094	15	0	0	0	0	11042124	
1095	15	0	0	0	0	11042206	
1096	15	0	0	0	0	11042212	
1097	15	0	0	0	0	11042224	
1098	15	0	0	0	0	11042306	
1099	15	0	0	0	0	11042312	
1100	15	0	0	0	0	11042324	
1101	15	0	0	0	0	11042406	
1102	15	0	0	0	0	11042412	
1103	15	0	0	0	0	11042424	
1104	15	0	0	0	0	11042506	
1105	15	0	0	0	0	11042512	
1106	15	0	0	0	0	11042524	
1107	15	0	0	0	0	11042606	
1108	15	0	0	0	0	11042612	
1109	15	0	0	0	0	11042624	
1110	15	0	0	0	0	11042706	
1111	15	0	0	0	0	11042712	
1112	15	0	0	0	0	11042724	
1113	15	0	0	0	0	11042806	
1114	15	0	0	0	0	11042812	
1115	15	0	0	0	0	11042824	
1116	15	0	0	0	0	11042906	
1117	15	0	0	0	0	11042912	
1118	15	0	0	0	0	11042924	
1119	15	0	0	0	0	11043006	
1120	15	0	0	0	0	11043012	
1121	15	0	0	0	0	11043024	
1122	15	0	0	0	0	11050106	
1123	15	0	0	0	0	11050112	
1124	15	0	0	0	0	11050124	
1125	15	0	0	0	0	11050206	
1126	15	0	0	0	0	11050212	
1127	15	0	0	0	0	11050224	
1128	15	0	0	0	0	11050306	
1129	15	0	0	0	0	11050312	
1130	15	0	0	0	0	11050324	
1131	15	0	0	0	0	11050406	
1132	15	0	0	0	0	11050412	
1133	15	0	0	0	0	11050424	
1134	15	0	0	0	0	11050506	
1135	15	0	0	0	0	11050512	
1136	15	0	0	0	0	11050524	
1137	15	0	0	0	0	11050606	
1138	15	0	0	0	0	11050612	
1139	15	0	0	0	0	11050624	
1140	15	0	0	0	0	11050706	
1141	15	0	0	0	0	11050712	
1142	15	0	0	0	0	11050724	
1143	15	0	0	0	0	11050806	
1144	15	0	0	0	0	11050812	
1145	15	0	0	0	0	11050824	
1146	15	0	0	0	0	11050906	
1147	15	0	0	0	0	11050912	
1148	15	0	0	0	0	11050924	
1149	15	0	0	0	0	11051006	
1150	15	0	0	0	0	11051012	
1151	15	0	0	0	0	11051024	
1152	15	0	0	0	0	11051106	
1153	15	0	0	0	0	11051112	
1154	15	0	0	0	0	11051124	
1155	15	0	0	0	0	11051206	
1156	15	0	0	0	0	11051212	
1157	15	0	0	0	0	11051224	
1158	15	0	0	0	0	11051306	
1159	15	0	0	0	0	11051312	
1160	15	0	0	0	0	11051324	
1161	15	0	0	0	0	11051406	
1162	15	0	0	0	0	11051412	
1163	15	0	0	0	0	11051424	
1164	15	0	0	0	0	11051506	
1165	15	0	0	0	0	11051512	
1166	15	0	0	0	0	11051524	
1167	15	0	0	0	0	11051606	
1168	15	0	0	0	0	11051612	
1169	15	0	0	0	0	11051624	
1170	15	0	0	0	0	11051706	
1171	15	0	0	0	0	11051712	
1172	15	0	0	0	0	11051724	
1173	15	0	0	0	0	11051806	
1174	15	0	0	0	0	11051812	
1175	15	0	0	0	0	11051824	
1176	15	0	0	0	0	11051906	
1177	15	0	0	0	0	11051912	
1178	15	0	0	0	0	11051924	
1179	15	0	0	0	0	11052006	
1180	15	0	0	0	0	11052012	
1181	15	0	0	0	0	11052024	
1182	15	0	0	0	0	11052106	
1183	15	0	0	0	0	11052112	
1184	15	0	0	0	0	11052124	
1185	15	0	0	0	0	11052206	
1186	15	0	0	0	0	11052212	
1187	15	0	0	0	0	11052224	
1188	15	0	0	0	0	11052306	
1189	15	0	0	0	0	11052312	
1190	15	0	0	0	0	11052324	
1191	15	0	0	0	0	11052406	
1192	15	0	0	0	0	11052412	
1193	15	0	0	0	0	11052424	
1194	15	0	0	0	0	11052506	
1195	15	0	0	0	0	11052512	
1196	15	0	0	0	0	11052524	
1197	15	0	0	0	0	11052606	
1198	15	0	0	0	0	11052612	
1199	15	0	0	0	0	11052624	
1200	15	0	0	0	0	11052706	
1201	15	0	0	0	0	11052712	
1202	15	0	0	0	0	11052724	
1203	15	0	0	0	0	11052806	
1204	15	0	0	0	0	11052812	
1205	15	0	0	0	0	11052824	
1206	15	0	0	0	0	11052906	
1207	15	0	0	0	0	11052912	
1208	15	0	0	0	0	11052924	
1209	15	0	0	0	0	11053006	
1210	15	0	0	0	0	11053012	
1211	15	0	0	0	0	11053024	
1212	15	0	0	0	0	11053106	
1213	15	0	0	0	0	11053112	
1214	15	0	0	0	0	11053124	
1215	15	0	0	0	0	11060106	
1216	15	0	0	0	0	11060112	
1217	15	0	0	0	0	11060124	
1218	15	0	0	0	0	11060206	
1219	15	0	0	0	0	11060212	
1220	15	0	0	0	0	11060224	
1221	15	0	0	0	0	11060306	
1222	15	0	0	0	0	11060312	
1223	15	0	0	0	0	11060324	
1224	15	0	0	0	0	11060406	
1225	15	0	0	0	0	11060412	
1226	15	0	0	0	0	11060424	
1227	15	0	0	0	0	11060506	
1228	15	0	0	0	0	11060512	
1229	15	0	0	0	0	11060524	
1230	15	0	0	0	0	11060606	
1231	15	0	0	0	0	11060612	
1232	15	0	0	0	0	11060624	
1233	15	0	0	0	0	11060706	
1234	15	0	0	0	0	11060712	
1235	15	0	0	0	0	11060724	
1236	15	0	0	0	0	11060806	
1237	15	0	0	0	0	11060812	
1238	15	0	0	0	0	11060824	
1239	15	0	0	0	0	11060906	
1240	15	0	0	0	0	11060912	
1241	15	0	0	0	0	11060924	
1242	15	0	0	0	0	11061006	
1243	15	0	0	0	0	11061012	
1244	15	0	0	0	0	11061024	
1245	15	0	0	0	0	11061106	
1246	15	0	0	0	0	11061112	
1247	15	0	0	0	0	11061124	
1248	15	0	0	0	0	11061206	
1249	15	0	0	0	0	11061212	
1250	15	0	0	0	0	11061224	
1251	15	0	0	0	0	11061306	
1252	15	0	0	0	0	11061312	
1253	15	0	0	0	0	11061324	
1254	15	0	0	0	0	11061406	
1255	15	0	0	0	0	11061412	
1256	15	0	0	0	0	11061424	
1257	15	0	0	0	0	11061506	
1258	15	0	0	0	0	11061512	
1259	15	0	0	0	0	11061524	
1260	15	0	0	0	0	11061606	
1261	15	0	0	0	0	11061612	
1262	15	0	0	0	0	11061624	
1263	15	0	0	0	0	11061706	
1264	15	0	0	0	0	11061712	
1265	15	0	0	0	0	11061724	
1266	15	0	0	0	0	11061806	
1267	15	0	0	0	0	11061812	
1268	15	0	0	0	0	11061824	
1269	15	0	0	0	0	11061906	
1270	15	0	0	0	0	11061912	
1271	15	0	0	0	0	11061924	
1272	15	0	0	0	0	11062006	
1273	15	0	0	0	0	11062012	
1274	15	0	0	0	0	11062024	
1275	15	0	0	0	0	11062106	
1276	15	0	0	0	0	11062112	
1277	15	0	0	0	0	11062124	
1278	15	0	0	0	0	11062206	
1279	15	0	0	0	0	11062212	
1280	15	0	0	0	0	11062224	
1281	15	0	0	0	0	11062306	
1282	15	0	0	0	0	11062312	
1283	15	0	0	0	0	11062324	
1284	15	0	0	0	0	11062406	
1285	15	0	0	0	0	11062412	
1286	15	0	0	0	0	11062424	
1287	15	0	0	0	0	11062506	
1288	15	0	0	0	0	11062512	
1289	15	0	0	0	0	11062524	
1290	15	0	0	0	0	11062606	
1291	15	0	0	0	0	11062612	
1292	15	0	0	0	0	11062624	
1293	15	0	0	0	0	11062706	
1294	15	0	0	0	0	11062712	
1295	15	0	0	0	0	11062724	
1296	15	0	0	0	0	11062806	
1297	15	0	0	0	0	11062812	
1298	15	0	0	0	0	11062824	
1299	15	0	0	0	0	11062906	
1300	15	0	0	0	0	11062912	
1301	15	0	0	0	0	11062924	
1302	15	0	0	0	0	11063006	
1303	15	0	0	0	0	11063012	
1304	15	0	0	0	0	11063024	
1305	15	0	0	0	0	11070106	
1306	15	0	0	0	0	11070112	
1307	15	0	0	0	0	11070124	
1308	15	0	0	0	0	11070206	
1309	15	0	0	0	0	11070212	
1310	15	0	0	0	0	11070224	
1311	15	0	0	0	0	11070306	
1312	15	0	0	0	0	11070312	
1313	15	0	0	0	0	11070324	
1314	15	0	0	0	0	11070406	
1315	15	0	0	0	0	11070412	
1316	15	0	0	0	0	11070424	
1317	15	0	0	0	0	11070506	
1318	15	0	0	0	0	11070512	
1319	15	0	0	0	0	11070524	
1320	15	0	0	0	0	11070606	
1321	15	0	0	0	0	11070612	
1322	15	0	0	0	0	11070624	
1323	15	0	0	0	0	11070706	
1324	15	0	0	0	0	11070712	
1325	15	1536	1.43051147460938e-06	1536	1.43051147460938e-06	11070724	
1326	15	0	0	1536	1.43051147460938e-06	11070806	
1327	15	0	0	1536	1.43051147460938e-06	11070812	
1328	15	0	0	1536	1.43051147460938e-06	11070824	
1329	15	0	0	1536	1.43051147460938e-06	11070906	
1330	15	0	0	1536	1.43051147460938e-06	11070912	
1331	15	0	0	1536	1.43051147460938e-06	11070924	
1332	15	0	0	1536	1.43051147460938e-06	11071006	
1333	15	0	0	1536	1.43051147460938e-06	11071012	
1334	15	0	0	1536	1.43051147460938e-06	11071024	
1335	15	0	0	1536	1.43051147460938e-06	11071106	
1336	15	0	0	1536	1.43051147460938e-06	11071112	
1337	15	0	0	1536	1.43051147460938e-06	11071124	
1338	15	0	0	1536	1.43051147460938e-06	11071206	
1339	15	0	0	1536	1.43051147460938e-06	11071212	
1340	15	0	0	1536	1.43051147460938e-06	11071224	
1341	15	0	0	1536	1.43051147460938e-06	11071306	
1342	15	0	0	1536	1.43051147460938e-06	11071312	
1343	15	0	0	1536	1.43051147460938e-06	11071324	
1344	15	0	0	1536	1.43051147460938e-06	11071406	
1345	15	0	0	1536	1.43051147460938e-06	11071412	
1346	15	0	0	1536	1.43051147460938e-06	11071424	
1347	15	0	0	1536	1.43051147460938e-06	11071506	
1348	15	0	0	1536	1.43051147460938e-06	11071512	
1349	15	0	0	1536	1.43051147460938e-06	11071524	
1350	15	0	0	1536	1.43051147460938e-06	11071606	
1351	15	0	0	1536	1.43051147460938e-06	11071612	
1352	15	0	0	1536	1.43051147460938e-06	11071624	
1353	15	0	0	1536	1.43051147460938e-06	11071706	
1354	15	0	0	1536	1.43051147460938e-06	11071712	
1355	15	0	0	1536	1.43051147460938e-06	11071724	
1356	15	0	0	1536	1.43051147460938e-06	11071806	
1357	15	0	0	1536	1.43051147460938e-06	11071812	
1358	15	0	0	1536	1.43051147460938e-06	11071824	
1359	15	0	0	1536	1.43051147460938e-06	11071906	
1360	15	0	0	1536	1.43051147460938e-06	11071912	
1361	15	0	0	1536	1.43051147460938e-06	11071924	
1362	15	0	0	1536	1.43051147460938e-06	11072006	
1363	15	0	0	1536	1.43051147460938e-06	11072012	
1364	15	0	0	1536	1.43051147460938e-06	11072024	
1365	15	0	0	1536	1.43051147460938e-06	11072106	
1366	15	0	0	1536	1.43051147460938e-06	11072112	
1367	15	0	0	1536	1.43051147460938e-06	11072124	
1368	15	0	0	1536	1.43051147460938e-06	11072206	
1369	15	0	0	1536	1.43051147460938e-06	11072212	
1370	15	1319669.76	0.00122903823852539	1321205.76	0.00123046875	11072224	
1371	15	0	0.00122903823852539	1321205.76	0.00123046875	11072306	
1372	15	0	0.00122903823852539	1321205.76	0.00123046875	11072312	
1373	15	0	0.00122903823852539	1321205.76	0.00123046875	11072324	
1374	15	0	0.00122903823852539	1321205.76	0.00123046875	11072406	
1375	15	0	0.00122903823852539	1321205.76	0.00123046875	11072412	
1376	15	0	0.00122903823852539	1321205.76	0.00123046875	11072424	
1377	15	0	0.00122903823852539	1321205.76	0.00123046875	11072506	
1378	15	4456448	0.00537942886352539	5777653.76	0.005380859375	11072512	
1379	15	-4729077.76	0.000975131988525391	1048576	0.0009765625	11072524	
1380	15	0	0.000975131988525391	1048576	0.0009765625	11072606	
1381	15	0	0.000975131988525391	1048576	0.0009765625	11072612	
1382	15	671088.64	0.00160013198852539	1719664.64	0.0016015625	11072624	
1383	15	0	0.00160013198852539	1719664.64	0.0016015625	11072706	
1384	15	0	0.00160013198852539	1719664.64	0.0016015625	11072712	
1385	15	0	0.00160013198852539	1719664.64	0.0016015625	11072724	
1386	15	0	0.00160013198852539	1719664.64	0.0016015625	11072806	
1387	15	-671088.64	0.000975131988525391	1048576	0.0009765625	11072812	
1388	15	0	0.000975131988525391	1048576	0.0009765625	11072824	
1389	15	0	0.000975131988525391	1048576	0.0009765625	11072906	
1390	15	0	0.000975131988525391	1048576	0.0009765625	11072912	
1391	15	0	0.000975131988525391	1048576	0.0009765625	11072924	
1392	15	0	0.000975131988525391	1048576	0.0009765625	11073006	
1393	15	0	0.000975131988525391	1048576	0.0009765625	11073012	
1394	15	0	0.000975131988525391	1048576	0.0009765625	11073024	
1395	15	0	0.000975131988525391	1048576	0.0009765625	11073106	
1396	15	0	0.000975131988525391	1048576	0.0009765625	11073112	
1397	15	0	0.000975131988525391	1048576	0.0009765625	11073124	
1398	15	0	0.000975131988525391	1048576	0.0009765625	11080106	
1399	15	0	0.000975131988525391	1048576	0.0009765625	11080112	
1400	15	1195376.64	0.00208841323852539	2243952.64	0.00208984375	11080124	
1401	15	0	0.00208841323852539	2243952.64	0.00208984375	11080206	
1402	15	3407872	0.00526224136352539	5651824.64	0.005263671875	11080212	
1403	15	0	0.00526224136352539	5651824.64	0.005263671875	11080224	
1404	15	0	0.00526224136352539	5651824.64	0.005263671875	11080306	
1405	15	0	0.00526224136352539	5651824.64	0.005263671875	11080312	
1406	15	0	0.00526224136352539	5651824.64	0.005263671875	11080324	
1407	15	0	0.00526224136352539	5651824.64	0.005263671875	11080406	
1408	15	0	0.00526224136352539	5651824.64	0.005263671875	11080412	
1409	15	0	0.00526224136352539	5651824.64	0.005263671875	11080424	
1410	15	0	0.00526224136352539	5651824.64	0.005263671875	11080506	
1411	15	6721372.16	0.0115220069885254	12373196.8	0.0115234375	11080512	
1412	15	2726297.6	0.0140610694885254	15099494.4	0.0140625	11080524	
1413	15	0	0.0140610694885254	15099494.4	0.0140625	11080606	
1414	15	0	0.0140610694885254	15099494.4	0.0140625	11080612	
1415	15	0	0.0140610694885254	15099494.4	0.0140625	11080624	
1416	15	0	0.0140610694885254	15099494.4	0.0140625	11080706	
1417	15	0	0.0140610694885254	15099494.4	0.0140625	11080712	
1418	15	0	0.0140610694885254	15099494.4	0.0140625	11080724	
1419	15	0	0.0140610694885254	15099494.4	0.0140625	11080806	
1420	15	0	0.0140610694885254	15099494.4	0.0140625	11080812	
1421	15	0	0.0140610694885254	15099494.4	0.0140625	11080824	
1422	15	0	0.0140610694885254	15099494.4	0.0140625	11080906	
1423	15	0	0.0140610694885254	15099494.4	0.0140625	11080912	
1424	15	0	0.0140610694885254	15099494.4	0.0140625	11080924	
1425	15	0	0.0140610694885254	15099494.4	0.0140625	11081006	
1426	15	0	0.0140610694885254	15099494.4	0.0140625	11081012	
1427	15	1887436.8	0.0158188819885254	16986931.2	0.0158203125	11081024	
1428	15	0	0.0158188819885254	16986931.2	0.0158203125	11081106	
1429	15	0	0.0158188819885254	16986931.2	0.0158203125	11081112	
1430	15	0	0.0158188819885254	16986931.2	0.0158203125	11081124	
1431	15	0	0.0158188819885254	16986931.2	0.0158203125	11081206	
1432	15	0	0.0158188819885254	16986931.2	0.0158203125	11081212	
1433	15	0	0.0158188819885254	16986931.2	0.0158203125	11081224	
1434	15	209715.199999999	0.0160141944885254	17196646.4	0.016015625	11081306	
1435	15	0	0.0160141944885254	17196646.4	0.016015625	11081312	
1436	15	0	0.0160141944885254	17196646.4	0.016015625	11081324	
1437	15	0	0.0160141944885254	17196646.4	0.016015625	11081406	
1438	15	0	0.0160141944885254	17196646.4	0.016015625	11081412	
1439	15	0	0.0160141944885254	17196646.4	0.016015625	11081424	
1440	15	0	0.0160141944885254	17196646.4	0.016015625	11081506	
1441	15	0	0.0160141944885254	17196646.4	0.016015625	11081512	
1442	15	0	0.0160141944885254	17196646.4	0.016015625	11081524	
1443	15	0	0.0160141944885254	17196646.4	0.016015625	11081606	
1444	15	0	0.0160141944885254	17196646.4	0.016015625	11081612	
1445	15	0	0.0160141944885254	17196646.4	0.016015625	11081624	
1446	15	0	0.0160141944885254	17196646.4	0.016015625	11081706	
1447	15	629145.600000001	0.0166001319885254	17825792	0.0166015625	11081712	
1448	15	943718.399999999	0.0174790382385254	18769510.4	0.01748046875	11081724	
1449	15	0	0.0174790382385254	18769510.4	0.01748046875	11081806	
1450	15	0	0.0174790382385254	18769510.4	0.01748046875	11081812	
1451	15	-3040870.4	0.0146470069885254	15728640	0.0146484375	11081824	
1452	15	0	0.0146470069885254	15728640	0.0146484375	11081906	
1453	15	2936012.8	0.0173813819885254	18664652.8	0.0173828125	11081912	
1454	15	3565158.4	0.0207016944885254	22229811.2	0.020703125	11081924	
1455	15	0	0.0207016944885254	22229811.2	0.020703125	11082006	
1456	15	0	0.0207016944885254	22229811.2	0.020703125	11082012	
1457	15	0	0.0207016944885254	22229811.2	0.020703125	11082024	
1458	15	0	0.0207016944885254	22229811.2	0.020703125	11082106	
1459	15	0	0.0207016944885254	22229811.2	0.020703125	11082112	
1460	15	0	0.0207016944885254	22229811.2	0.020703125	11082124	
1461	15	0	0.0207016944885254	22229811.2	0.020703125	11082206	
1462	15	0	0.0207016944885254	22229811.2	0.020703125	11082212	
1463	15	0	0.0207016944885254	22229811.2	0.020703125	11082224	
1464	15	0	0.0207016944885254	22229811.2	0.020703125	11082306	
1465	15	0	0.0207016944885254	22229811.2	0.020703125	11082312	
1466	15	0	0.0207016944885254	22229811.2	0.020703125	11082324	
1467	15	0	0.0207016944885254	22229811.2	0.020703125	11082406	
1468	15	-209715.199999999	0.0205063819885254	22020096	0.0205078125	11082412	
1469	15	0	0.0205063819885254	22020096	0.0205078125	11082424	
1470	15	0	0.0205063819885254	22020096	0.0205078125	11082506	
1471	15	3145728	0.0234360694885254	25165824	0.0234375	11082512	
1472	15	943718.399999999	0.0243149757385254	26109542.4	0.02431640625	11082524	
1473	15	0	0.0243149757385254	26109542.4	0.02431640625	11082606	
1474	15	0	0.0243149757385254	26109542.4	0.02431640625	11082612	
1475	15	0	0.0243149757385254	26109542.4	0.02431640625	11082624	
1476	15	0	0.0243149757385254	26109542.4	0.02431640625	11082706	
1477	15	0	0.0243149757385254	26109542.4	0.02431640625	11082712	
1478	15	0	0.0243149757385254	26109542.4	0.02431640625	11082724	
1479	15	0	0.0243149757385254	26109542.4	0.02431640625	11082806	
1480	15	0	0.0243149757385254	26109542.4	0.02431640625	11082812	
1481	15	0	0.0243149757385254	26109542.4	0.02431640625	11082824	
1482	15	0	0.0243149757385254	26109542.4	0.02431640625	11082906	
1483	15	0	0.0243149757385254	26109542.4	0.02431640625	11082912	
1484	15	0	0.0243149757385254	26109542.4	0.02431640625	11082924	
1485	15	0	0.0243149757385254	26109542.4	0.02431640625	11083006	
1486	15	0	0.0243149757385254	26109542.4	0.02431640625	11083012	
1487	15	0	0.0243149757385254	26109542.4	0.02431640625	11083024	
1488	15	0	0.0243149757385254	26109542.4	0.02431640625	11083106	
1489	15	0	0.0243149757385254	26109542.4	0.02431640625	11083112	
1490	15	0	0.0243149757385254	26109542.4	0.02431640625	11083124	
1491	15	0	0.0243149757385254	26109542.4	0.02431640625	11090106	
1492	15	0	0.0243149757385254	26109542.4	0.02431640625	11090112	
1493	15	0	0.0243149757385254	26109542.4	0.02431640625	11090124	
1494	15	0	0.0243149757385254	26109542.4	0.02431640625	11090206	
1495	15	0	0.0243149757385254	26109542.4	0.02431640625	11090212	
1496	15	0	0.0243149757385254	26109542.4	0.02431640625	11090224	
1497	15	0	0.0243149757385254	26109542.4	0.02431640625	11090306	
1498	15	0	0.0243149757385254	26109542.4	0.02431640625	11090312	
1499	15	0	0.0243149757385254	26109542.4	0.02431640625	11090324	
1500	15	0	0.0243149757385254	26109542.4	0.02431640625	11090406	
1501	15	0	0.0243149757385254	26109542.4	0.02431640625	11090412	
1502	15	0	0.0243149757385254	26109542.4	0.02431640625	11090424	
1503	15	0	0.0243149757385254	26109542.4	0.02431640625	11090506	
1504	15	0	0.0243149757385254	26109542.4	0.02431640625	11090512	
1505	15	0	0.0243149757385254	26109542.4	0.02431640625	11090524	
1506	15	0	0.0243149757385254	26109542.4	0.02431640625	11090606	
1507	15	0	0.0243149757385254	26109542.4	0.02431640625	11090612	
1508	15	0	0.0243149757385254	26109542.4	0.02431640625	11090624	
1509	15	0	0.0243149757385254	26109542.4	0.02431640625	11090706	
1510	15	0	0.0243149757385254	26109542.4	0.02431640625	11090712	
1511	15	0	0.0243149757385254	26109542.4	0.02431640625	11090724	
1512	15	0	0.0243149757385254	26109542.4	0.02431640625	11090806	
1513	15	0	0.0243149757385254	26109542.4	0.02431640625	11090812	
1514	15	0	0.0243149757385254	26109542.4	0.02431640625	11090824	
1515	15	0	0.0243149757385254	26109542.4	0.02431640625	11090906	
1516	15	0	0.0243149757385254	26109542.4	0.02431640625	11090912	
1517	15	0	0.0243149757385254	26109542.4	0.02431640625	11090924	
1518	15	0	0.0243149757385254	26109542.4	0.02431640625	11091006	
1519	15	0	0.0243149757385254	26109542.4	0.02431640625	11091012	
1520	15	0	0.0243149757385254	26109542.4	0.02431640625	11091024	
1521	15	0	0.0243149757385254	26109542.4	0.02431640625	11091106	
1522	15	0	0.0243149757385254	26109542.4	0.02431640625	11091112	
1523	15	0	0.0243149757385254	26109542.4	0.02431640625	11091124	
1524	15	0	0.0243149757385254	26109542.4	0.02431640625	11091206	
1525	15	0	0.0243149757385254	26109542.4	0.02431640625	11091212	
1526	15	9332326.4	0.0330063819885254	35441868.8	0.0330078125	11091224	
1527	15	0	0.0330063819885254	35441868.8	0.0330078125	11091306	
1528	15	-419430.399999999	0.0326157569885254	35022438.4	0.0326171875	11091312	
1529	15	0	0.0326157569885254	35022438.4	0.0326171875	11091324	
1530	15	0	0.0326157569885254	35022438.4	0.0326171875	11091406	
1531	15	0	0.0326157569885254	35022438.4	0.0326171875	11091412	
1532	15	0	0.0326157569885254	35022438.4	0.0326171875	11091424	
1533	15	0	0.0326157569885254	35022438.4	0.0326171875	11091506	
1534	15	0	0.0326157569885254	35022438.4	0.0326171875	11091512	
1535	15	0	0.0326157569885254	35022438.4	0.0326171875	11091524	
1536	15	0	0.0326157569885254	35022438.4	0.0326171875	11091606	
1537	15	0	0.0326157569885254	35022438.4	0.0326171875	11091612	
1538	15	0	0.0326157569885254	35022438.4	0.0326171875	11091624	
1539	15	0	0.0326157569885254	35022438.4	0.0326171875	11091706	
1540	15	0	0.0326157569885254	35022438.4	0.0326171875	11091712	
1541	15	0	0.0326157569885254	35022438.4	0.0326171875	11091724	
1542	15	0	0.0326157569885254	35022438.4	0.0326171875	11091806	
1543	15	0	0.0326157569885254	35022438.4	0.0326171875	11091812	
1544	15	0	0.0326157569885254	35022438.4	0.0326171875	11091824	
1545	15	0	0.0326157569885254	35022438.4	0.0326171875	11091906	
1546	15	0	0.0326157569885254	35022438.4	0.0326171875	11091912	
1547	15	0	0.0326157569885254	35022438.4	0.0326171875	11091924	
1548	15	0	0.0326157569885254	35022438.4	0.0326171875	11092006	
1549	15	0	0.0326157569885254	35022438.4	0.0326171875	11092012	
1550	15	0	0.0326157569885254	35022438.4	0.0326171875	11092024	
1551	15	0	0.0326157569885254	35022438.4	0.0326171875	11092106	
1552	15	0	0.0326157569885254	35022438.4	0.0326171875	11092112	
1553	15	0	0.0326157569885254	35022438.4	0.0326171875	11092124	
1554	15	0	0.0326157569885254	35022438.4	0.0326171875	11092206	
1555	15	9332326.4	0.0413071632385254	44354764.8	0.04130859375	11092212	
1556	15	0	0.0413071632385254	44354764.8	0.04130859375	11092224	
1557	15	0	0.0413071632385254	44354764.8	0.04130859375	11092306	
1558	15	0	0.0413071632385254	44354764.8	0.04130859375	11092312	
1559	15	0	0.0413071632385254	44354764.8	0.04130859375	11092324	
1560	15	0	0.0413071632385254	44354764.8	0.04130859375	11092406	
1561	15	0	0.0413071632385254	44354764.8	0.04130859375	11092412	
1562	15	0	0.0413071632385254	44354764.8	0.04130859375	11092424	
1563	15	0	0.0413071632385254	44354764.8	0.04130859375	11092506	
1564	15	0	0.0413071632385254	44354764.8	0.04130859375	11092512	
1565	15	0	0.0413071632385254	44354764.8	0.04130859375	11092524	
1566	15	0	0.0413071632385254	44354764.8	0.04130859375	11092606	
1567	15	0	0.0413071632385254	44354764.8	0.04130859375	11092612	
1568	15	0	0.0413071632385254	44354764.8	0.04130859375	11092624	
1569	15	0	0.0413071632385254	44354764.8	0.04130859375	11092706	
1570	15	0	0.0413071632385254	44354764.8	0.04130859375	11092712	
1571	15	0	0.0413071632385254	44354764.8	0.04130859375	11092724	
1572	15	0	0.0413071632385254	44354764.8	0.04130859375	11092806	
1573	15	0	0.0413071632385254	44354764.8	0.04130859375	11092812	
1574	15	0	0.0413071632385254	44354764.8	0.04130859375	11092824	
1575	15	0	0.0413071632385254	44354764.8	0.04130859375	11092906	
1576	15	0	0.0413071632385254	44354764.8	0.04130859375	11092912	
1577	15	0	0.0413071632385254	44354764.8	0.04130859375	11092924	
1578	15	0	0.0413071632385254	44354764.8	0.04130859375	11093006	
1579	15	0	0.0413071632385254	44354764.8	0.04130859375	11093012	
1580	15	6710886.40000001	0.0475571632385254	51065651.2	0.04755859375	11093024	
1581	15	0	0.0475571632385254	51065651.2	0.04755859375	11100106	
1582	15	0	0.0475571632385254	51065651.2	0.04755859375	11100112	
1583	15	0	0.0475571632385254	51065651.2	0.04755859375	11100124	
1584	15	0	0.0475571632385254	51065651.2	0.04755859375	11100206	
1585	15	0	0.0475571632385254	51065651.2	0.04755859375	11100212	
1586	15	0	0.0475571632385254	51065651.2	0.04755859375	11100224	
1587	15	0	0.0475571632385254	51065651.2	0.04755859375	11100306	
1588	15	0	0.0475571632385254	51065651.2	0.04755859375	11100312	
1589	15	104857.599999994	0.0476548194885254	51170508.8	0.04765625	11100324	
1590	15	0	0.0476548194885254	51170508.8	0.04765625	11100406	
1591	15	0	0.0476548194885254	51170508.8	0.04765625	11100412	
1592	15	0	0.0476548194885254	51170508.8	0.04765625	11100424	
1593	15	0	0.0476548194885254	51170508.8	0.04765625	11100506	
1594	15	0	0.0476548194885254	51170508.8	0.04765625	11100512	
1595	15	0	0.0476548194885254	51170508.8	0.04765625	11100524	
1596	15	0	0.0476548194885254	51170508.8	0.04765625	11100606	
1597	15	0	0.0476548194885254	51170508.8	0.04765625	11100612	
1598	15	0	0.0476548194885254	51170508.8	0.04765625	11100624	
1599	15	0	0.0476548194885254	51170508.8	0.04765625	11100706	
1600	15	0	0.0476548194885254	51170508.8	0.04765625	11100712	
1601	15	0	0.0476548194885254	51170508.8	0.04765625	11100724	
1602	15	0	0.0476548194885254	51170508.8	0.04765625	11100806	
1603	15	0	0.0476548194885254	51170508.8	0.04765625	11100812	
1604	15	0	0.0476548194885254	51170508.8	0.04765625	11100824	
1605	15	0	0.0476548194885254	51170508.8	0.04765625	11100906	
1606	15	0	0.0476548194885254	51170508.8	0.04765625	11100912	
1607	15	0	0.0476548194885254	51170508.8	0.04765625	11100924	
1608	15	0	0.0476548194885254	51170508.8	0.04765625	11101006	
1609	15	0	0.0476548194885254	51170508.8	0.04765625	11101012	
1610	15	0	0.0476548194885254	51170508.8	0.04765625	11101024	
1611	15	0	0.0476548194885254	51170508.8	0.04765625	11101106	
1612	15	0	0.0476548194885254	51170508.8	0.04765625	11101112	
1613	15	0	0.0476548194885254	51170508.8	0.04765625	11101124	
1614	15	0	0.0476548194885254	51170508.8	0.04765625	11101206	
1615	15	734003.200000003	0.0483384132385254	51904512	0.04833984375	11101212	
1616	15	-838860.799999997	0.0475571632385254	51065651.2	0.04755859375	11101224	
1617	15	0	0.0475571632385254	51065651.2	0.04755859375	11101306	
1618	15	1468006.4	0.0489243507385254	52533657.6	0.04892578125	11101312	
1619	15	0	0.0489243507385254	52533657.6	0.04892578125	11101324	
1620	15	0	0.0489243507385254	52533657.6	0.04892578125	11101406	
1621	15	0	0.0489243507385254	52533657.6	0.04892578125	11101412	
1622	15	0	0.0489243507385254	52533657.6	0.04892578125	11101424	
1623	15	0	0.0489243507385254	52533657.6	0.04892578125	11101506	
1624	15	0	0.0489243507385254	52533657.6	0.04892578125	11101512	
1625	15	0	0.0489243507385254	52533657.6	0.04892578125	11101524	
1626	15	0	0.0489243507385254	52533657.6	0.04892578125	11101606	
1627	15	0	0.0489243507385254	52533657.6	0.04892578125	11101612	
1628	15	0	0.0489243507385254	52533657.6	0.04892578125	11101624	
1629	15	0	0.0489243507385254	52533657.6	0.04892578125	11101706	
1630	15	0	0.0489243507385254	52533657.6	0.04892578125	11101712	
1631	15	-6396313.6	0.0429673194885254	46137344	0.04296875	11101724	
1632	15	0	0.0429673194885254	46137344	0.04296875	11101806	
1633	15	0	0.0429673194885254	46137344	0.04296875	11101812	
1634	15	0	0.0429673194885254	46137344	0.04296875	11101824	
1635	15	0	0.0429673194885254	46137344	0.04296875	11101906	
1636	15	0	0.0429673194885254	46137344	0.04296875	11101912	
1637	15	0	0.0429673194885254	46137344	0.04296875	11101924	
1638	15	0	0.0429673194885254	46137344	0.04296875	11102006	
1639	15	0	0.0429673194885254	46137344	0.04296875	11102012	
1640	15	0	0.0429673194885254	46137344	0.04296875	11102024	
1641	15	0	0.0429673194885254	46137344	0.04296875	11102106	
1642	15	0	0.0429673194885254	46137344	0.04296875	11102112	
1643	15	0	0.0429673194885254	46137344	0.04296875	11102124	
1644	15	0	0.0429673194885254	46137344	0.04296875	11102206	
1645	15	0	0.0429673194885254	46137344	0.04296875	11102212	
1646	15	0	0.0429673194885254	46137344	0.04296875	11102224	
1647	15	0	0.0429673194885254	46137344	0.04296875	11102306	
1648	15	0	0.0429673194885254	46137344	0.04296875	11102312	
1649	15	0	0.0429673194885254	46137344	0.04296875	11102324	
1650	15	0	0.0429673194885254	46137344	0.04296875	11102406	
1651	15	0	0.0429673194885254	46137344	0.04296875	11102412	
1652	15	0	0.0429673194885254	46137344	0.04296875	11102424	
1653	15	0	0.0429673194885254	46137344	0.04296875	11102506	
1654	15	-209715.200000003	0.0427720069885254	45927628.8	0.0427734375	11102512	
1655	15	0	0.0427720069885254	45927628.8	0.0427734375	11102524	
1656	15	0	0.0427720069885254	45927628.8	0.0427734375	11102606	
1657	15	-1048576	0.0417954444885254	44879052.8	0.041796875	11102612	
1658	15	13002342.4	0.0539048194885254	57881395.2	0.05390625	11102624	
1659	15	0	0.0539048194885254	57881395.2	0.05390625	11102706	
1660	15	3984588.8	0.0576157569885254	61865984	0.0576171875	11102712	
1661	15	1468006.4	0.0589829444885254	63333990.4	0.058984375	11102724	
1662	15	0	0.0589829444885254	63333990.4	0.058984375	11102806	
1663	15	1677721.6	0.0605454444885254	65011712	0.060546875	11102812	
1664	15	0	0.0605454444885254	65011712	0.060546875	11102824	
1665	15	0	0.0605454444885254	65011712	0.060546875	11102906	
1666	15	0	0.0605454444885254	65011712	0.060546875	11102912	
1667	15	0	0.0605454444885254	65011712	0.060546875	11102924	
1668	15	0	0.0605454444885254	65011712	0.060546875	11103006	
1669	15	0	0.0605454444885254	65011712	0.060546875	11103012	
1670	15	0	0.0605454444885254	65011712	0.060546875	11103024	
1671	15	0	0.0605454444885254	65011712	0.060546875	11103106	
1672	15	0	0.0605454444885254	65011712	0.060546875	11103112	
1673	15	-2726297.6	0.0580063819885254	62285414.4	0.0580078125	11103124	
1674	15	0	0.0580063819885254	62285414.4	0.0580078125	11110106	
1675	15	0	0.0580063819885254	62285414.4	0.0580078125	11110112	
1676	15	0	0.0580063819885254	62285414.4	0.0580078125	11110124	
1677	15	0	0.0580063819885254	62285414.4	0.0580078125	11110206	
1678	15	0	0.0580063819885254	62285414.4	0.0580078125	11110212	
1679	15	0	0.0580063819885254	62285414.4	0.0580078125	11110224	
1680	15	0	0.0580063819885254	62285414.4	0.0580078125	11110306	
1681	15	0	0.0580063819885254	62285414.4	0.0580078125	11110312	
1682	15	3460300.8	0.0612290382385254	65745715.2	0.06123046875	11110324	
1683	15	0	0.0612290382385254	65745715.2	0.06123046875	11110406	
1684	15	22439526.4	0.0821274757385254	88185241.6	0.08212890625	11110412	
1685	15	-3355443.19999999	0.0790024757385254	84829798.4	0.07900390625	11110424	
1686	15	0	0.0790024757385254	84829798.4	0.07900390625	11110506	
1687	15	0	0.0790024757385254	84829798.4	0.07900390625	11110512	
1688	15	0	0.0790024757385254	84829798.4	0.07900390625	11110524	
1689	15	0	0.0790024757385254	84829798.4	0.07900390625	11110606	
1690	15	0	0.0790024757385254	84829798.4	0.07900390625	11110612	
1691	15	0	0.0790024757385254	84829798.4	0.07900390625	11110624	
1692	15	0	0.0790024757385254	84829798.4	0.07900390625	11110706	
1693	15	-3565158.40000001	0.0756821632385254	81264640	0.07568359375	11110712	
1694	15	524288	0.0761704444885254	81788928	0.076171875	11110724	
1695	15	0	0.0761704444885254	81788928	0.076171875	11110806	
1696	15	0	0.0761704444885254	81788928	0.076171875	11110812	
1697	15	7864320	0.0834946632385254	89653248	0.08349609375	11110824	
1698	15	0	0.0834946632385254	89653248	0.08349609375	11110906	
1699	15	-7864320	0.0761704444885254	81788928	0.076171875	11110912	
1700	15	0	0.0761704444885254	81788928	0.076171875	11110924	
1701	15	0	0.0761704444885254	81788928	0.076171875	11111006	
1702	15	0	0.0761704444885254	81788928	0.076171875	11111012	
1703	15	0	0.0761704444885254	81788928	0.076171875	11111024	
1704	15	0	0.0761704444885254	81788928	0.076171875	11111106	
1705	15	0	0.0761704444885254	81788928	0.076171875	11111112	
1706	15	0	0.0761704444885254	81788928	0.076171875	11111124	
1707	15	0	0.0761704444885254	81788928	0.076171875	11111206	
1708	15	0	0.0761704444885254	81788928	0.076171875	11111212	
1709	15	0	0.0761704444885254	81788928	0.076171875	11111224	
1710	15	0	0.0761704444885254	81788928	0.076171875	11111306	
1711	15	0	0.0761704444885254	81788928	0.076171875	11111312	
1712	15	0	0.0761704444885254	81788928	0.076171875	11111324	
1713	15	0	0.0761704444885254	81788928	0.076171875	11111406	
1714	15	0	0.0761704444885254	81788928	0.076171875	11111412	
1715	15	0	0.0761704444885254	81788928	0.076171875	11111424	
1716	15	0	0.0761704444885254	81788928	0.076171875	11111506	
1717	15	0	0.0761704444885254	81788928	0.076171875	11111512	
1718	15	0	0.0761704444885254	81788928	0.076171875	11111524	
1719	15	0	0.0761704444885254	81788928	0.076171875	11111606	
1720	15	0	0.0761704444885254	81788928	0.076171875	11111612	
1721	15	0	0.0761704444885254	81788928	0.076171875	11111624	
1722	15	0	0.0761704444885254	81788928	0.076171875	11111706	
1723	15	0	0.0761704444885254	81788928	0.076171875	11111712	
1724	15	0	0.0761704444885254	81788928	0.076171875	11111724	
1725	15	0	0.0761704444885254	81788928	0.076171875	11111806	
1726	15	0	0.0761704444885254	81788928	0.076171875	11111812	
1727	15	-524288	0.0756821632385254	81264640	0.07568359375	11111824	
1728	15	0	0.0756821632385254	81264640	0.07568359375	11111906	
1729	15	0	0.0756821632385254	81264640	0.07568359375	11111912	
1730	15	0	0.0756821632385254	81264640	0.07568359375	11111924	
1731	15	0	0.0756821632385254	81264640	0.07568359375	11112006	
1732	15	0	0.0756821632385254	81264640	0.07568359375	11112012	
1733	15	4194304	0.0795884132385254	85458944	0.07958984375	11112024	
1734	15	0	0.0795884132385254	85458944	0.07958984375	11112106	
1735	15	0	0.0795884132385254	85458944	0.07958984375	11112112	
1736	15	0	0.0795884132385254	85458944	0.07958984375	11112124	
1737	15	0	0.0795884132385254	85458944	0.07958984375	11112206	
1738	15	0	0.0795884132385254	85458944	0.07958984375	11112212	
1739	15	6081740.8	0.0852524757385254	91540684.8	0.08525390625	11112224	
1740	15	0	0.0852524757385254	91540684.8	0.08525390625	11112306	
1741	15	0	0.0852524757385254	91540684.8	0.08525390625	11112312	
1742	15	0	0.0852524757385254	91540684.8	0.08525390625	11112324	
1743	15	0	0.0852524757385254	91540684.8	0.08525390625	11112406	
1744	15	0	0.0852524757385254	91540684.8	0.08525390625	11112412	
1745	15	0	0.0852524757385254	91540684.8	0.08525390625	11112424	
1746	15	0	0.0852524757385254	91540684.8	0.08525390625	11112506	
1747	15	0	0.0852524757385254	91540684.8	0.08525390625	11112512	
1748	15	0	0.0852524757385254	91540684.8	0.08525390625	11112524	
1749	15	0	0.0852524757385254	91540684.8	0.08525390625	11112606	
1750	15	0	0.0852524757385254	91540684.8	0.08525390625	11112612	
1751	15	0	0.0852524757385254	91540684.8	0.08525390625	11112624	
1752	15	0	0.0852524757385254	91540684.8	0.08525390625	11112706	
1753	15	0	0.0852524757385254	91540684.8	0.08525390625	11112712	
1754	15	0	0.0852524757385254	91540684.8	0.08525390625	11112724	
1755	15	0	0.0852524757385254	91540684.8	0.08525390625	11112806	
1756	15	0	0.0852524757385254	91540684.8	0.08525390625	11112812	
1757	15	0	0.0852524757385254	91540684.8	0.08525390625	11112824	
1758	15	0	0.0852524757385254	91540684.8	0.08525390625	11112906	
1759	15	0	0.0852524757385254	91540684.8	0.08525390625	11112912	
1760	15	0	0.0852524757385254	91540684.8	0.08525390625	11112924	
1761	15	0	0.0852524757385254	91540684.8	0.08525390625	11113006	
1762	15	0	0.0852524757385254	91540684.8	0.08525390625	11113012	
1763	15	0	0.0852524757385254	91540684.8	0.08525390625	11113024	
1764	15	0	0.0852524757385254	91540684.8	0.08525390625	11120106	
1765	15	-5242880	0.0803696632385254	86297804.8	0.08037109375	11120112	
1766	15	6186598.40000001	0.0861313819885254	92484403.2	0.0861328125	11120124	
1767	15	0	0.0861313819885254	92484403.2	0.0861328125	11120206	
1768	15	0	0.0861313819885254	92484403.2	0.0861328125	11120212	
1769	15	-6186598.40000001	0.0803696632385254	86297804.8	0.08037109375	11120224	
1770	15	0	0.0803696632385254	86297804.8	0.08037109375	11120306	
1771	15	0	0.0803696632385254	86297804.8	0.08037109375	11120312	
1772	15	0	0.0803696632385254	86297804.8	0.08037109375	11120324	
1773	15	0	0.0803696632385254	86297804.8	0.08037109375	11120406	
1774	15	0	0.0803696632385254	86297804.8	0.08037109375	11120412	
1775	15	0	0.0803696632385254	86297804.8	0.08037109375	11120424	
1776	15	0	0.0803696632385254	86297804.8	0.08037109375	11120506	
1777	15	0	0.0803696632385254	86297804.8	0.08037109375	11120512	
1778	15	0	0.0803696632385254	86297804.8	0.08037109375	11120524	
1779	15	0	0.0803696632385254	86297804.8	0.08037109375	11120606	
1780	15	0	0.0803696632385254	86297804.8	0.08037109375	11120612	
1781	15	0	0.0803696632385254	86297804.8	0.08037109375	11120624	
1782	15	0	0.0803696632385254	86297804.8	0.08037109375	11120706	
1783	15	10590617.6	0.0902329444885254	96888422.4	0.090234375	11120712	
1784	15	419430.399999991	0.0906235694885254	97307852.8	0.090625	11120724	
1785	15	0	0.0906235694885254	97307852.8	0.090625	11120806	
1786	15	0	0.0906235694885254	97307852.8	0.090625	11120812	
1787	15	0	0.0906235694885254	97307852.8	0.090625	11120824	
1788	15	0	0.0906235694885254	97307852.8	0.090625	11120906	
1789	15	0	0.0906235694885254	97307852.8	0.090625	11120912	
1790	15	-419430.399999991	0.0902329444885254	96888422.4	0.090234375	11120924	
1791	15	0	0.0902329444885254	96888422.4	0.090234375	11121006	
1792	15	0	0.0902329444885254	96888422.4	0.090234375	11121012	
1793	15	0	0.0902329444885254	96888422.4	0.090234375	11121024	
1794	15	0	0.0902329444885254	96888422.4	0.090234375	11121106	
1795	15	0	0.0902329444885254	96888422.4	0.090234375	11121112	
1796	15	0	0.0902329444885254	96888422.4	0.090234375	11121124	
1797	15	0	0.0902329444885254	96888422.4	0.090234375	11121206	
1798	15	0	0.0902329444885254	96888422.4	0.090234375	11121212	
1799	15	0	0.0902329444885254	96888422.4	0.090234375	11121224	
1800	15	0	0.0902329444885254	96888422.4	0.090234375	11121306	
1801	15	0	0.0902329444885254	96888422.4	0.090234375	11121312	
1802	15	0	0.0902329444885254	96888422.4	0.090234375	11121324	
1803	15	0	0.0902329444885254	96888422.4	0.090234375	11121406	
1804	15	0	0.0902329444885254	96888422.4	0.090234375	11121412	
1805	15	10066329.6	0.0996079444885254	106954752	0.099609375	11121424	
1806	15	0	0.0996079444885254	106954752	0.099609375	11121506	
1807	15	0	0.0996079444885254	106954752	0.099609375	11121512	
1808	15	0	0.0996079444885254	106954752	0.099609375	11121524	
1809	15	0	0.0996079444885254	106954752	0.099609375	11121606	
1810	15	-10066329.6	0.0902329444885254	96888422.4	0.090234375	11121612	
1811	15	10066329.6	0.0996079444885254	106954752	0.099609375	11121624	
1812	15	0	0.0996079444885254	106954752	0.099609375	11121706	
1813	15	0	0.0996079444885254	106954752	0.099609375	11121712	
1814	15	0	0.0996079444885254	106954752	0.099609375	11121724	
1815	15	0	0.0996079444885254	106954752	0.099609375	11121806	
1816	15	0	0.0996079444885254	106954752	0.099609375	11121812	
1817	15	0	0.0996079444885254	106954752	0.099609375	11121824	
1818	15	0	0.0996079444885254	106954752	0.099609375	11121906	
1819	15	0	0.0996079444885254	106954752	0.099609375	11121912	
1820	15	0	0.0996079444885254	106954752	0.099609375	11121924	
1821	15	0	0.0996079444885254	106954752	0.099609375	11122006	
1822	15	0	0.0996079444885254	106954752	0.099609375	11122012	
1823	15	0	0.0996079444885254	106954752	0.099609375	11122024	
1824	15	0	0.0996079444885254	106954752	0.099609375	11122106	
1825	15	0	0.0996079444885254	106954752	0.099609375	11122112	
1826	15	0	0.0996079444885254	106954752	0.099609375	11122124	
1827	15	0	0.0996079444885254	106954752	0.099609375	11122206	
1828	15	0	0.0996079444885254	106954752	0.099609375	11122212	
1829	15	0	0.0996079444885254	106954752	0.099609375	11122224	
1830	15	0	0.0996079444885254	106954752	0.099609375	11122306	
1831	15	0	0.0996079444885254	106954752	0.099609375	11122312	
1832	15	0	0.0996079444885254	106954752	0.099609375	11122324	
1833	15	0	0.0996079444885254	106954752	0.099609375	11122406	
1834	15	0	0.0996079444885254	106954752	0.099609375	11122412	
1835	15	0	0.0996079444885254	106954752	0.099609375	11122424	
1836	15	0	0.0996079444885254	106954752	0.099609375	11122506	
1837	15	0	0.0996079444885254	106954752	0.099609375	11122512	
1838	15	0	0.0996079444885254	106954752	0.099609375	11122524	
1839	15	0	0.0996079444885254	106954752	0.099609375	11122606	
1840	15	0	0.0996079444885254	106954752	0.099609375	11122612	
1841	15	0	0.0996079444885254	106954752	0.099609375	11122624	
1842	15	0	0.0996079444885254	106954752	0.099609375	11122706	
1843	15	0	0.0996079444885254	106954752	0.099609375	11122712	
1844	15	0	0.0996079444885254	106954752	0.099609375	11122724	
1845	15	0	0.0996079444885254	106954752	0.099609375	11122806	
1846	15	0	0.0996079444885254	106954752	0.099609375	11122812	
1847	15	0	0.0996079444885254	106954752	0.099609375	11122824	
1848	15	0	0.0996079444885254	106954752	0.099609375	11122906	
1849	15	0	0.0996079444885254	106954752	0.099609375	11122912	
1850	15	0	0.0996079444885254	106954752	0.099609375	11122924	
1851	15	0	0.0996079444885254	106954752	0.099609375	11123006	
1852	15	0	0.0996079444885254	106954752	0.099609375	11123012	
1853	15	0	0.0996079444885254	106954752	0.099609375	11123024	
1854	15	0	0.0996079444885254	106954752	0.099609375	11123106	
1855	15	0	0.0996079444885254	106954752	0.099609375	11123112	
1856	15	0	0.0996079444885254	106954752	0.099609375	11123124	
1857	15	0	0.0996079444885254	106954752	0.099609375	12010106	
1858	15	0	0.0996079444885254	106954752	0.099609375	12010112	
1859	15	0	0.0996079444885254	106954752	0.099609375	12010124	
1860	15	0	0.0996079444885254	106954752	0.099609375	12010206	
1861	15	0	0.0996079444885254	106954752	0.099609375	12010212	
1862	15	0	0.0996079444885254	106954752	0.099609375	12010224	
1863	15	0	0.0996079444885254	106954752	0.099609375	12010306	
1864	15	0	0.0996079444885254	106954752	0.099609375	12010312	
1865	15	0	0.0996079444885254	106954752	0.099609375	12010324	
1866	15	0	0.0996079444885254	106954752	0.099609375	12010406	
1867	15	0	0.0996079444885254	106954752	0.099609375	12010412	
1868	15	0	0.0996079444885254	106954752	0.099609375	12010424	
1869	15	0	0.0996079444885254	106954752	0.099609375	12010506	
1870	15	0	0.0996079444885254	106954752	0.099609375	12010512	
1871	15	0	0.0996079444885254	106954752	0.099609375	12010524	
1872	15	0	0.0996079444885254	106954752	0.099609375	12010606	
1873	15	0	0.0996079444885254	106954752	0.099609375	12010612	
1874	15	0	0.0996079444885254	106954752	0.099609375	12010624	
1875	15	0	0.0996079444885254	106954752	0.099609375	12010706	
1876	15	0	0.0996079444885254	106954752	0.099609375	12010712	
1877	15	0	0.0996079444885254	106954752	0.099609375	12010724	
1878	15	0	0.0996079444885254	106954752	0.099609375	12010806	
1879	15	0	0.0996079444885254	106954752	0.099609375	12010812	
1880	15	0	0.0996079444885254	106954752	0.099609375	12010824	
1881	15	0	0.0996079444885254	106954752	0.099609375	12010906	
1882	15	0	0.0996079444885254	106954752	0.099609375	12010912	
1883	15	0	0.0996079444885254	106954752	0.099609375	12010924	
1884	15	0	0.0996079444885254	106954752	0.099609375	12011006	
1885	15	0	0.0996079444885254	106954752	0.099609375	12011012	
1886	15	0	0.0996079444885254	106954752	0.099609375	12011024	
1887	15	0	0.0996079444885254	106954752	0.099609375	12011106	
1888	15	0	0.0996079444885254	106954752	0.099609375	12011112	
1889	15	0	0.0996079444885254	106954752	0.099609375	12011124	
1890	15	0	0.0996079444885254	106954752	0.099609375	12011206	
1891	15	0	0.0996079444885254	106954752	0.099609375	12011212	
1892	15	0	0.0996079444885254	106954752	0.099609375	12011224	
1893	15	0	0.0996079444885254	106954752	0.099609375	12011306	
1894	15	0	0.0996079444885254	106954752	0.099609375	12011312	
1895	15	0	0.0996079444885254	106954752	0.099609375	12011324	
1896	15	0	0.0996079444885254	106954752	0.099609375	12011406	
1897	15	0	0.0996079444885254	106954752	0.099609375	12011412	
1898	15	0	0.0996079444885254	106954752	0.099609375	12011424	
1899	15	0	0.0996079444885254	106954752	0.099609375	12011506	
1900	15	0	0.0996079444885254	106954752	0.099609375	12011512	
1901	15	0	0.0996079444885254	106954752	0.099609375	12011524	
1902	15	0	0.0996079444885254	106954752	0.099609375	12011606	
1903	15	0	0.0996079444885254	106954752	0.099609375	12011612	
1904	15	0	0.0996079444885254	106954752	0.099609375	12011624	
1905	15	0	0.0996079444885254	106954752	0.099609375	12011706	
1906	15	0	0.0996079444885254	106954752	0.099609375	12011712	
1907	15	0	0.0996079444885254	106954752	0.099609375	12011724	
1908	15	0	0.0996079444885254	106954752	0.099609375	12011806	
1909	15	0	0.0996079444885254	106954752	0.099609375	12011812	
1910	15	0	0.0996079444885254	106954752	0.099609375	12011824	
1911	15	0	0.0996079444885254	106954752	0.099609375	12011906	
1912	15	0	0.0996079444885254	106954752	0.099609375	12011912	
1913	15	0	0.0996079444885254	106954752	0.099609375	12011924	
1914	15	0	0.0996079444885254	106954752	0.099609375	12012006	
1915	15	42991616	0.139647006988525	149946368	0.1396484375	12012012	
1916	15	-42991616	0.0996079444885254	106954752	0.099609375	12012024	
1917	15	0	0.0996079444885254	106954752	0.099609375	12012106	
1918	15	0	0.0996079444885254	106954752	0.099609375	12012112	
1919	15	0	0.0996079444885254	106954752	0.099609375	12012124	
1920	15	0	0.0996079444885254	106954752	0.099609375	12012206	
1921	15	0	0.0996079444885254	106954752	0.099609375	12012212	
1922	15	0	0.0996079444885254	106954752	0.099609375	12012224	
1923	15	0	0.0996079444885254	106954752	0.099609375	12012306	
1924	15	0	0.0996079444885254	106954752	0.099609375	12012312	
1925	15	0	0.0996079444885254	106954752	0.099609375	12012324	
1926	15	0	0.0996079444885254	106954752	0.099609375	12012406	
1927	15	0	0.0996079444885254	106954752	0.099609375	12012412	
1928	15	0	0.0996079444885254	106954752	0.099609375	12012424	
1929	15	0	0.0996079444885254	106954752	0.099609375	12012506	
1930	15	9437184	0.108397006988525	116391936	0.1083984375	12012512	
1931	15	-9437184	0.0996079444885254	106954752	0.099609375	12012524	
1932	15	0	0.0996079444885254	106954752	0.099609375	12012606	
1933	15	0	0.0996079444885254	106954752	0.099609375	12012612	
1934	15	0	0.0996079444885254	106954752	0.099609375	12012624	
1935	15	0	0.0996079444885254	106954752	0.099609375	12012706	
1936	15	0	0.0996079444885254	106954752	0.099609375	12012712	
1937	15	0	0.0996079444885254	106954752	0.099609375	12012724	
1938	15	0	0.0996079444885254	106954752	0.099609375	12012806	
1939	15	0	0.0996079444885254	106954752	0.099609375	12012812	
1940	15	0	0.0996079444885254	106954752	0.099609375	12012824	
1941	15	0	0.0996079444885254	106954752	0.099609375	12012906	
1942	15	0	0.0996079444885254	106954752	0.099609375	12012912	
1943	15	0	0.0996079444885254	106954752	0.099609375	12012924	
1944	15	0	0.0996079444885254	106954752	0.099609375	12013006	
1945	15	0	0.0996079444885254	106954752	0.099609375	12013012	
1946	15	0	0.0996079444885254	106954752	0.099609375	12013024	
1947	15	0	0.0996079444885254	106954752	0.099609375	12013106	
1948	15	0	0.0996079444885254	106954752	0.099609375	12013112	
1949	15	0	0.0996079444885254	106954752	0.099609375	12013124	
1950	15	0	0.0996079444885254	106954752	0.099609375	12020106	
1951	15	0	0.0996079444885254	106954752	0.099609375	12020112	
1952	15	0	0.0996079444885254	106954752	0.099609375	12020124	
1953	15	0	0.0996079444885254	106954752	0.099609375	12020206	
1954	15	0	0.0996079444885254	106954752	0.099609375	12020212	
1955	15	0	0.0996079444885254	106954752	0.099609375	12020224	
1956	15	0	0.0996079444885254	106954752	0.099609375	12020306	
1957	15	0	0.0996079444885254	106954752	0.099609375	12020312	
1958	15	0	0.0996079444885254	106954752	0.099609375	12020324	
1959	15	0	0.0996079444885254	106954752	0.099609375	12020406	
1960	15	0	0.0996079444885254	106954752	0.099609375	12020412	
1961	15	0	0.0996079444885254	106954752	0.099609375	12020424	
1962	15	0	0.0996079444885254	106954752	0.099609375	12020506	
1963	15	0	0.0996079444885254	106954752	0.099609375	12020512	
1964	15	0	0.0996079444885254	106954752	0.099609375	12020524	
1965	15	0	0.0996079444885254	106954752	0.099609375	12020606	
1966	15	0	0.0996079444885254	106954752	0.099609375	12020612	
1967	15	0	0.0996079444885254	106954752	0.099609375	12020624	
1968	15	0	0.0996079444885254	106954752	0.099609375	12020706	
1969	15	0	0.0996079444885254	106954752	0.099609375	12020712	
1970	15	0	0.0996079444885254	106954752	0.099609375	12020724	
1971	15	0	0.0996079444885254	106954752	0.099609375	12020806	
1972	15	0	0.0996079444885254	106954752	0.099609375	12020812	
1973	15	0	0.0996079444885254	106954752	0.099609375	12020824	
1974	15	0	0.0996079444885254	106954752	0.099609375	12020906	
1975	15	0	0.0996079444885254	106954752	0.099609375	12020912	
1976	15	0	0.0996079444885254	106954752	0.099609375	12020924	
1977	15	0	0.0996079444885254	106954752	0.099609375	12021006	
1978	15	0	0.0996079444885254	106954752	0.099609375	12021012	
1979	15	0	0.0996079444885254	106954752	0.099609375	12021024	
1980	15	0	0.0996079444885254	106954752	0.099609375	12021106	
1981	15	0	0.0996079444885254	106954752	0.099609375	12021112	
1982	15	0	0.0996079444885254	106954752	0.099609375	12021124	
1983	15	0	0.0996079444885254	106954752	0.099609375	12021206	
1984	15	0	0.0996079444885254	106954752	0.099609375	12021212	
1985	15	0	0.0996079444885254	106954752	0.099609375	12021224	
1986	15	0	0.0996079444885254	106954752	0.099609375	12021306	
1987	15	0	0.0996079444885254	106954752	0.099609375	12021312	
1988	15	0	0.0996079444885254	106954752	0.099609375	12021324	
1989	15	0	0.0996079444885254	106954752	0.099609375	12021406	
1990	15	0	0.0996079444885254	106954752	0.099609375	12021412	
1991	15	0	0.0996079444885254	106954752	0.099609375	12021424	
1992	15	0	0.0996079444885254	106954752	0.099609375	12021506	
1993	15	0	0.0996079444885254	106954752	0.099609375	12021512	
1994	15	0	0.0996079444885254	106954752	0.099609375	12021524	
1995	15	0	0.0996079444885254	106954752	0.099609375	12021606	
1996	15	0	0.0996079444885254	106954752	0.099609375	12021612	
1997	15	0	0.0996079444885254	106954752	0.099609375	12021624	
1998	15	0	0.0996079444885254	106954752	0.099609375	12021706	
1999	15	0	0.0996079444885254	106954752	0.099609375	12021712	
2000	15	0	0.0996079444885254	106954752	0.099609375	12021724	
2001	15	0	0.0996079444885254	106954752	0.099609375	12021806	
2002	15	0	0.0996079444885254	106954752	0.099609375	12021812	
2003	15	0	0.0996079444885254	106954752	0.099609375	12021824	
2004	15	0	0.0996079444885254	106954752	0.099609375	12021906	
2005	15	0	0.0996079444885254	106954752	0.099609375	12021912	
2006	15	0	0.0996079444885254	106954752	0.099609375	12021924	
2007	15	0	0.0996079444885254	106954752	0.099609375	12022006	
2008	15	0	0.0996079444885254	106954752	0.099609375	12022012	
2009	15	0	0.0996079444885254	106954752	0.099609375	12022024	
2010	15	0	0.0996079444885254	106954752	0.099609375	12022106	
2011	15	0	0.0996079444885254	106954752	0.099609375	12022112	
2012	15	0	0.0996079444885254	106954752	0.099609375	12022124	
2013	15	0	0.0996079444885254	106954752	0.099609375	12022206	
2014	15	0	0.0996079444885254	106954752	0.099609375	12022212	
2015	15	0	0.0996079444885254	106954752	0.099609375	12022224	
2016	15	0	0.0996079444885254	106954752	0.099609375	12022306	
2017	15	0	0.0996079444885254	106954752	0.099609375	12022312	
2018	15	0	0.0996079444885254	106954752	0.099609375	12022324	
2019	15	0	0.0996079444885254	106954752	0.099609375	12022406	
2020	15	0	0.0996079444885254	106954752	0.099609375	12022412	
2021	15	0	0.0996079444885254	106954752	0.099609375	12022424	
2022	15	0	0.0996079444885254	106954752	0.099609375	12022506	
2023	15	0	0.0996079444885254	106954752	0.099609375	12022512	
2024	15	0	0.0996079444885254	106954752	0.099609375	12022524	
2025	15	0	0.0996079444885254	106954752	0.099609375	12022606	
2026	15	0	0.0996079444885254	106954752	0.099609375	12022612	
2027	15	0	0.0996079444885254	106954752	0.099609375	12022624	
2028	15	0	0.0996079444885254	106954752	0.099609375	12022706	
2029	15	0	0.0996079444885254	106954752	0.099609375	12022712	
2030	15	0	0.0996079444885254	106954752	0.099609375	12022724	
2031	15	0	0.0996079444885254	106954752	0.099609375	12022806	
2032	15	0	0.0996079444885254	106954752	0.099609375	12022812	
2033	15	0	0.0996079444885254	106954752	0.099609375	12022824	
2034	15	0	0.0996079444885254	106954752	0.099609375	12022906	
2035	15	0	0.0996079444885254	106954752	0.099609375	12022912	
2036	15	0	0.0996079444885254	106954752	0.099609375	12022924	
2037	15	0	0.0996079444885254	106954752	0.099609375	12030106	
2038	15	0	0.0996079444885254	106954752	0.099609375	12030112	
2039	15	0	0.0996079444885254	106954752	0.099609375	12030124	
2040	15	0	0.0996079444885254	106954752	0.099609375	12030206	
2041	15	0	0.0996079444885254	106954752	0.099609375	12030212	
2042	15	0	0.0996079444885254	106954752	0.099609375	12030224	
2043	15	0	0.0996079444885254	106954752	0.099609375	12030306	
2044	15	0	0.0996079444885254	106954752	0.099609375	12030312	
2045	15	0	0.0996079444885254	106954752	0.099609375	12030324	
2046	15	0	0.0996079444885254	106954752	0.099609375	12030406	
2047	15	0	0.0996079444885254	106954752	0.099609375	12030412	
2048	15	0	0.0996079444885254	106954752	0.099609375	12030424	
2049	15	0	0.0996079444885254	106954752	0.099609375	12030506	
2050	15	0	0.0996079444885254	106954752	0.099609375	12030512	
2051	15	0	0.0996079444885254	106954752	0.099609375	12030524	
2052	15	0	0.0996079444885254	106954752	0.099609375	12030606	
2053	15	0	0.0996079444885254	106954752	0.099609375	12030612	
2054	15	0	0.0996079444885254	106954752	0.099609375	12030624	
2055	15	0	0.0996079444885254	106954752	0.099609375	12030706	
2056	15	0	0.0996079444885254	106954752	0.099609375	12030712	
2057	15	0	0.0996079444885254	106954752	0.099609375	12030724	
2058	15	0	0.0996079444885254	106954752	0.099609375	12030806	
2059	15	0	0.0996079444885254	106954752	0.099609375	12030812	
2060	15	0	0.0996079444885254	106954752	0.099609375	12030824	
2061	15	0	0.0996079444885254	106954752	0.099609375	12030906	
2062	15	0	0.0996079444885254	106954752	0.099609375	12030912	
2063	15	0	0.0996079444885254	106954752	0.099609375	12030924	
2064	15	0	0.0996079444885254	106954752	0.099609375	12031006	
2065	15	0	0.0996079444885254	106954752	0.099609375	12031012	
2066	15	0	0.0996079444885254	106954752	0.099609375	12031024	
2067	15	0	0.0996079444885254	106954752	0.099609375	12031106	
2068	15	0	0.0996079444885254	106954752	0.099609375	12031112	
2069	15	0	0.0996079444885254	106954752	0.099609375	12031124	
2070	15	0	0.0996079444885254	106954752	0.099609375	12031206	
2071	15	0	0.0996079444885254	106954752	0.099609375	12031212	
2072	15	0	0.0996079444885254	106954752	0.099609375	12031224	
2073	15	0	0.0996079444885254	106954752	0.099609375	12031306	
2074	15	0	0.0996079444885254	106954752	0.099609375	12031312	
2075	15	0	0.0996079444885254	106954752	0.099609375	12031324	
2076	15	0	0.0996079444885254	106954752	0.099609375	12031406	
2077	15	0	0.0996079444885254	106954752	0.099609375	12031412	
2078	15	0	0.0996079444885254	106954752	0.099609375	12031424	
2079	15	0	0.0996079444885254	106954752	0.099609375	12031506	
2080	15	0	0.0996079444885254	106954752	0.099609375	12031512	
2081	15	0	0.0996079444885254	106954752	0.099609375	12031524	
2082	15	0	0.0996079444885254	106954752	0.099609375	12031606	
2083	15	0	0.0996079444885254	106954752	0.099609375	12031612	
2084	15	0	0.0996079444885254	106954752	0.099609375	12031624	
2085	15	0	0.0996079444885254	106954752	0.099609375	12031706	
2086	15	0	0.0996079444885254	106954752	0.099609375	12031712	
2087	15	0	0.0996079444885254	106954752	0.099609375	12031724	
2088	15	0	0.0996079444885254	106954752	0.099609375	12031806	
2089	15	0	0.0996079444885254	106954752	0.099609375	12031812	
2090	15	0	0.0996079444885254	106954752	0.099609375	12031824	
2091	15	0	0.0996079444885254	106954752	0.099609375	12031906	
2092	15	0	0.0996079444885254	106954752	0.099609375	12031912	
2093	15	0	0.0996079444885254	106954752	0.099609375	12031924	
2094	15	0	0.0996079444885254	106954752	0.099609375	12032006	
2095	15	0	0.0996079444885254	106954752	0.099609375	12032012	
2096	15	0	0.0996079444885254	106954752	0.099609375	12032024	
2097	15	0	0.0996079444885254	106954752	0.099609375	12032106	
2098	15	0	0.0996079444885254	106954752	0.099609375	12032112	
2099	15	0	0.0996079444885254	106954752	0.099609375	12032124	
2100	15	0	0.0996079444885254	106954752	0.099609375	12032206	
2101	15	0	0.0996079444885254	106954752	0.099609375	12032212	
2102	15	0	0.0996079444885254	106954752	0.099609375	12032224	
2103	15	0	0.0996079444885254	106954752	0.099609375	12032306	
2104	15	0	0.0996079444885254	106954752	0.099609375	12032312	
2105	15	0	0.0996079444885254	106954752	0.099609375	12032324	
2106	15	0	0.0996079444885254	106954752	0.099609375	12032406	
2107	15	0	0.0996079444885254	106954752	0.099609375	12032412	
2108	15	0	0.0996079444885254	106954752	0.099609375	12032424	
2109	15	0	0.0996079444885254	106954752	0.099609375	12032506	
2110	15	0	0.0996079444885254	106954752	0.099609375	12032512	
2111	15	0	0.0996079444885254	106954752	0.099609375	12032524	
2112	15	0	0.0996079444885254	106954752	0.099609375	12032606	
2113	15	0	0.0996079444885254	106954752	0.099609375	12032612	
2114	15	0	0.0996079444885254	106954752	0.099609375	12032624	
2115	15	0	0.0996079444885254	106954752	0.099609375	12032706	
2116	15	0	0.0996079444885254	106954752	0.099609375	12032712	
2117	15	0	0.0996079444885254	106954752	0.099609375	12032724	
2118	15	0	0.0996079444885254	106954752	0.099609375	12032806	
2119	15	0	0.0996079444885254	106954752	0.099609375	12032812	
2120	15	0	0.0996079444885254	106954752	0.099609375	12032824	
2121	15	0	0.0996079444885254	106954752	0.099609375	12032906	
2122	15	0	0.0996079444885254	106954752	0.099609375	12032912	
2123	15	0	0.0996079444885254	106954752	0.099609375	12032924	
2124	15	0	0.0996079444885254	106954752	0.099609375	12033006	
2125	15	0	0.0996079444885254	106954752	0.099609375	12033012	
2126	15	0	0.0996079444885254	106954752	0.099609375	12033024	
2127	15	0	0.0996079444885254	106954752	0.099609375	12033106	
2128	15	0	0.0996079444885254	106954752	0.099609375	12033112	
2129	15	0	0.0996079444885254	106954752	0.099609375	12033124	
2130	15	0	0.0996079444885254	106954752	0.099609375	12040106	
2131	15	0	0.0996079444885254	106954752	0.099609375	12040112	
2132	15	0	0.0996079444885254	106954752	0.099609375	12040124	
2133	15	0	0.0996079444885254	106954752	0.099609375	12040206	
2134	15	0	0.0996079444885254	106954752	0.099609375	12040212	
2135	15	0	0.0996079444885254	106954752	0.099609375	12040224	
2136	15	0	0.0996079444885254	106954752	0.099609375	12040306	
2137	15	0	0.0996079444885254	106954752	0.099609375	12040312	
2138	15	0	0.0996079444885254	106954752	0.099609375	12040324	
