0	2	1536	1.43051147460938e-06	1536	1.43051147460938e-06	10042206	
1	2	0	0	1536	1.43051147460938e-06	10042212	
2	2	0	0	1536	1.43051147460938e-06	10042224	
3	2	0	0	1536	1.43051147460938e-06	10042306	
4	2	0	0	1536	1.43051147460938e-06	10042312	
5	2	0	0	1536	1.43051147460938e-06	10042324	
6	2	0	0	1536	1.43051147460938e-06	10042406	
7	2	0	0	1536	1.43051147460938e-06	10042412	
8	2	0	0	1536	1.43051147460938e-06	10042424	
9	2	0	0	1536	1.43051147460938e-06	10042506	
10	2	0	0	1536	1.43051147460938e-06	10042512	
11	2	0	0	1536	1.43051147460938e-06	10042524	
12	2	0	0	1536	1.43051147460938e-06	10042606	
13	2	0	0	1536	1.43051147460938e-06	10042612	
14	2	0	0	1536	1.43051147460938e-06	10042624	
15	2	0	0	1536	1.43051147460938e-06	10042706	
16	2	0	0	1536	1.43051147460938e-06	10042712	
17	2	0	0	1536	1.43051147460938e-06	10042724	
18	2	0	0	1536	1.43051147460938e-06	10042806	
19	2	0	0	1536	1.43051147460938e-06	10042812	
20	2	0	0	1536	1.43051147460938e-06	10042824	
21	2	0	0	1536	1.43051147460938e-06	10042906	
22	2	0	0	1536	1.43051147460938e-06	10042912	
23	2	0	0	1536	1.43051147460938e-06	10042924	
24	2	0	0	1536	1.43051147460938e-06	10043006	
25	2	0	0	1536	1.43051147460938e-06	10043012	
26	2	0	0	1536	1.43051147460938e-06	10043024	
27	2	0	0	1536	1.43051147460938e-06	10050106	
28	2	0	0	1536	1.43051147460938e-06	10050112	
29	2	0	0	1536	1.43051147460938e-06	10050124	
30	2	0	0	1536	1.43051147460938e-06	10050206	
31	2	0	0	1536	1.43051147460938e-06	10050212	
32	2	0	0	1536	1.43051147460938e-06	10050224	
33	2	0	0	1536	1.43051147460938e-06	10050306	
34	2	0	0	1536	1.43051147460938e-06	10050312	
35	2	0	0	1536	1.43051147460938e-06	10050324	
36	2	0	0	1536	1.43051147460938e-06	10050406	
37	2	0	0	1536	1.43051147460938e-06	10050412	
38	2	0	0	1536	1.43051147460938e-06	10050424	
39	2	0	0	1536	1.43051147460938e-06	10050506	
40	2	0	0	1536	1.43051147460938e-06	10050512	
41	2	0	0	1536	1.43051147460938e-06	10050524	
42	2	0	0	1536	1.43051147460938e-06	10050606	
43	2	0	0	1536	1.43051147460938e-06	10050612	
44	2	0	0	1536	1.43051147460938e-06	10050624	
45	2	0	0	1536	1.43051147460938e-06	10050706	
46	2	0	0	1536	1.43051147460938e-06	10050712	
47	2	0	0	1536	1.43051147460938e-06	10050724	
48	2	0	0	1536	1.43051147460938e-06	10050806	
49	2	0	0	1536	1.43051147460938e-06	10050812	
50	2	0	0	1536	1.43051147460938e-06	10050824	
51	2	0	0	1536	1.43051147460938e-06	10050906	
52	2	0	0	1536	1.43051147460938e-06	10050912	
53	2	0	0	1536	1.43051147460938e-06	10050924	
54	2	0	0	1536	1.43051147460938e-06	10051006	
55	2	0	0	1536	1.43051147460938e-06	10051012	
56	2	0	0	1536	1.43051147460938e-06	10051024	
57	2	0	0	1536	1.43051147460938e-06	10051106	
58	2	0	0	1536	1.43051147460938e-06	10051112	
59	2	0	0	1536	1.43051147460938e-06	10051124	
60	2	0	0	1536	1.43051147460938e-06	10051206	
61	2	0	0	1536	1.43051147460938e-06	10051212	
62	2	0	0	1536	1.43051147460938e-06	10051224	
63	2	0	0	1536	1.43051147460938e-06	10051306	
64	2	0	0	1536	1.43051147460938e-06	10051312	
65	2	0	0	1536	1.43051147460938e-06	10051324	
66	2	0	0	1536	1.43051147460938e-06	10051406	
67	2	0	0	1536	1.43051147460938e-06	10051412	
68	2	0	0	1536	1.43051147460938e-06	10051424	
69	2	0	0	1536	1.43051147460938e-06	10051506	
70	2	0	0	1536	1.43051147460938e-06	10051512	
71	2	0	0	1536	1.43051147460938e-06	10051524	
72	2	0	0	1536	1.43051147460938e-06	10051606	
73	2	0	0	1536	1.43051147460938e-06	10051612	
74	2	0	0	1536	1.43051147460938e-06	10051624	
75	2	0	0	1536	1.43051147460938e-06	10051706	
76	2	0	0	1536	1.43051147460938e-06	10051712	
77	2	0	0	1536	1.43051147460938e-06	10051724	
78	2	0	0	1536	1.43051147460938e-06	10051806	
79	2	0	0	1536	1.43051147460938e-06	10051812	
80	2	0	0	1536	1.43051147460938e-06	10051824	
81	2	0	0	1536	1.43051147460938e-06	10051906	
82	2	0	0	1536	1.43051147460938e-06	10051912	
83	2	0	0	1536	1.43051147460938e-06	10051924	
84	2	0	0	1536	1.43051147460938e-06	10052006	
85	2	0	0	1536	1.43051147460938e-06	10052012	
86	2	0	0	1536	1.43051147460938e-06	10052024	
87	2	0	0	1536	1.43051147460938e-06	10052106	
88	2	0	0	1536	1.43051147460938e-06	10052112	
89	2	0	0	1536	1.43051147460938e-06	10052124	
90	2	0	0	1536	1.43051147460938e-06	10052206	
91	2	0	0	1536	1.43051147460938e-06	10052212	
92	2	0	0	1536	1.43051147460938e-06	10052224	
93	2	0	0	1536	1.43051147460938e-06	10052306	
94	2	0	0	1536	1.43051147460938e-06	10052312	
95	2	0	0	1536	1.43051147460938e-06	10052324	
96	2	0	0	1536	1.43051147460938e-06	10052406	
97	2	0	0	1536	1.43051147460938e-06	10052412	
98	2	0	0	1536	1.43051147460938e-06	10052424	
99	2	0	0	1536	1.43051147460938e-06	10052506	
100	2	0	0	1536	1.43051147460938e-06	10052512	
101	2	0	0	1536	1.43051147460938e-06	10052524	
102	2	0	0	1536	1.43051147460938e-06	10052606	
103	2	0	0	1536	1.43051147460938e-06	10052612	
104	2	0	0	1536	1.43051147460938e-06	10052624	
105	2	0	0	1536	1.43051147460938e-06	10052706	
106	2	0	0	1536	1.43051147460938e-06	10052712	
107	2	0	0	1536	1.43051147460938e-06	10052724	
108	2	0	0	1536	1.43051147460938e-06	10052806	
109	2	0	0	1536	1.43051147460938e-06	10052812	
110	2	0	0	1536	1.43051147460938e-06	10052824	
111	2	0	0	1536	1.43051147460938e-06	10052906	
112	2	0	0	1536	1.43051147460938e-06	10052912	
113	2	0	0	1536	1.43051147460938e-06	10052924	
114	2	0	0	1536	1.43051147460938e-06	10053006	
115	2	0	0	1536	1.43051147460938e-06	10053012	
116	2	0	0	1536	1.43051147460938e-06	10053024	
117	2	0	0	1536	1.43051147460938e-06	10053106	
118	2	0	0	1536	1.43051147460938e-06	10053112	
119	2	0	0	1536	1.43051147460938e-06	10053124	
120	2	0	0	1536	1.43051147460938e-06	10060106	
121	2	0	0	1536	1.43051147460938e-06	10060112	
122	2	0	0	1536	1.43051147460938e-06	10060124	
123	2	0	0	1536	1.43051147460938e-06	10060206	
124	2	0	0	1536	1.43051147460938e-06	10060212	
125	2	0	0	1536	1.43051147460938e-06	10060224	
126	2	0	0	1536	1.43051147460938e-06	10060306	
127	2	0	0	1536	1.43051147460938e-06	10060312	
128	2	0	0	1536	1.43051147460938e-06	10060324	
129	2	0	0	1536	1.43051147460938e-06	10060406	
130	2	0	0	1536	1.43051147460938e-06	10060412	
131	2	0	0	1536	1.43051147460938e-06	10060424	
132	2	0	0	1536	1.43051147460938e-06	10060506	
133	2	0	0	1536	1.43051147460938e-06	10060512	
134	2	0	0	1536	1.43051147460938e-06	10060524	
135	2	0	0	1536	1.43051147460938e-06	10060606	
136	2	0	0	1536	1.43051147460938e-06	10060612	
137	2	0	0	1536	1.43051147460938e-06	10060624	
138	2	0	0	1536	1.43051147460938e-06	10060706	
139	2	0	0	1536	1.43051147460938e-06	10060712	
140	2	0	0	1536	1.43051147460938e-06	10060724	
141	2	0	0	1536	1.43051147460938e-06	10060806	
142	2	0	0	1536	1.43051147460938e-06	10060812	
143	2	0	0	1536	1.43051147460938e-06	10060824	
144	2	0	0	1536	1.43051147460938e-06	10060906	
145	2	0	0	1536	1.43051147460938e-06	10060912	
146	2	0	0	1536	1.43051147460938e-06	10060924	
147	2	0	0	1536	1.43051147460938e-06	10061006	
148	2	0	0	1536	1.43051147460938e-06	10061012	
149	2	0	0	1536	1.43051147460938e-06	10061024	
150	2	0	0	1536	1.43051147460938e-06	10061106	
151	2	0	0	1536	1.43051147460938e-06	10061112	
152	2	0	0	1536	1.43051147460938e-06	10061124	
153	2	0	0	1536	1.43051147460938e-06	10061206	
154	2	0	0	1536	1.43051147460938e-06	10061212	
155	2	0	0	1536	1.43051147460938e-06	10061224	
156	2	0	0	1536	1.43051147460938e-06	10061306	
157	2	0	0	1536	1.43051147460938e-06	10061312	
158	2	0	0	1536	1.43051147460938e-06	10061324	
159	2	0	0	1536	1.43051147460938e-06	10061406	
160	2	0	0	1536	1.43051147460938e-06	10061412	
161	2	0	0	1536	1.43051147460938e-06	10061424	
162	2	0	0	1536	1.43051147460938e-06	10061506	
163	2	0	0	1536	1.43051147460938e-06	10061512	
164	2	0	0	1536	1.43051147460938e-06	10061524	
165	2	0	0	1536	1.43051147460938e-06	10061606	
166	2	0	0	1536	1.43051147460938e-06	10061612	
167	2	0	0	1536	1.43051147460938e-06	10061624	
168	2	0	0	1536	1.43051147460938e-06	10061706	
169	2	0	0	1536	1.43051147460938e-06	10061712	
170	2	0	0	1536	1.43051147460938e-06	10061724	
171	2	0	0	1536	1.43051147460938e-06	10061806	
172	2	0	0	1536	1.43051147460938e-06	10061812	
173	2	0	0	1536	1.43051147460938e-06	10061824	
174	2	0	0	1536	1.43051147460938e-06	10061906	
175	2	0	0	1536	1.43051147460938e-06	10061912	
176	2	0	0	1536	1.43051147460938e-06	10061924	
177	2	0	0	1536	1.43051147460938e-06	10062006	
178	2	0	0	1536	1.43051147460938e-06	10062012	
179	2	0	0	1536	1.43051147460938e-06	10062024	
180	2	0	0	1536	1.43051147460938e-06	10062106	
181	2	0	0	1536	1.43051147460938e-06	10062112	
182	2	0	0	1536	1.43051147460938e-06	10062124	
183	2	0	0	1536	1.43051147460938e-06	10062206	
184	2	0	0	1536	1.43051147460938e-06	10062212	
185	2	0	0	1536	1.43051147460938e-06	10062224	
186	2	0	0	1536	1.43051147460938e-06	10062306	
187	2	0	0	1536	1.43051147460938e-06	10062312	
188	2	0	0	1536	1.43051147460938e-06	10062324	
189	2	0	0	1536	1.43051147460938e-06	10062406	
190	2	0	0	1536	1.43051147460938e-06	10062412	
191	2	0	0	1536	1.43051147460938e-06	10062424	
192	2	0	0	1536	1.43051147460938e-06	10062506	
193	2	0	0	1536	1.43051147460938e-06	10062512	
194	2	0	0	1536	1.43051147460938e-06	10062524	
195	2	0	0	1536	1.43051147460938e-06	10062606	
196	2	0	0	1536	1.43051147460938e-06	10062612	
197	2	0	0	1536	1.43051147460938e-06	10062624	
198	2	0	0	1536	1.43051147460938e-06	10062706	
199	2	0	0	1536	1.43051147460938e-06	10062712	
200	2	0	0	1536	1.43051147460938e-06	10062724	
201	2	0	0	1536	1.43051147460938e-06	10062806	
202	2	0	0	1536	1.43051147460938e-06	10062812	
203	2	0	0	1536	1.43051147460938e-06	10062824	
204	2	0	0	1536	1.43051147460938e-06	10062906	
205	2	0	0	1536	1.43051147460938e-06	10062912	
206	2	0	0	1536	1.43051147460938e-06	10062924	
207	2	0	0	1536	1.43051147460938e-06	10063006	
208	2	0	0	1536	1.43051147460938e-06	10063012	
209	2	0	0	1536	1.43051147460938e-06	10063024	
210	2	0	0	1536	1.43051147460938e-06	10070106	
211	2	0	0	1536	1.43051147460938e-06	10070112	
212	2	0	0	1536	1.43051147460938e-06	10070124	
213	2	0	0	1536	1.43051147460938e-06	10070206	
214	2	0	0	1536	1.43051147460938e-06	10070212	
215	2	0	0	1536	1.43051147460938e-06	10070224	
216	2	0	0	1536	1.43051147460938e-06	10070306	
217	2	0	0	1536	1.43051147460938e-06	10070312	
218	2	0	0	1536	1.43051147460938e-06	10070324	
219	2	0	0	1536	1.43051147460938e-06	10070406	
220	2	0	0	1536	1.43051147460938e-06	10070412	
221	2	0	0	1536	1.43051147460938e-06	10070424	
222	2	0	0	1536	1.43051147460938e-06	10070506	
223	2	0	0	1536	1.43051147460938e-06	10070512	
224	2	0	0	1536	1.43051147460938e-06	10070524	
225	2	0	0	1536	1.43051147460938e-06	10070606	
226	2	0	0	1536	1.43051147460938e-06	10070612	
227	2	0	0	1536	1.43051147460938e-06	10070624	
228	2	0	0	1536	1.43051147460938e-06	10070706	
229	2	0	0	1536	1.43051147460938e-06	10070712	
230	2	0	0	1536	1.43051147460938e-06	10070724	
231	2	0	0	1536	1.43051147460938e-06	10070806	
232	2	0	0	1536	1.43051147460938e-06	10070812	
233	2	0	0	1536	1.43051147460938e-06	10070824	
234	2	0	0	1536	1.43051147460938e-06	10070906	
235	2	0	0	1536	1.43051147460938e-06	10070912	
236	2	0	0	1536	1.43051147460938e-06	10070924	
237	2	0	0	1536	1.43051147460938e-06	10071006	
238	2	0	0	1536	1.43051147460938e-06	10071012	
239	2	0	0	1536	1.43051147460938e-06	10071024	
240	2	0	0	1536	1.43051147460938e-06	10071106	
241	2	0	0	1536	1.43051147460938e-06	10071112	
242	2	0	0	1536	1.43051147460938e-06	10071124	
243	2	0	0	1536	1.43051147460938e-06	10071206	
244	2	0	0	1536	1.43051147460938e-06	10071212	
245	2	0	0	1536	1.43051147460938e-06	10071224	
246	2	0	0	1536	1.43051147460938e-06	10071306	
247	2	0	0	1536	1.43051147460938e-06	10071312	
248	2	0	0	1536	1.43051147460938e-06	10071324	
249	2	0	0	1536	1.43051147460938e-06	10071406	
250	2	0	0	1536	1.43051147460938e-06	10071412	
251	2	0	0	1536	1.43051147460938e-06	10071424	
252	2	0	0	1536	1.43051147460938e-06	10071506	
253	2	0	0	1536	1.43051147460938e-06	10071512	
254	2	0	0	1536	1.43051147460938e-06	10071524	
255	2	0	0	1536	1.43051147460938e-06	10071606	
256	2	0	0	1536	1.43051147460938e-06	10071612	
257	2	0	0	1536	1.43051147460938e-06	10071624	
258	2	0	0	1536	1.43051147460938e-06	10071706	
259	2	0	0	1536	1.43051147460938e-06	10071712	
260	2	0	0	1536	1.43051147460938e-06	10071724	
261	2	0	0	1536	1.43051147460938e-06	10071806	
262	2	0	0	1536	1.43051147460938e-06	10071812	
263	2	0	0	1536	1.43051147460938e-06	10071824	
264	2	0	0	1536	1.43051147460938e-06	10071906	
265	2	0	0	1536	1.43051147460938e-06	10071912	
266	2	0	0	1536	1.43051147460938e-06	10071924	
267	2	0	0	1536	1.43051147460938e-06	10072006	
268	2	0	0	1536	1.43051147460938e-06	10072012	
269	2	0	0	1536	1.43051147460938e-06	10072024	
270	2	0	0	1536	1.43051147460938e-06	10072106	
271	2	0	0	1536	1.43051147460938e-06	10072112	
272	2	0	0	1536	1.43051147460938e-06	10072124	
273	2	0	0	1536	1.43051147460938e-06	10072206	
274	2	0	0	1536	1.43051147460938e-06	10072212	
275	2	0	0	1536	1.43051147460938e-06	10072224	
276	2	0	0	1536	1.43051147460938e-06	10072306	
277	2	0	0	1536	1.43051147460938e-06	10072312	
278	2	0	0	1536	1.43051147460938e-06	10072324	
279	2	0	0	1536	1.43051147460938e-06	10072406	
280	2	0	0	1536	1.43051147460938e-06	10072412	
281	2	0	0	1536	1.43051147460938e-06	10072424	
282	2	0	0	1536	1.43051147460938e-06	10072506	
283	2	0	0	1536	1.43051147460938e-06	10072512	
284	2	0	0	1536	1.43051147460938e-06	10072524	
285	2	0	0	1536	1.43051147460938e-06	10072606	
286	2	0	0	1536	1.43051147460938e-06	10072612	
287	2	0	0	1536	1.43051147460938e-06	10072624	
288	2	0	0	1536	1.43051147460938e-06	10072706	
289	2	0	0	1536	1.43051147460938e-06	10072712	
290	2	0	0	1536	1.43051147460938e-06	10072724	
291	2	0	0	1536	1.43051147460938e-06	10072806	
292	2	0	0	1536	1.43051147460938e-06	10072812	
293	2	0	0	1536	1.43051147460938e-06	10072824	
294	2	0	0	1536	1.43051147460938e-06	10072906	
295	2	0	0	1536	1.43051147460938e-06	10072912	
296	2	0	0	1536	1.43051147460938e-06	10072924	
297	2	0	0	1536	1.43051147460938e-06	10073006	
298	2	0	0	1536	1.43051147460938e-06	10073012	
299	2	0	0	1536	1.43051147460938e-06	10073024	
300	2	0	0	1536	1.43051147460938e-06	10073106	
301	2	0	0	1536	1.43051147460938e-06	10073112	
302	2	0	0	1536	1.43051147460938e-06	10073124	
303	2	0	0	1536	1.43051147460938e-06	10080106	
304	2	0	0	1536	1.43051147460938e-06	10080112	
305	2	0	0	1536	1.43051147460938e-06	10080124	
306	2	0	0	1536	1.43051147460938e-06	10080206	
307	2	0	0	1536	1.43051147460938e-06	10080212	
308	2	0	0	1536	1.43051147460938e-06	10080224	
309	2	0	0	1536	1.43051147460938e-06	10080306	
310	2	0	0	1536	1.43051147460938e-06	10080312	
311	2	0	0	1536	1.43051147460938e-06	10080324	
312	2	0	0	1536	1.43051147460938e-06	10080406	
313	2	0	0	1536	1.43051147460938e-06	10080412	
314	2	0	0	1536	1.43051147460938e-06	10080424	
315	2	0	0	1536	1.43051147460938e-06	10080506	
316	2	0	0	1536	1.43051147460938e-06	10080512	
317	2	0	0	1536	1.43051147460938e-06	10080524	
318	2	0	0	1536	1.43051147460938e-06	10080606	
319	2	0	0	1536	1.43051147460938e-06	10080612	
320	2	0	0	1536	1.43051147460938e-06	10080624	
321	2	0	0	1536	1.43051147460938e-06	10080706	
322	2	0	0	1536	1.43051147460938e-06	10080712	
323	2	0	0	1536	1.43051147460938e-06	10080724	
324	2	0	0	1536	1.43051147460938e-06	10080806	
325	2	0	0	1536	1.43051147460938e-06	10080812	
326	2	0	0	1536	1.43051147460938e-06	10080824	
327	2	0	0	1536	1.43051147460938e-06	10080906	
328	2	0	0	1536	1.43051147460938e-06	10080912	
329	2	0	0	1536	1.43051147460938e-06	10080924	
330	2	0	0	1536	1.43051147460938e-06	10081006	
331	2	0	0	1536	1.43051147460938e-06	10081012	
332	2	0	0	1536	1.43051147460938e-06	10081024	
333	2	0	0	1536	1.43051147460938e-06	10081106	
334	2	0	0	1536	1.43051147460938e-06	10081112	
335	2	0	0	1536	1.43051147460938e-06	10081124	
336	2	0	0	1536	1.43051147460938e-06	10081206	
337	2	0	0	1536	1.43051147460938e-06	10081212	
338	2	0	0	1536	1.43051147460938e-06	10081224	
339	2	0	0	1536	1.43051147460938e-06	10081306	
340	2	0	0	1536	1.43051147460938e-06	10081312	
341	2	0	0	1536	1.43051147460938e-06	10081324	
342	2	0	0	1536	1.43051147460938e-06	10081406	
343	2	0	0	1536	1.43051147460938e-06	10081412	
344	2	0	0	1536	1.43051147460938e-06	10081424	
345	2	0	0	1536	1.43051147460938e-06	10081506	
346	2	0	0	1536	1.43051147460938e-06	10081512	
347	2	0	0	1536	1.43051147460938e-06	10081524	
348	2	0	0	1536	1.43051147460938e-06	10081606	
349	2	0	0	1536	1.43051147460938e-06	10081612	
350	2	0	0	1536	1.43051147460938e-06	10081624	
351	2	0	0	1536	1.43051147460938e-06	10081706	
352	2	0	0	1536	1.43051147460938e-06	10081712	
353	2	0	0	1536	1.43051147460938e-06	10081724	
354	2	0	0	1536	1.43051147460938e-06	10081806	
355	2	0	0	1536	1.43051147460938e-06	10081812	
356	2	0	0	1536	1.43051147460938e-06	10081824	
357	2	0	0	1536	1.43051147460938e-06	10081906	
358	2	0	0	1536	1.43051147460938e-06	10081912	
359	2	0	0	1536	1.43051147460938e-06	10081924	
360	2	0	0	1536	1.43051147460938e-06	10082006	
361	2	0	0	1536	1.43051147460938e-06	10082012	
362	2	0	0	1536	1.43051147460938e-06	10082024	
363	2	0	0	1536	1.43051147460938e-06	10082106	
364	2	0	0	1536	1.43051147460938e-06	10082112	
365	2	0	0	1536	1.43051147460938e-06	10082124	
366	2	0	0	1536	1.43051147460938e-06	10082206	
367	2	0	0	1536	1.43051147460938e-06	10082212	
368	2	0	0	1536	1.43051147460938e-06	10082224	
369	2	0	0	1536	1.43051147460938e-06	10082306	
370	2	0	0	1536	1.43051147460938e-06	10082312	
371	2	0	0	1536	1.43051147460938e-06	10082324	
372	2	0	0	1536	1.43051147460938e-06	10082406	
373	2	0	0	1536	1.43051147460938e-06	10082412	
374	2	0	0	1536	1.43051147460938e-06	10082424	
375	2	0	0	1536	1.43051147460938e-06	10082506	
376	2	0	0	1536	1.43051147460938e-06	10082512	
377	2	0	0	1536	1.43051147460938e-06	10082524	
378	2	0	0	1536	1.43051147460938e-06	10082606	
379	2	0	0	1536	1.43051147460938e-06	10082612	
380	2	0	0	1536	1.43051147460938e-06	10082624	
381	2	0	0	1536	1.43051147460938e-06	10082706	
382	2	0	0	1536	1.43051147460938e-06	10082712	
383	2	0	0	1536	1.43051147460938e-06	10082724	
384	2	0	0	1536	1.43051147460938e-06	10082806	
385	2	0	0	1536	1.43051147460938e-06	10082812	
386	2	0	0	1536	1.43051147460938e-06	10082824	
387	2	0	0	1536	1.43051147460938e-06	10082906	
388	2	0	0	1536	1.43051147460938e-06	10082912	
389	2	0	0	1536	1.43051147460938e-06	10082924	
390	2	0	0	1536	1.43051147460938e-06	10083006	
391	2	0	0	1536	1.43051147460938e-06	10083012	
392	2	0	0	1536	1.43051147460938e-06	10083024	
393	2	0	0	1536	1.43051147460938e-06	10083106	
394	2	0	0	1536	1.43051147460938e-06	10083112	
395	2	0	0	1536	1.43051147460938e-06	10083124	
396	2	0	0	1536	1.43051147460938e-06	10090106	
397	2	0	0	1536	1.43051147460938e-06	10090112	
398	2	0	0	1536	1.43051147460938e-06	10090124	
399	2	0	0	1536	1.43051147460938e-06	10090206	
400	2	0	0	1536	1.43051147460938e-06	10090212	
401	2	0	0	1536	1.43051147460938e-06	10090224	
402	2	0	0	1536	1.43051147460938e-06	10090306	
403	2	0	0	1536	1.43051147460938e-06	10090312	
404	2	0	0	1536	1.43051147460938e-06	10090324	
405	2	0	0	1536	1.43051147460938e-06	10090406	
406	2	0	0	1536	1.43051147460938e-06	10090412	
407	2	0	0	1536	1.43051147460938e-06	10090424	
408	2	0	0	1536	1.43051147460938e-06	10090506	
409	2	0	0	1536	1.43051147460938e-06	10090512	
410	2	0	0	1536	1.43051147460938e-06	10090524	
411	2	0	0	1536	1.43051147460938e-06	10090606	
412	2	0	0	1536	1.43051147460938e-06	10090612	
413	2	0	0	1536	1.43051147460938e-06	10090624	
414	2	0	0	1536	1.43051147460938e-06	10090706	
415	2	0	0	1536	1.43051147460938e-06	10090712	
416	2	0	0	1536	1.43051147460938e-06	10090724	
417	2	0	0	1536	1.43051147460938e-06	10090806	
418	2	0	0	1536	1.43051147460938e-06	10090812	
419	2	0	0	1536	1.43051147460938e-06	10090824	
420	2	0	0	1536	1.43051147460938e-06	10090906	
421	2	0	0	1536	1.43051147460938e-06	10090912	
422	2	0	0	1536	1.43051147460938e-06	10090924	
423	2	0	0	1536	1.43051147460938e-06	10091006	
424	2	0	0	1536	1.43051147460938e-06	10091012	
425	2	0	0	1536	1.43051147460938e-06	10091024	
426	2	0	0	1536	1.43051147460938e-06	10091106	
427	2	0	0	1536	1.43051147460938e-06	10091112	
428	2	0	0	1536	1.43051147460938e-06	10091124	
429	2	0	0	1536	1.43051147460938e-06	10091206	
430	2	0	0	1536	1.43051147460938e-06	10091212	
431	2	0	0	1536	1.43051147460938e-06	10091224	
432	2	0	0	1536	1.43051147460938e-06	10091306	
433	2	0	0	1536	1.43051147460938e-06	10091312	
434	2	0	0	1536	1.43051147460938e-06	10091324	
435	2	0	0	1536	1.43051147460938e-06	10091406	
436	2	0	0	1536	1.43051147460938e-06	10091412	
437	2	0	0	1536	1.43051147460938e-06	10091424	
438	2	0	0	1536	1.43051147460938e-06	10091506	
439	2	0	0	1536	1.43051147460938e-06	10091512	
440	2	0	0	1536	1.43051147460938e-06	10091524	
441	2	0	0	1536	1.43051147460938e-06	10091606	
442	2	0	0	1536	1.43051147460938e-06	10091612	
443	2	0	0	1536	1.43051147460938e-06	10091624	
444	2	0	0	1536	1.43051147460938e-06	10091706	
445	2	0	0	1536	1.43051147460938e-06	10091712	
446	2	0	0	1536	1.43051147460938e-06	10091724	
447	2	0	0	1536	1.43051147460938e-06	10091806	
448	2	0	0	1536	1.43051147460938e-06	10091812	
449	2	0	0	1536	1.43051147460938e-06	10091824	
450	2	0	0	1536	1.43051147460938e-06	10091906	
451	2	0	0	1536	1.43051147460938e-06	10091912	
452	2	0	0	1536	1.43051147460938e-06	10091924	
453	2	0	0	1536	1.43051147460938e-06	10092006	
454	2	0	0	1536	1.43051147460938e-06	10092012	
455	2	0	0	1536	1.43051147460938e-06	10092024	
456	2	0	0	1536	1.43051147460938e-06	10092106	
457	2	0	0	1536	1.43051147460938e-06	10092112	
458	2	0	0	1536	1.43051147460938e-06	10092124	
459	2	0	0	1536	1.43051147460938e-06	10092206	
460	2	0	0	1536	1.43051147460938e-06	10092212	
461	2	0	0	1536	1.43051147460938e-06	10092224	
462	2	0	0	1536	1.43051147460938e-06	10092306	
463	2	0	0	1536	1.43051147460938e-06	10092312	
464	2	0	0	1536	1.43051147460938e-06	10092324	
465	2	0	0	1536	1.43051147460938e-06	10092406	
466	2	0	0	1536	1.43051147460938e-06	10092412	
467	2	0	0	1536	1.43051147460938e-06	10092424	
468	2	0	0	1536	1.43051147460938e-06	10092506	
469	2	0	0	1536	1.43051147460938e-06	10092512	
470	2	0	0	1536	1.43051147460938e-06	10092524	
471	2	0	0	1536	1.43051147460938e-06	10092606	
472	2	0	0	1536	1.43051147460938e-06	10092612	
473	2	0	0	1536	1.43051147460938e-06	10092624	
474	2	0	0	1536	1.43051147460938e-06	10092706	
475	2	0	0	1536	1.43051147460938e-06	10092712	
476	2	0	0	1536	1.43051147460938e-06	10092724	
477	2	0	0	1536	1.43051147460938e-06	10092806	
478	2	0	0	1536	1.43051147460938e-06	10092812	
479	2	0	0	1536	1.43051147460938e-06	10092824	
480	2	0	0	1536	1.43051147460938e-06	10092906	
481	2	0	0	1536	1.43051147460938e-06	10092912	
482	2	0	0	1536	1.43051147460938e-06	10092924	
483	2	0	0	1536	1.43051147460938e-06	10093006	
484	2	0	0	1536	1.43051147460938e-06	10093012	
485	2	0	0	1536	1.43051147460938e-06	10093024	
486	2	0	0	1536	1.43051147460938e-06	10100106	
487	2	0	0	1536	1.43051147460938e-06	10100112	
488	2	0	0	1536	1.43051147460938e-06	10100124	
489	2	0	0	1536	1.43051147460938e-06	10100206	
490	2	0	0	1536	1.43051147460938e-06	10100212	
491	2	0	0	1536	1.43051147460938e-06	10100224	
492	2	0	0	1536	1.43051147460938e-06	10100306	
493	2	0	0	1536	1.43051147460938e-06	10100312	
494	2	0	0	1536	1.43051147460938e-06	10100324	
495	2	0	0	1536	1.43051147460938e-06	10100406	
496	2	0	0	1536	1.43051147460938e-06	10100412	
497	2	0	0	1536	1.43051147460938e-06	10100424	
498	2	0	0	1536	1.43051147460938e-06	10100506	
499	2	0	0	1536	1.43051147460938e-06	10100512	
500	2	0	0	1536	1.43051147460938e-06	10100524	
501	2	0	0	1536	1.43051147460938e-06	10100606	
502	2	0	0	1536	1.43051147460938e-06	10100612	
503	2	0	0	1536	1.43051147460938e-06	10100624	
504	2	0	0	1536	1.43051147460938e-06	10100706	
505	2	0	0	1536	1.43051147460938e-06	10100712	
506	2	0	0	1536	1.43051147460938e-06	10100724	
507	2	0	0	1536	1.43051147460938e-06	10100806	
508	2	0	0	1536	1.43051147460938e-06	10100812	
509	2	0	0	1536	1.43051147460938e-06	10100824	
510	2	0	0	1536	1.43051147460938e-06	10100906	
511	2	0	0	1536	1.43051147460938e-06	10100912	
512	2	0	0	1536	1.43051147460938e-06	10100924	
513	2	0	0	1536	1.43051147460938e-06	10101006	
514	2	0	0	1536	1.43051147460938e-06	10101012	
515	2	0	0	1536	1.43051147460938e-06	10101024	
516	2	0	0	1536	1.43051147460938e-06	10101106	
517	2	0	0	1536	1.43051147460938e-06	10101112	
518	2	0	0	1536	1.43051147460938e-06	10101124	
519	2	0	0	1536	1.43051147460938e-06	10101206	
520	2	0	0	1536	1.43051147460938e-06	10101212	
521	2	0	0	1536	1.43051147460938e-06	10101224	
522	2	0	0	1536	1.43051147460938e-06	10101306	
523	2	0	0	1536	1.43051147460938e-06	10101312	
524	2	0	0	1536	1.43051147460938e-06	10101324	
525	2	0	0	1536	1.43051147460938e-06	10101406	
526	2	0	0	1536	1.43051147460938e-06	10101412	
527	2	0	0	1536	1.43051147460938e-06	10101424	
528	2	0	0	1536	1.43051147460938e-06	10101506	
529	2	0	0	1536	1.43051147460938e-06	10101512	
530	2	0	0	1536	1.43051147460938e-06	10101524	
531	2	0	0	1536	1.43051147460938e-06	10101606	
532	2	0	0	1536	1.43051147460938e-06	10101612	
533	2	0	0	1536	1.43051147460938e-06	10101624	
534	2	0	0	1536	1.43051147460938e-06	10101706	
535	2	0	0	1536	1.43051147460938e-06	10101712	
536	2	0	0	1536	1.43051147460938e-06	10101724	
537	2	0	0	1536	1.43051147460938e-06	10101806	
538	2	0	0	1536	1.43051147460938e-06	10101812	
539	2	0	0	1536	1.43051147460938e-06	10101824	
540	2	0	0	1536	1.43051147460938e-06	10101906	
541	2	0	0	1536	1.43051147460938e-06	10101912	
542	2	0	0	1536	1.43051147460938e-06	10101924	
543	2	0	0	1536	1.43051147460938e-06	10102006	
544	2	0	0	1536	1.43051147460938e-06	10102012	
545	2	0	0	1536	1.43051147460938e-06	10102024	
546	2	0	0	1536	1.43051147460938e-06	10102106	
547	2	0	0	1536	1.43051147460938e-06	10102112	
548	2	0	0	1536	1.43051147460938e-06	10102124	
549	2	0	0	1536	1.43051147460938e-06	10102206	
550	2	0	0	1536	1.43051147460938e-06	10102212	
551	2	0	0	1536	1.43051147460938e-06	10102224	
552	2	0	0	1536	1.43051147460938e-06	10102306	
553	2	0	0	1536	1.43051147460938e-06	10102312	
554	2	0	0	1536	1.43051147460938e-06	10102324	
555	2	0	0	1536	1.43051147460938e-06	10102406	
556	2	0	0	1536	1.43051147460938e-06	10102412	
557	2	0	0	1536	1.43051147460938e-06	10102424	
558	2	0	0	1536	1.43051147460938e-06	10102506	
559	2	0	0	1536	1.43051147460938e-06	10102512	
560	2	0	0	1536	1.43051147460938e-06	10102524	
561	2	0	0	1536	1.43051147460938e-06	10102606	
562	2	0	0	1536	1.43051147460938e-06	10102612	
563	2	0	0	1536	1.43051147460938e-06	10102624	
564	2	0	0	1536	1.43051147460938e-06	10102706	
565	2	0	0	1536	1.43051147460938e-06	10102712	
566	2	0	0	1536	1.43051147460938e-06	10102724	
567	2	0	0	1536	1.43051147460938e-06	10102806	
568	2	0	0	1536	1.43051147460938e-06	10102812	
569	2	0	0	1536	1.43051147460938e-06	10102824	
570	2	0	0	1536	1.43051147460938e-06	10102906	
571	2	0	0	1536	1.43051147460938e-06	10102912	
572	2	0	0	1536	1.43051147460938e-06	10102924	
573	2	0	0	1536	1.43051147460938e-06	10103006	
574	2	0	0	1536	1.43051147460938e-06	10103012	
575	2	0	0	1536	1.43051147460938e-06	10103024	
576	2	0	0	1536	1.43051147460938e-06	10103106	
577	2	0	0	1536	1.43051147460938e-06	10103112	
578	2	0	0	1536	1.43051147460938e-06	10103124	
579	2	0	0	1536	1.43051147460938e-06	10110106	
580	2	0	0	1536	1.43051147460938e-06	10110112	
581	2	0	0	1536	1.43051147460938e-06	10110124	
582	2	0	0	1536	1.43051147460938e-06	10110206	
583	2	0	0	1536	1.43051147460938e-06	10110212	
584	2	0	0	1536	1.43051147460938e-06	10110224	
585	2	0	0	1536	1.43051147460938e-06	10110306	
586	2	0	0	1536	1.43051147460938e-06	10110312	
587	2	0	0	1536	1.43051147460938e-06	10110324	
588	2	0	0	1536	1.43051147460938e-06	10110406	
589	2	0	0	1536	1.43051147460938e-06	10110412	
590	2	0	0	1536	1.43051147460938e-06	10110424	
591	2	0	0	1536	1.43051147460938e-06	10110506	
592	2	0	0	1536	1.43051147460938e-06	10110512	
593	2	0	0	1536	1.43051147460938e-06	10110524	
594	2	0	0	1536	1.43051147460938e-06	10110606	
595	2	0	0	1536	1.43051147460938e-06	10110612	
596	2	0	0	1536	1.43051147460938e-06	10110624	
597	2	0	0	1536	1.43051147460938e-06	10110706	
598	2	0	0	1536	1.43051147460938e-06	10110712	
599	2	0	0	1536	1.43051147460938e-06	10110724	
600	2	0	0	1536	1.43051147460938e-06	10110806	
601	2	0	0	1536	1.43051147460938e-06	10110812	
602	2	0	0	1536	1.43051147460938e-06	10110824	
603	2	0	0	1536	1.43051147460938e-06	10110906	
604	2	0	0	1536	1.43051147460938e-06	10110912	
605	2	0	0	1536	1.43051147460938e-06	10110924	
606	2	0	0	1536	1.43051147460938e-06	10111006	
607	2	0	0	1536	1.43051147460938e-06	10111012	
608	2	0	0	1536	1.43051147460938e-06	10111024	
609	2	0	0	1536	1.43051147460938e-06	10111106	
610	2	0	0	1536	1.43051147460938e-06	10111112	
611	2	0	0	1536	1.43051147460938e-06	10111124	
612	2	0	0	1536	1.43051147460938e-06	10111206	
613	2	0	0	1536	1.43051147460938e-06	10111212	
614	2	0	0	1536	1.43051147460938e-06	10111224	
615	2	0	0	1536	1.43051147460938e-06	10111306	
616	2	0	0	1536	1.43051147460938e-06	10111312	
617	2	0	0	1536	1.43051147460938e-06	10111324	
618	2	0	0	1536	1.43051147460938e-06	10111406	
619	2	0	0	1536	1.43051147460938e-06	10111412	
620	2	0	0	1536	1.43051147460938e-06	10111424	
621	2	0	0	1536	1.43051147460938e-06	10111506	
622	2	0	0	1536	1.43051147460938e-06	10111512	
623	2	0	0	1536	1.43051147460938e-06	10111524	
624	2	0	0	1536	1.43051147460938e-06	10111606	
625	2	0	0	1536	1.43051147460938e-06	10111612	
626	2	0	0	1536	1.43051147460938e-06	10111624	
627	2	0	0	1536	1.43051147460938e-06	10111706	
628	2	0	0	1536	1.43051147460938e-06	10111712	
629	2	0	0	1536	1.43051147460938e-06	10111724	
630	2	0	0	1536	1.43051147460938e-06	10111806	
631	2	0	0	1536	1.43051147460938e-06	10111812	
632	2	0	0	1536	1.43051147460938e-06	10111824	
633	2	0	0	1536	1.43051147460938e-06	10111906	
634	2	0	0	1536	1.43051147460938e-06	10111912	
635	2	0	0	1536	1.43051147460938e-06	10111924	
636	2	0	0	1536	1.43051147460938e-06	10112006	
637	2	0	0	1536	1.43051147460938e-06	10112012	
638	2	0	0	1536	1.43051147460938e-06	10112024	
639	2	0	0	1536	1.43051147460938e-06	10112106	
640	2	0	0	1536	1.43051147460938e-06	10112112	
641	2	0	0	1536	1.43051147460938e-06	10112124	
642	2	0	0	1536	1.43051147460938e-06	10112206	
643	2	0	0	1536	1.43051147460938e-06	10112212	
644	2	0	0	1536	1.43051147460938e-06	10112224	
645	2	0	0	1536	1.43051147460938e-06	10112306	
646	2	0	0	1536	1.43051147460938e-06	10112312	
647	2	0	0	1536	1.43051147460938e-06	10112324	
648	2	0	0	1536	1.43051147460938e-06	10112406	
649	2	0	0	1536	1.43051147460938e-06	10112412	
650	2	0	0	1536	1.43051147460938e-06	10112424	
651	2	0	0	1536	1.43051147460938e-06	10112506	
652	2	0	0	1536	1.43051147460938e-06	10112512	
653	2	0	0	1536	1.43051147460938e-06	10112524	
654	2	0	0	1536	1.43051147460938e-06	10112606	
655	2	0	0	1536	1.43051147460938e-06	10112612	
656	2	0	0	1536	1.43051147460938e-06	10112624	
657	2	0	0	1536	1.43051147460938e-06	10112706	
658	2	0	0	1536	1.43051147460938e-06	10112712	
659	2	0	0	1536	1.43051147460938e-06	10112724	
660	2	0	0	1536	1.43051147460938e-06	10112806	
661	2	0	0	1536	1.43051147460938e-06	10112812	
662	2	0	0	1536	1.43051147460938e-06	10112824	
663	2	0	0	1536	1.43051147460938e-06	10112906	
664	2	0	0	1536	1.43051147460938e-06	10112912	
665	2	0	0	1536	1.43051147460938e-06	10112924	
666	2	0	0	1536	1.43051147460938e-06	10113006	
667	2	0	0	1536	1.43051147460938e-06	10113012	
668	2	0	0	1536	1.43051147460938e-06	10113024	
669	2	0	0	1536	1.43051147460938e-06	10120106	
670	2	0	0	1536	1.43051147460938e-06	10120112	
671	2	0	0	1536	1.43051147460938e-06	10120124	
672	2	0	0	1536	1.43051147460938e-06	10120206	
673	2	0	0	1536	1.43051147460938e-06	10120212	
674	2	0	0	1536	1.43051147460938e-06	10120224	
675	2	0	0	1536	1.43051147460938e-06	10120306	
676	2	0	0	1536	1.43051147460938e-06	10120312	
677	2	0	0	1536	1.43051147460938e-06	10120324	
678	2	0	0	1536	1.43051147460938e-06	10120406	
679	2	0	0	1536	1.43051147460938e-06	10120412	
680	2	0	0	1536	1.43051147460938e-06	10120424	
681	2	0	0	1536	1.43051147460938e-06	10120506	
682	2	0	0	1536	1.43051147460938e-06	10120512	
683	2	0	0	1536	1.43051147460938e-06	10120524	
684	2	0	0	1536	1.43051147460938e-06	10120606	
685	2	0	0	1536	1.43051147460938e-06	10120612	
686	2	0	0	1536	1.43051147460938e-06	10120624	
687	2	0	0	1536	1.43051147460938e-06	10120706	
688	2	0	0	1536	1.43051147460938e-06	10120712	
689	2	0	0	1536	1.43051147460938e-06	10120724	
690	2	0	0	1536	1.43051147460938e-06	10120806	
691	2	0	0	1536	1.43051147460938e-06	10120812	
692	2	0	0	1536	1.43051147460938e-06	10120824	
693	2	0	0	1536	1.43051147460938e-06	10120906	
694	2	0	0	1536	1.43051147460938e-06	10120912	
695	2	0	0	1536	1.43051147460938e-06	10120924	
696	2	0	0	1536	1.43051147460938e-06	10121006	
697	2	0	0	1536	1.43051147460938e-06	10121012	
698	2	0	0	1536	1.43051147460938e-06	10121024	
699	2	0	0	1536	1.43051147460938e-06	10121106	
700	2	0	0	1536	1.43051147460938e-06	10121112	
701	2	0	0	1536	1.43051147460938e-06	10121124	
702	2	0	0	1536	1.43051147460938e-06	10121206	
703	2	0	0	1536	1.43051147460938e-06	10121212	
704	2	0	0	1536	1.43051147460938e-06	10121224	
705	2	0	0	1536	1.43051147460938e-06	10121306	
706	2	0	0	1536	1.43051147460938e-06	10121312	
707	2	0	0	1536	1.43051147460938e-06	10121324	
708	2	0	0	1536	1.43051147460938e-06	10121406	
709	2	0	0	1536	1.43051147460938e-06	10121412	
710	2	0	0	1536	1.43051147460938e-06	10121424	
711	2	0	0	1536	1.43051147460938e-06	10121506	
712	2	0	0	1536	1.43051147460938e-06	10121512	
713	2	0	0	1536	1.43051147460938e-06	10121524	
714	2	0	0	1536	1.43051147460938e-06	10121606	
715	2	0	0	1536	1.43051147460938e-06	10121612	
716	2	0	0	1536	1.43051147460938e-06	10121624	
717	2	0	0	1536	1.43051147460938e-06	10121706	
718	2	0	0	1536	1.43051147460938e-06	10121712	
719	2	0	0	1536	1.43051147460938e-06	10121724	
720	2	0	0	1536	1.43051147460938e-06	10121806	
721	2	0	0	1536	1.43051147460938e-06	10121812	
722	2	0	0	1536	1.43051147460938e-06	10121824	
723	2	0	0	1536	1.43051147460938e-06	10121906	
724	2	0	0	1536	1.43051147460938e-06	10121912	
725	2	0	0	1536	1.43051147460938e-06	10121924	
726	2	0	0	1536	1.43051147460938e-06	10122006	
727	2	0	0	1536	1.43051147460938e-06	10122012	
728	2	0	0	1536	1.43051147460938e-06	10122024	
729	2	0	0	1536	1.43051147460938e-06	10122106	
730	2	0	0	1536	1.43051147460938e-06	10122112	
731	2	0	0	1536	1.43051147460938e-06	10122124	
732	2	0	0	1536	1.43051147460938e-06	10122206	
733	2	0	0	1536	1.43051147460938e-06	10122212	
734	2	0	0	1536	1.43051147460938e-06	10122224	
735	2	0	0	1536	1.43051147460938e-06	10122306	
736	2	0	0	1536	1.43051147460938e-06	10122312	
737	2	0	0	1536	1.43051147460938e-06	10122324	
738	2	0	0	1536	1.43051147460938e-06	10122406	
739	2	0	0	1536	1.43051147460938e-06	10122412	
740	2	0	0	1536	1.43051147460938e-06	10122424	
741	2	0	0	1536	1.43051147460938e-06	10122506	
742	2	0	0	1536	1.43051147460938e-06	10122512	
743	2	0	0	1536	1.43051147460938e-06	10122524	
744	2	0	0	1536	1.43051147460938e-06	10122606	
745	2	0	0	1536	1.43051147460938e-06	10122612	
746	2	0	0	1536	1.43051147460938e-06	10122624	
747	2	0	0	1536	1.43051147460938e-06	10122706	
748	2	0	0	1536	1.43051147460938e-06	10122712	
749	2	0	0	1536	1.43051147460938e-06	10122724	
750	2	0	0	1536	1.43051147460938e-06	10122806	
751	2	0	0	1536	1.43051147460938e-06	10122812	
752	2	0	0	1536	1.43051147460938e-06	10122824	
753	2	0	0	1536	1.43051147460938e-06	10122906	
754	2	0	0	1536	1.43051147460938e-06	10122912	
755	2	0	0	1536	1.43051147460938e-06	10122924	
756	2	0	0	1536	1.43051147460938e-06	10123006	
757	2	0	0	1536	1.43051147460938e-06	10123012	
758	2	0	0	1536	1.43051147460938e-06	10123024	
759	2	0	0	1536	1.43051147460938e-06	10123106	
760	2	0	0	1536	1.43051147460938e-06	10123112	
761	2	0	0	1536	1.43051147460938e-06	10123124	
762	2	0	0	1536	1.43051147460938e-06	11010106	
763	2	0	0	1536	1.43051147460938e-06	11010112	
764	2	0	0	1536	1.43051147460938e-06	11010124	
765	2	0	0	1536	1.43051147460938e-06	11010206	
766	2	0	0	1536	1.43051147460938e-06	11010212	
767	2	0	0	1536	1.43051147460938e-06	11010224	
768	2	0	0	1536	1.43051147460938e-06	11010306	
769	2	0	0	1536	1.43051147460938e-06	11010312	
770	2	0	0	1536	1.43051147460938e-06	11010324	
771	2	0	0	1536	1.43051147460938e-06	11010406	
772	2	0	0	1536	1.43051147460938e-06	11010412	
773	2	0	0	1536	1.43051147460938e-06	11010424	
774	2	0	0	1536	1.43051147460938e-06	11010506	
775	2	0	0	1536	1.43051147460938e-06	11010512	
776	2	0	0	1536	1.43051147460938e-06	11010524	
777	2	0	0	1536	1.43051147460938e-06	11010606	
778	2	0	0	1536	1.43051147460938e-06	11010612	
779	2	0	0	1536	1.43051147460938e-06	11010624	
780	2	0	0	1536	1.43051147460938e-06	11010706	
781	2	0	0	1536	1.43051147460938e-06	11010712	
782	2	0	0	1536	1.43051147460938e-06	11010724	
783	2	0	0	1536	1.43051147460938e-06	11010806	
784	2	0	0	1536	1.43051147460938e-06	11010812	
785	2	0	0	1536	1.43051147460938e-06	11010824	
786	2	0	0	1536	1.43051147460938e-06	11010906	
787	2	0	0	1536	1.43051147460938e-06	11010912	
788	2	0	0	1536	1.43051147460938e-06	11010924	
789	2	0	0	1536	1.43051147460938e-06	11011006	
790	2	0	0	1536	1.43051147460938e-06	11011012	
791	2	0	0	1536	1.43051147460938e-06	11011024	
792	2	0	0	1536	1.43051147460938e-06	11011106	
793	2	0	0	1536	1.43051147460938e-06	11011112	
794	2	0	0	1536	1.43051147460938e-06	11011124	
795	2	0	0	1536	1.43051147460938e-06	11011206	
796	2	0	0	1536	1.43051147460938e-06	11011212	
797	2	0	0	1536	1.43051147460938e-06	11011224	
798	2	0	0	1536	1.43051147460938e-06	11011306	
799	2	0	0	1536	1.43051147460938e-06	11011312	
800	2	0	0	1536	1.43051147460938e-06	11011324	
801	2	0	0	1536	1.43051147460938e-06	11011406	
802	2	0	0	1536	1.43051147460938e-06	11011412	
803	2	0	0	1536	1.43051147460938e-06	11011424	
804	2	0	0	1536	1.43051147460938e-06	11011506	
805	2	0	0	1536	1.43051147460938e-06	11011512	
806	2	0	0	1536	1.43051147460938e-06	11011524	
807	2	0	0	1536	1.43051147460938e-06	11011606	
808	2	0	0	1536	1.43051147460938e-06	11011612	
809	2	0	0	1536	1.43051147460938e-06	11011624	
810	2	0	0	1536	1.43051147460938e-06	11011706	
811	2	0	0	1536	1.43051147460938e-06	11011712	
812	2	0	0	1536	1.43051147460938e-06	11011724	
813	2	0	0	1536	1.43051147460938e-06	11011806	
814	2	0	0	1536	1.43051147460938e-06	11011812	
815	2	0	0	1536	1.43051147460938e-06	11011824	
816	2	0	0	1536	1.43051147460938e-06	11011906	
817	2	0	0	1536	1.43051147460938e-06	11011912	
818	2	0	0	1536	1.43051147460938e-06	11011924	
819	2	0	0	1536	1.43051147460938e-06	11012006	
820	2	0	0	1536	1.43051147460938e-06	11012012	
821	2	0	0	1536	1.43051147460938e-06	11012024	
822	2	0	0	1536	1.43051147460938e-06	11012106	
823	2	0	0	1536	1.43051147460938e-06	11012112	
824	2	0	0	1536	1.43051147460938e-06	11012124	
825	2	0	0	1536	1.43051147460938e-06	11012206	
826	2	0	0	1536	1.43051147460938e-06	11012212	
827	2	0	0	1536	1.43051147460938e-06	11012224	
828	2	0	0	1536	1.43051147460938e-06	11012306	
829	2	0	0	1536	1.43051147460938e-06	11012312	
830	2	0	0	1536	1.43051147460938e-06	11012324	
831	2	0	0	1536	1.43051147460938e-06	11012406	
832	2	0	0	1536	1.43051147460938e-06	11012412	
833	2	0	0	1536	1.43051147460938e-06	11012424	
834	2	0	0	1536	1.43051147460938e-06	11012506	
835	2	0	0	1536	1.43051147460938e-06	11012512	
836	2	0	0	1536	1.43051147460938e-06	11012524	
837	2	0	0	1536	1.43051147460938e-06	11012606	
838	2	0	0	1536	1.43051147460938e-06	11012612	
839	2	0	0	1536	1.43051147460938e-06	11012624	
840	2	0	0	1536	1.43051147460938e-06	11012706	
841	2	0	0	1536	1.43051147460938e-06	11012712	
842	2	0	0	1536	1.43051147460938e-06	11012724	
843	2	0	0	1536	1.43051147460938e-06	11012806	
844	2	0	0	1536	1.43051147460938e-06	11012812	
845	2	0	0	1536	1.43051147460938e-06	11012824	
846	2	0	0	1536	1.43051147460938e-06	11012906	
847	2	0	0	1536	1.43051147460938e-06	11012912	
848	2	0	0	1536	1.43051147460938e-06	11012924	
849	2	0	0	1536	1.43051147460938e-06	11013006	
850	2	0	0	1536	1.43051147460938e-06	11013012	
851	2	0	0	1536	1.43051147460938e-06	11013024	
852	2	0	0	1536	1.43051147460938e-06	11013106	
853	2	0	0	1536	1.43051147460938e-06	11013112	
854	2	0	0	1536	1.43051147460938e-06	11013124	
855	2	0	0	1536	1.43051147460938e-06	11020106	
856	2	0	0	1536	1.43051147460938e-06	11020112	
857	2	0	0	1536	1.43051147460938e-06	11020124	
858	2	0	0	1536	1.43051147460938e-06	11020206	
859	2	0	0	1536	1.43051147460938e-06	11020212	
860	2	0	0	1536	1.43051147460938e-06	11020224	
861	2	0	0	1536	1.43051147460938e-06	11020306	
862	2	0	0	1536	1.43051147460938e-06	11020312	
863	2	0	0	1536	1.43051147460938e-06	11020324	
864	2	0	0	1536	1.43051147460938e-06	11020406	
865	2	0	0	1536	1.43051147460938e-06	11020412	
866	2	0	0	1536	1.43051147460938e-06	11020424	
867	2	0	0	1536	1.43051147460938e-06	11020506	
868	2	0	0	1536	1.43051147460938e-06	11020512	
869	2	0	0	1536	1.43051147460938e-06	11020524	
870	2	0	0	1536	1.43051147460938e-06	11020606	
871	2	0	0	1536	1.43051147460938e-06	11020612	
872	2	0	0	1536	1.43051147460938e-06	11020624	
873	2	0	0	1536	1.43051147460938e-06	11020706	
874	2	0	0	1536	1.43051147460938e-06	11020712	
875	2	0	0	1536	1.43051147460938e-06	11020724	
876	2	0	0	1536	1.43051147460938e-06	11020806	
877	2	0	0	1536	1.43051147460938e-06	11020812	
878	2	0	0	1536	1.43051147460938e-06	11020824	
879	2	0	0	1536	1.43051147460938e-06	11020906	
880	2	0	0	1536	1.43051147460938e-06	11020912	
881	2	0	0	1536	1.43051147460938e-06	11020924	
882	2	0	0	1536	1.43051147460938e-06	11021006	
883	2	0	0	1536	1.43051147460938e-06	11021012	
884	2	0	0	1536	1.43051147460938e-06	11021024	
885	2	0	0	1536	1.43051147460938e-06	11021106	
886	2	0	0	1536	1.43051147460938e-06	11021112	
887	2	0	0	1536	1.43051147460938e-06	11021124	
888	2	0	0	1536	1.43051147460938e-06	11021206	
889	2	0	0	1536	1.43051147460938e-06	11021212	
890	2	0	0	1536	1.43051147460938e-06	11021224	
891	2	0	0	1536	1.43051147460938e-06	11021306	
892	2	0	0	1536	1.43051147460938e-06	11021312	
893	2	0	0	1536	1.43051147460938e-06	11021324	
894	2	0	0	1536	1.43051147460938e-06	11021406	
895	2	0	0	1536	1.43051147460938e-06	11021412	
896	2	0	0	1536	1.43051147460938e-06	11021424	
897	2	0	0	1536	1.43051147460938e-06	11021506	
898	2	0	0	1536	1.43051147460938e-06	11021512	
899	2	0	0	1536	1.43051147460938e-06	11021524	
900	2	0	0	1536	1.43051147460938e-06	11021606	
901	2	0	0	1536	1.43051147460938e-06	11021612	
902	2	0	0	1536	1.43051147460938e-06	11021624	
903	2	0	0	1536	1.43051147460938e-06	11021706	
904	2	0	0	1536	1.43051147460938e-06	11021712	
905	2	0	0	1536	1.43051147460938e-06	11021724	
906	2	0	0	1536	1.43051147460938e-06	11021806	
907	2	0	0	1536	1.43051147460938e-06	11021812	
908	2	0	0	1536	1.43051147460938e-06	11021824	
909	2	0	0	1536	1.43051147460938e-06	11021906	
910	2	0	0	1536	1.43051147460938e-06	11021912	
911	2	0	0	1536	1.43051147460938e-06	11021924	
912	2	0	0	1536	1.43051147460938e-06	11022006	
913	2	0	0	1536	1.43051147460938e-06	11022012	
914	2	0	0	1536	1.43051147460938e-06	11022024	
915	2	0	0	1536	1.43051147460938e-06	11022106	
916	2	0	0	1536	1.43051147460938e-06	11022112	
917	2	0	0	1536	1.43051147460938e-06	11022124	
918	2	0	0	1536	1.43051147460938e-06	11022206	
919	2	0	0	1536	1.43051147460938e-06	11022212	
920	2	0	0	1536	1.43051147460938e-06	11022224	
921	2	0	0	1536	1.43051147460938e-06	11022306	
922	2	0	0	1536	1.43051147460938e-06	11022312	
923	2	0	0	1536	1.43051147460938e-06	11022324	
924	2	0	0	1536	1.43051147460938e-06	11022406	
925	2	0	0	1536	1.43051147460938e-06	11022412	
926	2	0	0	1536	1.43051147460938e-06	11022424	
927	2	0	0	1536	1.43051147460938e-06	11022506	
928	2	0	0	1536	1.43051147460938e-06	11022512	
929	2	0	0	1536	1.43051147460938e-06	11022524	
930	2	0	0	1536	1.43051147460938e-06	11022606	
931	2	0	0	1536	1.43051147460938e-06	11022612	
932	2	0	0	1536	1.43051147460938e-06	11022624	
933	2	0	0	1536	1.43051147460938e-06	11022706	
934	2	0	0	1536	1.43051147460938e-06	11022712	
935	2	0	0	1536	1.43051147460938e-06	11022724	
936	2	0	0	1536	1.43051147460938e-06	11022806	
937	2	0	0	1536	1.43051147460938e-06	11022812	
938	2	0	0	1536	1.43051147460938e-06	11022824	
939	2	0	0	1536	1.43051147460938e-06	11030106	
940	2	0	0	1536	1.43051147460938e-06	11030112	
941	2	0	0	1536	1.43051147460938e-06	11030124	
942	2	0	0	1536	1.43051147460938e-06	11030206	
943	2	0	0	1536	1.43051147460938e-06	11030212	
944	2	0	0	1536	1.43051147460938e-06	11030224	
945	2	0	0	1536	1.43051147460938e-06	11030306	
946	2	0	0	1536	1.43051147460938e-06	11030312	
947	2	0	0	1536	1.43051147460938e-06	11030324	
948	2	0	0	1536	1.43051147460938e-06	11030406	
949	2	0	0	1536	1.43051147460938e-06	11030412	
950	2	0	0	1536	1.43051147460938e-06	11030424	
951	2	0	0	1536	1.43051147460938e-06	11030506	
952	2	0	0	1536	1.43051147460938e-06	11030512	
953	2	0	0	1536	1.43051147460938e-06	11030524	
954	2	0	0	1536	1.43051147460938e-06	11030606	
955	2	0	0	1536	1.43051147460938e-06	11030612	
956	2	0	0	1536	1.43051147460938e-06	11030624	
957	2	0	0	1536	1.43051147460938e-06	11030706	
958	2	0	0	1536	1.43051147460938e-06	11030712	
959	2	0	0	1536	1.43051147460938e-06	11030724	
960	2	0	0	1536	1.43051147460938e-06	11030806	
961	2	0	0	1536	1.43051147460938e-06	11030812	
962	2	0	0	1536	1.43051147460938e-06	11030824	
963	2	0	0	1536	1.43051147460938e-06	11030906	
964	2	0	0	1536	1.43051147460938e-06	11030912	
965	2	0	0	1536	1.43051147460938e-06	11030924	
966	2	0	0	1536	1.43051147460938e-06	11031006	
967	2	0	0	1536	1.43051147460938e-06	11031012	
968	2	0	0	1536	1.43051147460938e-06	11031024	
969	2	0	0	1536	1.43051147460938e-06	11031106	
970	2	0	0	1536	1.43051147460938e-06	11031112	
971	2	0	0	1536	1.43051147460938e-06	11031124	
972	2	0	0	1536	1.43051147460938e-06	11031206	
973	2	0	0	1536	1.43051147460938e-06	11031212	
974	2	0	0	1536	1.43051147460938e-06	11031224	
975	2	0	0	1536	1.43051147460938e-06	11031306	
976	2	0	0	1536	1.43051147460938e-06	11031312	
977	2	0	0	1536	1.43051147460938e-06	11031324	
978	2	0	0	1536	1.43051147460938e-06	11031406	
979	2	0	0	1536	1.43051147460938e-06	11031412	
980	2	0	0	1536	1.43051147460938e-06	11031424	
981	2	0	0	1536	1.43051147460938e-06	11031506	
982	2	0	0	1536	1.43051147460938e-06	11031512	
983	2	0	0	1536	1.43051147460938e-06	11031524	
984	2	0	0	1536	1.43051147460938e-06	11031606	
985	2	0	0	1536	1.43051147460938e-06	11031612	
986	2	0	0	1536	1.43051147460938e-06	11031624	
987	2	0	0	1536	1.43051147460938e-06	11031706	
988	2	0	0	1536	1.43051147460938e-06	11031712	
989	2	0	0	1536	1.43051147460938e-06	11031724	
990	2	0	0	1536	1.43051147460938e-06	11031806	
991	2	0	0	1536	1.43051147460938e-06	11031812	
992	2	0	0	1536	1.43051147460938e-06	11031824	
993	2	0	0	1536	1.43051147460938e-06	11031906	
994	2	0	0	1536	1.43051147460938e-06	11031912	
995	2	0	0	1536	1.43051147460938e-06	11031924	
996	2	0	0	1536	1.43051147460938e-06	11032006	
997	2	0	0	1536	1.43051147460938e-06	11032012	
998	2	0	0	1536	1.43051147460938e-06	11032024	
999	2	0	0	1536	1.43051147460938e-06	11032106	
1000	2	0	0	1536	1.43051147460938e-06	11032112	
1001	2	0	0	1536	1.43051147460938e-06	11032124	
1002	2	0	0	1536	1.43051147460938e-06	11032206	
1003	2	0	0	1536	1.43051147460938e-06	11032212	
1004	2	0	0	1536	1.43051147460938e-06	11032224	
1005	2	0	0	1536	1.43051147460938e-06	11032306	
1006	2	0	0	1536	1.43051147460938e-06	11032312	
1007	2	0	0	1536	1.43051147460938e-06	11032324	
1008	2	0	0	1536	1.43051147460938e-06	11032406	
1009	2	0	0	1536	1.43051147460938e-06	11032412	
1010	2	0	0	1536	1.43051147460938e-06	11032424	
1011	2	0	0	1536	1.43051147460938e-06	11032506	
1012	2	0	0	1536	1.43051147460938e-06	11032512	
1013	2	0	0	1536	1.43051147460938e-06	11032524	
1014	2	0	0	1536	1.43051147460938e-06	11032606	
1015	2	0	0	1536	1.43051147460938e-06	11032612	
1016	2	0	0	1536	1.43051147460938e-06	11032624	
1017	2	0	0	1536	1.43051147460938e-06	11032706	
1018	2	0	0	1536	1.43051147460938e-06	11032712	
1019	2	0	0	1536	1.43051147460938e-06	11032724	
1020	2	0	0	1536	1.43051147460938e-06	11032806	
1021	2	0	0	1536	1.43051147460938e-06	11032812	
1022	2	0	0	1536	1.43051147460938e-06	11032824	
1023	2	0	0	1536	1.43051147460938e-06	11032906	
1024	2	0	0	1536	1.43051147460938e-06	11032912	
1025	2	0	0	1536	1.43051147460938e-06	11032924	
1026	2	0	0	1536	1.43051147460938e-06	11033006	
1027	2	0	0	1536	1.43051147460938e-06	11033012	
1028	2	0	0	1536	1.43051147460938e-06	11033024	
1029	2	0	0	1536	1.43051147460938e-06	11033106	
1030	2	0	0	1536	1.43051147460938e-06	11033112	
1031	2	0	0	1536	1.43051147460938e-06	11033124	
1032	2	0	0	1536	1.43051147460938e-06	11040106	
1033	2	0	0	1536	1.43051147460938e-06	11040112	
1034	2	0	0	1536	1.43051147460938e-06	11040124	
1035	2	0	0	1536	1.43051147460938e-06	11040206	
1036	2	0	0	1536	1.43051147460938e-06	11040212	
1037	2	0	0	1536	1.43051147460938e-06	11040224	
1038	2	0	0	1536	1.43051147460938e-06	11040306	
1039	2	0	0	1536	1.43051147460938e-06	11040312	
1040	2	0	0	1536	1.43051147460938e-06	11040324	
1041	2	0	0	1536	1.43051147460938e-06	11040406	
1042	2	0	0	1536	1.43051147460938e-06	11040412	
1043	2	0	0	1536	1.43051147460938e-06	11040424	
1044	2	0	0	1536	1.43051147460938e-06	11040506	
1045	2	0	0	1536	1.43051147460938e-06	11040512	
1046	2	0	0	1536	1.43051147460938e-06	11040524	
1047	2	0	0	1536	1.43051147460938e-06	11040606	
1048	2	0	0	1536	1.43051147460938e-06	11040612	
1049	2	0	0	1536	1.43051147460938e-06	11040624	
1050	2	0	0	1536	1.43051147460938e-06	11040706	
1051	2	0	0	1536	1.43051147460938e-06	11040712	
1052	2	0	0	1536	1.43051147460938e-06	11040724	
1053	2	0	0	1536	1.43051147460938e-06	11040806	
1054	2	0	0	1536	1.43051147460938e-06	11040812	
1055	2	0	0	1536	1.43051147460938e-06	11040824	
1056	2	0	0	1536	1.43051147460938e-06	11040906	
1057	2	0	0	1536	1.43051147460938e-06	11040912	
1058	2	0	0	1536	1.43051147460938e-06	11040924	
1059	2	0	0	1536	1.43051147460938e-06	11041006	
1060	2	0	0	1536	1.43051147460938e-06	11041012	
1061	2	0	0	1536	1.43051147460938e-06	11041024	
1062	2	0	0	1536	1.43051147460938e-06	11041106	
1063	2	0	0	1536	1.43051147460938e-06	11041112	
1064	2	0	0	1536	1.43051147460938e-06	11041124	
1065	2	0	0	1536	1.43051147460938e-06	11041206	
1066	2	0	0	1536	1.43051147460938e-06	11041212	
1067	2	0	0	1536	1.43051147460938e-06	11041224	
1068	2	0	0	1536	1.43051147460938e-06	11041306	
1069	2	0	0	1536	1.43051147460938e-06	11041312	
1070	2	0	0	1536	1.43051147460938e-06	11041324	
1071	2	0	0	1536	1.43051147460938e-06	11041406	
1072	2	0	0	1536	1.43051147460938e-06	11041412	
1073	2	0	0	1536	1.43051147460938e-06	11041424	
1074	2	0	0	1536	1.43051147460938e-06	11041506	
1075	2	0	0	1536	1.43051147460938e-06	11041512	
1076	2	0	0	1536	1.43051147460938e-06	11041524	
1077	2	0	0	1536	1.43051147460938e-06	11041606	
1078	2	0	0	1536	1.43051147460938e-06	11041612	
1079	2	0	0	1536	1.43051147460938e-06	11041624	
1080	2	0	0	1536	1.43051147460938e-06	11041706	
1081	2	0	0	1536	1.43051147460938e-06	11041712	
1082	2	0	0	1536	1.43051147460938e-06	11041724	
1083	2	0	0	1536	1.43051147460938e-06	11041806	
1084	2	0	0	1536	1.43051147460938e-06	11041812	
1085	2	0	0	1536	1.43051147460938e-06	11041824	
1086	2	0	0	1536	1.43051147460938e-06	11041906	
1087	2	0	0	1536	1.43051147460938e-06	11041912	
1088	2	0	0	1536	1.43051147460938e-06	11041924	
1089	2	0	0	1536	1.43051147460938e-06	11042006	
1090	2	0	0	1536	1.43051147460938e-06	11042012	
1091	2	0	0	1536	1.43051147460938e-06	11042024	
1092	2	0	0	1536	1.43051147460938e-06	11042106	
1093	2	0	0	1536	1.43051147460938e-06	11042112	
1094	2	0	0	1536	1.43051147460938e-06	11042124	
1095	2	0	0	1536	1.43051147460938e-06	11042206	
1096	2	0	0	1536	1.43051147460938e-06	11042212	
1097	2	0	0	1536	1.43051147460938e-06	11042224	
1098	2	0	0	1536	1.43051147460938e-06	11042306	
1099	2	0	0	1536	1.43051147460938e-06	11042312	
1100	2	0	0	1536	1.43051147460938e-06	11042324	
1101	2	0	0	1536	1.43051147460938e-06	11042406	
1102	2	0	0	1536	1.43051147460938e-06	11042412	
1103	2	0	0	1536	1.43051147460938e-06	11042424	
1104	2	0	0	1536	1.43051147460938e-06	11042506	
1105	2	0	0	1536	1.43051147460938e-06	11042512	
1106	2	0	0	1536	1.43051147460938e-06	11042524	
1107	2	0	0	1536	1.43051147460938e-06	11042606	
1108	2	0	0	1536	1.43051147460938e-06	11042612	
1109	2	0	0	1536	1.43051147460938e-06	11042624	
1110	2	0	0	1536	1.43051147460938e-06	11042706	
1111	2	0	0	1536	1.43051147460938e-06	11042712	
1112	2	0	0	1536	1.43051147460938e-06	11042724	
1113	2	0	0	1536	1.43051147460938e-06	11042806	
1114	2	0	0	1536	1.43051147460938e-06	11042812	
1115	2	0	0	1536	1.43051147460938e-06	11042824	
1116	2	0	0	1536	1.43051147460938e-06	11042906	
1117	2	0	0	1536	1.43051147460938e-06	11042912	
1118	2	0	0	1536	1.43051147460938e-06	11042924	
1119	2	0	0	1536	1.43051147460938e-06	11043006	
1120	2	0	0	1536	1.43051147460938e-06	11043012	
1121	2	0	0	1536	1.43051147460938e-06	11043024	
1122	2	0	0	1536	1.43051147460938e-06	11050106	
1123	2	0	0	1536	1.43051147460938e-06	11050112	
1124	2	0	0	1536	1.43051147460938e-06	11050124	
1125	2	0	0	1536	1.43051147460938e-06	11050206	
1126	2	0	0	1536	1.43051147460938e-06	11050212	
1127	2	0	0	1536	1.43051147460938e-06	11050224	
1128	2	0	0	1536	1.43051147460938e-06	11050306	
1129	2	0	0	1536	1.43051147460938e-06	11050312	
1130	2	0	0	1536	1.43051147460938e-06	11050324	
1131	2	0	0	1536	1.43051147460938e-06	11050406	
1132	2	0	0	1536	1.43051147460938e-06	11050412	
1133	2	0	0	1536	1.43051147460938e-06	11050424	
1134	2	0	0	1536	1.43051147460938e-06	11050506	
1135	2	0	0	1536	1.43051147460938e-06	11050512	
1136	2	0	0	1536	1.43051147460938e-06	11050524	
1137	2	0	0	1536	1.43051147460938e-06	11050606	
1138	2	0	0	1536	1.43051147460938e-06	11050612	
1139	2	0	0	1536	1.43051147460938e-06	11050624	
1140	2	0	0	1536	1.43051147460938e-06	11050706	
1141	2	0	0	1536	1.43051147460938e-06	11050712	
1142	2	0	0	1536	1.43051147460938e-06	11050724	
1143	2	0	0	1536	1.43051147460938e-06	11050806	
1144	2	0	0	1536	1.43051147460938e-06	11050812	
1145	2	0	0	1536	1.43051147460938e-06	11050824	
1146	2	0	0	1536	1.43051147460938e-06	11050906	
1147	2	0	0	1536	1.43051147460938e-06	11050912	
1148	2	0	0	1536	1.43051147460938e-06	11050924	
1149	2	0	0	1536	1.43051147460938e-06	11051006	
1150	2	0	0	1536	1.43051147460938e-06	11051012	
1151	2	0	0	1536	1.43051147460938e-06	11051024	
1152	2	0	0	1536	1.43051147460938e-06	11051106	
1153	2	0	0	1536	1.43051147460938e-06	11051112	
1154	2	0	0	1536	1.43051147460938e-06	11051124	
1155	2	0	0	1536	1.43051147460938e-06	11051206	
1156	2	0	0	1536	1.43051147460938e-06	11051212	
1157	2	0	0	1536	1.43051147460938e-06	11051224	
1158	2	0	0	1536	1.43051147460938e-06	11051306	
1159	2	0	0	1536	1.43051147460938e-06	11051312	
1160	2	0	0	1536	1.43051147460938e-06	11051324	
1161	2	0	0	1536	1.43051147460938e-06	11051406	
1162	2	0	0	1536	1.43051147460938e-06	11051412	
1163	2	0	0	1536	1.43051147460938e-06	11051424	
1164	2	0	0	1536	1.43051147460938e-06	11051506	
1165	2	0	0	1536	1.43051147460938e-06	11051512	
1166	2	0	0	1536	1.43051147460938e-06	11051524	
1167	2	0	0	1536	1.43051147460938e-06	11051606	
1168	2	0	0	1536	1.43051147460938e-06	11051612	
1169	2	0	0	1536	1.43051147460938e-06	11051624	
1170	2	0	0	1536	1.43051147460938e-06	11051706	
1171	2	0	0	1536	1.43051147460938e-06	11051712	
1172	2	0	0	1536	1.43051147460938e-06	11051724	
1173	2	0	0	1536	1.43051147460938e-06	11051806	
1174	2	0	0	1536	1.43051147460938e-06	11051812	
1175	2	0	0	1536	1.43051147460938e-06	11051824	
1176	2	0	0	1536	1.43051147460938e-06	11051906	
1177	2	0	0	1536	1.43051147460938e-06	11051912	
1178	2	0	0	1536	1.43051147460938e-06	11051924	
1179	2	0	0	1536	1.43051147460938e-06	11052006	
1180	2	0	0	1536	1.43051147460938e-06	11052012	
1181	2	0	0	1536	1.43051147460938e-06	11052024	
1182	2	0	0	1536	1.43051147460938e-06	11052106	
1183	2	0	0	1536	1.43051147460938e-06	11052112	
1184	2	0	0	1536	1.43051147460938e-06	11052124	
1185	2	0	0	1536	1.43051147460938e-06	11052206	
1186	2	0	0	1536	1.43051147460938e-06	11052212	
1187	2	0	0	1536	1.43051147460938e-06	11052224	
1188	2	0	0	1536	1.43051147460938e-06	11052306	
1189	2	0	0	1536	1.43051147460938e-06	11052312	
1190	2	0	0	1536	1.43051147460938e-06	11052324	
1191	2	0	0	1536	1.43051147460938e-06	11052406	
1192	2	0	0	1536	1.43051147460938e-06	11052412	
1193	2	0	0	1536	1.43051147460938e-06	11052424	
1194	2	0	0	1536	1.43051147460938e-06	11052506	
1195	2	0	0	1536	1.43051147460938e-06	11052512	
1196	2	0	0	1536	1.43051147460938e-06	11052524	
1197	2	0	0	1536	1.43051147460938e-06	11052606	
1198	2	0	0	1536	1.43051147460938e-06	11052612	
1199	2	0	0	1536	1.43051147460938e-06	11052624	
1200	2	0	0	1536	1.43051147460938e-06	11052706	
1201	2	0	0	1536	1.43051147460938e-06	11052712	
1202	2	0	0	1536	1.43051147460938e-06	11052724	
1203	2	0	0	1536	1.43051147460938e-06	11052806	
1204	2	0	0	1536	1.43051147460938e-06	11052812	
1205	2	0	0	1536	1.43051147460938e-06	11052824	
1206	2	0	0	1536	1.43051147460938e-06	11052906	
1207	2	0	0	1536	1.43051147460938e-06	11052912	
1208	2	0	0	1536	1.43051147460938e-06	11052924	
1209	2	0	0	1536	1.43051147460938e-06	11053006	
1210	2	0	0	1536	1.43051147460938e-06	11053012	
1211	2	0	0	1536	1.43051147460938e-06	11053024	
1212	2	0	0	1536	1.43051147460938e-06	11053106	
1213	2	0	0	1536	1.43051147460938e-06	11053112	
1214	2	0	0	1536	1.43051147460938e-06	11053124	
1215	2	0	0	1536	1.43051147460938e-06	11060106	
1216	2	0	0	1536	1.43051147460938e-06	11060112	
1217	2	0	0	1536	1.43051147460938e-06	11060124	
1218	2	0	0	1536	1.43051147460938e-06	11060206	
1219	2	0	0	1536	1.43051147460938e-06	11060212	
1220	2	0	0	1536	1.43051147460938e-06	11060224	
1221	2	0	0	1536	1.43051147460938e-06	11060306	
1222	2	0	0	1536	1.43051147460938e-06	11060312	
1223	2	0	0	1536	1.43051147460938e-06	11060324	
1224	2	0	0	1536	1.43051147460938e-06	11060406	
1225	2	0	0	1536	1.43051147460938e-06	11060412	
1226	2	0	0	1536	1.43051147460938e-06	11060424	
1227	2	0	0	1536	1.43051147460938e-06	11060506	
1228	2	0	0	1536	1.43051147460938e-06	11060512	
1229	2	0	0	1536	1.43051147460938e-06	11060524	
1230	2	0	0	1536	1.43051147460938e-06	11060606	
1231	2	0	0	1536	1.43051147460938e-06	11060612	
1232	2	0	0	1536	1.43051147460938e-06	11060624	
1233	2	0	0	1536	1.43051147460938e-06	11060706	
1234	2	0	0	1536	1.43051147460938e-06	11060712	
1235	2	0	0	1536	1.43051147460938e-06	11060724	
1236	2	0	0	1536	1.43051147460938e-06	11060806	
1237	2	0	0	1536	1.43051147460938e-06	11060812	
1238	2	0	0	1536	1.43051147460938e-06	11060824	
1239	2	0	0	1536	1.43051147460938e-06	11060906	
1240	2	0	0	1536	1.43051147460938e-06	11060912	
1241	2	0	0	1536	1.43051147460938e-06	11060924	
1242	2	0	0	1536	1.43051147460938e-06	11061006	
1243	2	0	0	1536	1.43051147460938e-06	11061012	
1244	2	0	0	1536	1.43051147460938e-06	11061024	
1245	2	0	0	1536	1.43051147460938e-06	11061106	
1246	2	0	0	1536	1.43051147460938e-06	11061112	
1247	2	0	0	1536	1.43051147460938e-06	11061124	
1248	2	0	0	1536	1.43051147460938e-06	11061206	
1249	2	0	0	1536	1.43051147460938e-06	11061212	
1250	2	0	0	1536	1.43051147460938e-06	11061224	
1251	2	0	0	1536	1.43051147460938e-06	11061306	
1252	2	0	0	1536	1.43051147460938e-06	11061312	
1253	2	0	0	1536	1.43051147460938e-06	11061324	
1254	2	0	0	1536	1.43051147460938e-06	11061406	
1255	2	0	0	1536	1.43051147460938e-06	11061412	
1256	2	0	0	1536	1.43051147460938e-06	11061424	
1257	2	0	0	1536	1.43051147460938e-06	11061506	
1258	2	0	0	1536	1.43051147460938e-06	11061512	
1259	2	0	0	1536	1.43051147460938e-06	11061524	
1260	2	0	0	1536	1.43051147460938e-06	11061606	
1261	2	0	0	1536	1.43051147460938e-06	11061612	
1262	2	0	0	1536	1.43051147460938e-06	11061624	
1263	2	0	0	1536	1.43051147460938e-06	11061706	
1264	2	0	0	1536	1.43051147460938e-06	11061712	
1265	2	0	0	1536	1.43051147460938e-06	11061724	
1266	2	0	0	1536	1.43051147460938e-06	11061806	
1267	2	0	0	1536	1.43051147460938e-06	11061812	
1268	2	0	0	1536	1.43051147460938e-06	11061824	
1269	2	0	0	1536	1.43051147460938e-06	11061906	
1270	2	0	0	1536	1.43051147460938e-06	11061912	
1271	2	0	0	1536	1.43051147460938e-06	11061924	
1272	2	0	0	1536	1.43051147460938e-06	11062006	
1273	2	0	0	1536	1.43051147460938e-06	11062012	
1274	2	0	0	1536	1.43051147460938e-06	11062024	
1275	2	0	0	1536	1.43051147460938e-06	11062106	
1276	2	0	0	1536	1.43051147460938e-06	11062112	
1277	2	0	0	1536	1.43051147460938e-06	11062124	
1278	2	0	0	1536	1.43051147460938e-06	11062206	
1279	2	0	0	1536	1.43051147460938e-06	11062212	
1280	2	0	0	1536	1.43051147460938e-06	11062224	
1281	2	0	0	1536	1.43051147460938e-06	11062306	
1282	2	0	0	1536	1.43051147460938e-06	11062312	
1283	2	0	0	1536	1.43051147460938e-06	11062324	
1284	2	0	0	1536	1.43051147460938e-06	11062406	
1285	2	0	0	1536	1.43051147460938e-06	11062412	
1286	2	0	0	1536	1.43051147460938e-06	11062424	
1287	2	0	0	1536	1.43051147460938e-06	11062506	
1288	2	0	0	1536	1.43051147460938e-06	11062512	
1289	2	0	0	1536	1.43051147460938e-06	11062524	
1290	2	0	0	1536	1.43051147460938e-06	11062606	
1291	2	0	0	1536	1.43051147460938e-06	11062612	
1292	2	0	0	1536	1.43051147460938e-06	11062624	
1293	2	0	0	1536	1.43051147460938e-06	11062706	
1294	2	0	0	1536	1.43051147460938e-06	11062712	
1295	2	0	0	1536	1.43051147460938e-06	11062724	
1296	2	0	0	1536	1.43051147460938e-06	11062806	
1297	2	0	0	1536	1.43051147460938e-06	11062812	
1298	2	0	0	1536	1.43051147460938e-06	11062824	
1299	2	0	0	1536	1.43051147460938e-06	11062906	
1300	2	0	0	1536	1.43051147460938e-06	11062912	
1301	2	0	0	1536	1.43051147460938e-06	11062924	
1302	2	0	0	1536	1.43051147460938e-06	11063006	
1303	2	0	0	1536	1.43051147460938e-06	11063012	
1304	2	0	0	1536	1.43051147460938e-06	11063024	
1305	2	0	0	1536	1.43051147460938e-06	11070106	
1306	2	0	0	1536	1.43051147460938e-06	11070112	
1307	2	0	0	1536	1.43051147460938e-06	11070124	
1308	2	0	0	1536	1.43051147460938e-06	11070206	
1309	2	0	0	1536	1.43051147460938e-06	11070212	
1310	2	0	0	1536	1.43051147460938e-06	11070224	
1311	2	0	0	1536	1.43051147460938e-06	11070306	
1312	2	0	0	1536	1.43051147460938e-06	11070312	
1313	2	0	0	1536	1.43051147460938e-06	11070324	
1314	2	0	0	1536	1.43051147460938e-06	11070406	
1315	2	0	0	1536	1.43051147460938e-06	11070412	
1316	2	0	0	1536	1.43051147460938e-06	11070424	
1317	2	0	0	1536	1.43051147460938e-06	11070506	
1318	2	0	0	1536	1.43051147460938e-06	11070512	
1319	2	0	0	1536	1.43051147460938e-06	11070524	
1320	2	0	0	1536	1.43051147460938e-06	11070606	
1321	2	0	0	1536	1.43051147460938e-06	11070612	
1322	2	0	0	1536	1.43051147460938e-06	11070624	
1323	2	0	0	1536	1.43051147460938e-06	11070706	
1324	2	0	0	1536	1.43051147460938e-06	11070712	
1325	2	0	0	1536	1.43051147460938e-06	11070724	
1326	2	0	0	1536	1.43051147460938e-06	11070806	
1327	2	0	0	1536	1.43051147460938e-06	11070812	
1328	2	0	0	1536	1.43051147460938e-06	11070824	
1329	2	0	0	1536	1.43051147460938e-06	11070906	
1330	2	0	0	1536	1.43051147460938e-06	11070912	
1331	2	0	0	1536	1.43051147460938e-06	11070924	
1332	2	0	0	1536	1.43051147460938e-06	11071006	
1333	2	0	0	1536	1.43051147460938e-06	11071012	
1334	2	0	0	1536	1.43051147460938e-06	11071024	
1335	2	0	0	1536	1.43051147460938e-06	11071106	
1336	2	0	0	1536	1.43051147460938e-06	11071112	
1337	2	0	0	1536	1.43051147460938e-06	11071124	
1338	2	0	0	1536	1.43051147460938e-06	11071206	
1339	2	0	0	1536	1.43051147460938e-06	11071212	
1340	2	0	0	1536	1.43051147460938e-06	11071224	
1341	2	0	0	1536	1.43051147460938e-06	11071306	
1342	2	0	0	1536	1.43051147460938e-06	11071312	
1343	2	0	0	1536	1.43051147460938e-06	11071324	
1344	2	0	0	1536	1.43051147460938e-06	11071406	
1345	2	0	0	1536	1.43051147460938e-06	11071412	
1346	2	0	0	1536	1.43051147460938e-06	11071424	
1347	2	0	0	1536	1.43051147460938e-06	11071506	
1348	2	0	0	1536	1.43051147460938e-06	11071512	
1349	2	0	0	1536	1.43051147460938e-06	11071524	
1350	2	0	0	1536	1.43051147460938e-06	11071606	
1351	2	0	0	1536	1.43051147460938e-06	11071612	
1352	2	0	0	1536	1.43051147460938e-06	11071624	
1353	2	0	0	1536	1.43051147460938e-06	11071706	
1354	2	0	0	1536	1.43051147460938e-06	11071712	
1355	2	0	0	1536	1.43051147460938e-06	11071724	
1356	2	0	0	1536	1.43051147460938e-06	11071806	
1357	2	0	0	1536	1.43051147460938e-06	11071812	
1358	2	0	0	1536	1.43051147460938e-06	11071824	
1359	2	0	0	1536	1.43051147460938e-06	11071906	
1360	2	0	0	1536	1.43051147460938e-06	11071912	
1361	2	0	0	1536	1.43051147460938e-06	11071924	
1362	2	0	0	1536	1.43051147460938e-06	11072006	
1363	2	0	0	1536	1.43051147460938e-06	11072012	
1364	2	0	0	1536	1.43051147460938e-06	11072024	
1365	2	0	0	1536	1.43051147460938e-06	11072106	
1366	2	0	0	1536	1.43051147460938e-06	11072112	
1367	2	0	0	1536	1.43051147460938e-06	11072124	
1368	2	0	0	1536	1.43051147460938e-06	11072206	
1369	2	0	0	1536	1.43051147460938e-06	11072212	
1370	2	0	0	1536	1.43051147460938e-06	11072224	
1371	2	0	0	1536	1.43051147460938e-06	11072306	
1372	2	0	0	1536	1.43051147460938e-06	11072312	
1373	2	0	0	1536	1.43051147460938e-06	11072324	
1374	2	0	0	1536	1.43051147460938e-06	11072406	
1375	2	0	0	1536	1.43051147460938e-06	11072412	
1376	2	0	0	1536	1.43051147460938e-06	11072424	
1377	2	0	0	1536	1.43051147460938e-06	11072506	
1378	2	0	0	1536	1.43051147460938e-06	11072512	
1379	2	0	0	1536	1.43051147460938e-06	11072524	
1380	2	0	0	1536	1.43051147460938e-06	11072606	
1381	2	0	0	1536	1.43051147460938e-06	11072612	
1382	2	0	0	1536	1.43051147460938e-06	11072624	
1383	2	0	0	1536	1.43051147460938e-06	11072706	
1384	2	0	0	1536	1.43051147460938e-06	11072712	
1385	2	0	0	1536	1.43051147460938e-06	11072724	
1386	2	0	0	1536	1.43051147460938e-06	11072806	
1387	2	0	0	1536	1.43051147460938e-06	11072812	
1388	2	0	0	1536	1.43051147460938e-06	11072824	
1389	2	0	0	1536	1.43051147460938e-06	11072906	
1390	2	0	0	1536	1.43051147460938e-06	11072912	
1391	2	0	0	1536	1.43051147460938e-06	11072924	
1392	2	0	0	1536	1.43051147460938e-06	11073006	
1393	2	0	0	1536	1.43051147460938e-06	11073012	
1394	2	0	0	1536	1.43051147460938e-06	11073024	
1395	2	0	0	1536	1.43051147460938e-06	11073106	
1396	2	0	0	1536	1.43051147460938e-06	11073112	
1397	2	0	0	1536	1.43051147460938e-06	11073124	
1398	2	0	0	1536	1.43051147460938e-06	11080106	
1399	2	0	0	1536	1.43051147460938e-06	11080112	
1400	2	0	0	1536	1.43051147460938e-06	11080124	
1401	2	0	0	1536	1.43051147460938e-06	11080206	
1402	2	0	0	1536	1.43051147460938e-06	11080212	
1403	2	0	0	1536	1.43051147460938e-06	11080224	
1404	2	0	0	1536	1.43051147460938e-06	11080306	
1405	2	0	0	1536	1.43051147460938e-06	11080312	
1406	2	0	0	1536	1.43051147460938e-06	11080324	
1407	2	0	0	1536	1.43051147460938e-06	11080406	
1408	2	0	0	1536	1.43051147460938e-06	11080412	
1409	2	0	0	1536	1.43051147460938e-06	11080424	
1410	2	0	0	1536	1.43051147460938e-06	11080506	
1411	2	0	0	1536	1.43051147460938e-06	11080512	
1412	2	0	0	1536	1.43051147460938e-06	11080524	
1413	2	0	0	1536	1.43051147460938e-06	11080606	
1414	2	0	0	1536	1.43051147460938e-06	11080612	
1415	2	0	0	1536	1.43051147460938e-06	11080624	
1416	2	0	0	1536	1.43051147460938e-06	11080706	
1417	2	0	0	1536	1.43051147460938e-06	11080712	
1418	2	0	0	1536	1.43051147460938e-06	11080724	
1419	2	0	0	1536	1.43051147460938e-06	11080806	
1420	2	0	0	1536	1.43051147460938e-06	11080812	
1421	2	0	0	1536	1.43051147460938e-06	11080824	
1422	2	0	0	1536	1.43051147460938e-06	11080906	
1423	2	0	0	1536	1.43051147460938e-06	11080912	
1424	2	0	0	1536	1.43051147460938e-06	11080924	
1425	2	0	0	1536	1.43051147460938e-06	11081006	
1426	2	0	0	1536	1.43051147460938e-06	11081012	
1427	2	0	0	1536	1.43051147460938e-06	11081024	
1428	2	0	0	1536	1.43051147460938e-06	11081106	
1429	2	0	0	1536	1.43051147460938e-06	11081112	
1430	2	0	0	1536	1.43051147460938e-06	11081124	
1431	2	0	0	1536	1.43051147460938e-06	11081206	
1432	2	0	0	1536	1.43051147460938e-06	11081212	
1433	2	0	0	1536	1.43051147460938e-06	11081224	
1434	2	0	0	1536	1.43051147460938e-06	11081306	
1435	2	0	0	1536	1.43051147460938e-06	11081312	
1436	2	0	0	1536	1.43051147460938e-06	11081324	
1437	2	0	0	1536	1.43051147460938e-06	11081406	
1438	2	0	0	1536	1.43051147460938e-06	11081412	
1439	2	0	0	1536	1.43051147460938e-06	11081424	
1440	2	0	0	1536	1.43051147460938e-06	11081506	
1441	2	0	0	1536	1.43051147460938e-06	11081512	
1442	2	0	0	1536	1.43051147460938e-06	11081524	
1443	2	0	0	1536	1.43051147460938e-06	11081606	
1444	2	0	0	1536	1.43051147460938e-06	11081612	
1445	2	0	0	1536	1.43051147460938e-06	11081624	
1446	2	0	0	1536	1.43051147460938e-06	11081706	
1447	2	0	0	1536	1.43051147460938e-06	11081712	
1448	2	0	0	1536	1.43051147460938e-06	11081724	
1449	2	0	0	1536	1.43051147460938e-06	11081806	
1450	2	0	0	1536	1.43051147460938e-06	11081812	
1451	2	0	0	1536	1.43051147460938e-06	11081824	
1452	2	0	0	1536	1.43051147460938e-06	11081906	
1453	2	0	0	1536	1.43051147460938e-06	11081912	
1454	2	0	0	1536	1.43051147460938e-06	11081924	
1455	2	0	0	1536	1.43051147460938e-06	11082006	
1456	2	0	0	1536	1.43051147460938e-06	11082012	
1457	2	0	0	1536	1.43051147460938e-06	11082024	
1458	2	0	0	1536	1.43051147460938e-06	11082106	
1459	2	0	0	1536	1.43051147460938e-06	11082112	
1460	2	0	0	1536	1.43051147460938e-06	11082124	
1461	2	0	0	1536	1.43051147460938e-06	11082206	
1462	2	0	0	1536	1.43051147460938e-06	11082212	
1463	2	0	0	1536	1.43051147460938e-06	11082224	
1464	2	0	0	1536	1.43051147460938e-06	11082306	
1465	2	0	0	1536	1.43051147460938e-06	11082312	
1466	2	0	0	1536	1.43051147460938e-06	11082324	
1467	2	0	0	1536	1.43051147460938e-06	11082406	
1468	2	0	0	1536	1.43051147460938e-06	11082412	
1469	2	0	0	1536	1.43051147460938e-06	11082424	
1470	2	0	0	1536	1.43051147460938e-06	11082506	
1471	2	0	0	1536	1.43051147460938e-06	11082512	
1472	2	0	0	1536	1.43051147460938e-06	11082524	
1473	2	0	0	1536	1.43051147460938e-06	11082606	
1474	2	0	0	1536	1.43051147460938e-06	11082612	
1475	2	0	0	1536	1.43051147460938e-06	11082624	
1476	2	0	0	1536	1.43051147460938e-06	11082706	
1477	2	0	0	1536	1.43051147460938e-06	11082712	
1478	2	0	0	1536	1.43051147460938e-06	11082724	
1479	2	0	0	1536	1.43051147460938e-06	11082806	
1480	2	0	0	1536	1.43051147460938e-06	11082812	
1481	2	0	0	1536	1.43051147460938e-06	11082824	
1482	2	0	0	1536	1.43051147460938e-06	11082906	
1483	2	0	0	1536	1.43051147460938e-06	11082912	
1484	2	0	0	1536	1.43051147460938e-06	11082924	
1485	2	0	0	1536	1.43051147460938e-06	11083006	
1486	2	0	0	1536	1.43051147460938e-06	11083012	
1487	2	0	0	1536	1.43051147460938e-06	11083024	
1488	2	0	0	1536	1.43051147460938e-06	11083106	
1489	2	0	0	1536	1.43051147460938e-06	11083112	
1490	2	0	0	1536	1.43051147460938e-06	11083124	
1491	2	0	0	1536	1.43051147460938e-06	11090106	
1492	2	0	0	1536	1.43051147460938e-06	11090112	
1493	2	0	0	1536	1.43051147460938e-06	11090124	
1494	2	0	0	1536	1.43051147460938e-06	11090206	
1495	2	0	0	1536	1.43051147460938e-06	11090212	
1496	2	0	0	1536	1.43051147460938e-06	11090224	
1497	2	0	0	1536	1.43051147460938e-06	11090306	
1498	2	0	0	1536	1.43051147460938e-06	11090312	
1499	2	0	0	1536	1.43051147460938e-06	11090324	
1500	2	0	0	1536	1.43051147460938e-06	11090406	
1501	2	0	0	1536	1.43051147460938e-06	11090412	
1502	2	0	0	1536	1.43051147460938e-06	11090424	
1503	2	0	0	1536	1.43051147460938e-06	11090506	
1504	2	0	0	1536	1.43051147460938e-06	11090512	
1505	2	0	0	1536	1.43051147460938e-06	11090524	
1506	2	0	0	1536	1.43051147460938e-06	11090606	
1507	2	0	0	1536	1.43051147460938e-06	11090612	
1508	2	0	0	1536	1.43051147460938e-06	11090624	
1509	2	0	0	1536	1.43051147460938e-06	11090706	
1510	2	0	0	1536	1.43051147460938e-06	11090712	
1511	2	0	0	1536	1.43051147460938e-06	11090724	
1512	2	0	0	1536	1.43051147460938e-06	11090806	
1513	2	0	0	1536	1.43051147460938e-06	11090812	
1514	2	0	0	1536	1.43051147460938e-06	11090824	
1515	2	0	0	1536	1.43051147460938e-06	11090906	
1516	2	0	0	1536	1.43051147460938e-06	11090912	
1517	2	0	0	1536	1.43051147460938e-06	11090924	
1518	2	0	0	1536	1.43051147460938e-06	11091006	
1519	2	0	0	1536	1.43051147460938e-06	11091012	
1520	2	0	0	1536	1.43051147460938e-06	11091024	
1521	2	0	0	1536	1.43051147460938e-06	11091106	
1522	2	0	0	1536	1.43051147460938e-06	11091112	
1523	2	0	0	1536	1.43051147460938e-06	11091124	
1524	2	0	0	1536	1.43051147460938e-06	11091206	
1525	2	0	0	1536	1.43051147460938e-06	11091212	
1526	2	0	0	1536	1.43051147460938e-06	11091224	
1527	2	0	0	1536	1.43051147460938e-06	11091306	
1528	2	0	0	1536	1.43051147460938e-06	11091312	
1529	2	0	0	1536	1.43051147460938e-06	11091324	
1530	2	0	0	1536	1.43051147460938e-06	11091406	
1531	2	0	0	1536	1.43051147460938e-06	11091412	
1532	2	0	0	1536	1.43051147460938e-06	11091424	
1533	2	0	0	1536	1.43051147460938e-06	11091506	
1534	2	0	0	1536	1.43051147460938e-06	11091512	
1535	2	0	0	1536	1.43051147460938e-06	11091524	
1536	2	0	0	1536	1.43051147460938e-06	11091606	
1537	2	0	0	1536	1.43051147460938e-06	11091612	
1538	2	0	0	1536	1.43051147460938e-06	11091624	
1539	2	0	0	1536	1.43051147460938e-06	11091706	
1540	2	0	0	1536	1.43051147460938e-06	11091712	
1541	2	0	0	1536	1.43051147460938e-06	11091724	
1542	2	0	0	1536	1.43051147460938e-06	11091806	
1543	2	0	0	1536	1.43051147460938e-06	11091812	
1544	2	0	0	1536	1.43051147460938e-06	11091824	
1545	2	0	0	1536	1.43051147460938e-06	11091906	
1546	2	0	0	1536	1.43051147460938e-06	11091912	
1547	2	0	0	1536	1.43051147460938e-06	11091924	
1548	2	0	0	1536	1.43051147460938e-06	11092006	
1549	2	0	0	1536	1.43051147460938e-06	11092012	
1550	2	0	0	1536	1.43051147460938e-06	11092024	
1551	2	0	0	1536	1.43051147460938e-06	11092106	
1552	2	0	0	1536	1.43051147460938e-06	11092112	
1553	2	0	0	1536	1.43051147460938e-06	11092124	
1554	2	0	0	1536	1.43051147460938e-06	11092206	
1555	2	0	0	1536	1.43051147460938e-06	11092212	
1556	2	0	0	1536	1.43051147460938e-06	11092224	
1557	2	0	0	1536	1.43051147460938e-06	11092306	
1558	2	0	0	1536	1.43051147460938e-06	11092312	
1559	2	0	0	1536	1.43051147460938e-06	11092324	
1560	2	0	0	1536	1.43051147460938e-06	11092406	
1561	2	0	0	1536	1.43051147460938e-06	11092412	
1562	2	0	0	1536	1.43051147460938e-06	11092424	
1563	2	0	0	1536	1.43051147460938e-06	11092506	
1564	2	0	0	1536	1.43051147460938e-06	11092512	
1565	2	0	0	1536	1.43051147460938e-06	11092524	
1566	2	0	0	1536	1.43051147460938e-06	11092606	
1567	2	0	0	1536	1.43051147460938e-06	11092612	
1568	2	0	0	1536	1.43051147460938e-06	11092624	
1569	2	0	0	1536	1.43051147460938e-06	11092706	
1570	2	0	0	1536	1.43051147460938e-06	11092712	
1571	2	0	0	1536	1.43051147460938e-06	11092724	
1572	2	0	0	1536	1.43051147460938e-06	11092806	
1573	2	0	0	1536	1.43051147460938e-06	11092812	
1574	2	0	0	1536	1.43051147460938e-06	11092824	
1575	2	0	0	1536	1.43051147460938e-06	11092906	
1576	2	0	0	1536	1.43051147460938e-06	11092912	
1577	2	0	0	1536	1.43051147460938e-06	11092924	
1578	2	0	0	1536	1.43051147460938e-06	11093006	
1579	2	0	0	1536	1.43051147460938e-06	11093012	
1580	2	0	0	1536	1.43051147460938e-06	11093024	
1581	2	0	0	1536	1.43051147460938e-06	11100106	
1582	2	0	0	1536	1.43051147460938e-06	11100112	
1583	2	0	0	1536	1.43051147460938e-06	11100124	
1584	2	0	0	1536	1.43051147460938e-06	11100206	
1585	2	0	0	1536	1.43051147460938e-06	11100212	
1586	2	0	0	1536	1.43051147460938e-06	11100224	
1587	2	0	0	1536	1.43051147460938e-06	11100306	
1588	2	0	0	1536	1.43051147460938e-06	11100312	
1589	2	0	0	1536	1.43051147460938e-06	11100324	
1590	2	0	0	1536	1.43051147460938e-06	11100406	
1591	2	0	0	1536	1.43051147460938e-06	11100412	
1592	2	0	0	1536	1.43051147460938e-06	11100424	
1593	2	0	0	1536	1.43051147460938e-06	11100506	
1594	2	0	0	1536	1.43051147460938e-06	11100512	
1595	2	0	0	1536	1.43051147460938e-06	11100524	
1596	2	0	0	1536	1.43051147460938e-06	11100606	
1597	2	0	0	1536	1.43051147460938e-06	11100612	
1598	2	0	0	1536	1.43051147460938e-06	11100624	
1599	2	0	0	1536	1.43051147460938e-06	11100706	
1600	2	0	0	1536	1.43051147460938e-06	11100712	
1601	2	0	0	1536	1.43051147460938e-06	11100724	
1602	2	0	0	1536	1.43051147460938e-06	11100806	
1603	2	0	0	1536	1.43051147460938e-06	11100812	
1604	2	0	0	1536	1.43051147460938e-06	11100824	
1605	2	0	0	1536	1.43051147460938e-06	11100906	
1606	2	0	0	1536	1.43051147460938e-06	11100912	
1607	2	0	0	1536	1.43051147460938e-06	11100924	
1608	2	0	0	1536	1.43051147460938e-06	11101006	
1609	2	0	0	1536	1.43051147460938e-06	11101012	
1610	2	0	0	1536	1.43051147460938e-06	11101024	
1611	2	0	0	1536	1.43051147460938e-06	11101106	
1612	2	0	0	1536	1.43051147460938e-06	11101112	
1613	2	0	0	1536	1.43051147460938e-06	11101124	
1614	2	0	0	1536	1.43051147460938e-06	11101206	
1615	2	0	0	1536	1.43051147460938e-06	11101212	
1616	2	0	0	1536	1.43051147460938e-06	11101224	
1617	2	0	0	1536	1.43051147460938e-06	11101306	
1618	2	0	0	1536	1.43051147460938e-06	11101312	
1619	2	0	0	1536	1.43051147460938e-06	11101324	
1620	2	0	0	1536	1.43051147460938e-06	11101406	
1621	2	0	0	1536	1.43051147460938e-06	11101412	
1622	2	0	0	1536	1.43051147460938e-06	11101424	
1623	2	0	0	1536	1.43051147460938e-06	11101506	
1624	2	0	0	1536	1.43051147460938e-06	11101512	
1625	2	0	0	1536	1.43051147460938e-06	11101524	
1626	2	0	0	1536	1.43051147460938e-06	11101606	
1627	2	0	0	1536	1.43051147460938e-06	11101612	
1628	2	0	0	1536	1.43051147460938e-06	11101624	
1629	2	0	0	1536	1.43051147460938e-06	11101706	
1630	2	0	0	1536	1.43051147460938e-06	11101712	
1631	2	0	0	1536	1.43051147460938e-06	11101724	
1632	2	0	0	1536	1.43051147460938e-06	11101806	
1633	2	0	0	1536	1.43051147460938e-06	11101812	
1634	2	0	0	1536	1.43051147460938e-06	11101824	
1635	2	0	0	1536	1.43051147460938e-06	11101906	
1636	2	0	0	1536	1.43051147460938e-06	11101912	
1637	2	0	0	1536	1.43051147460938e-06	11101924	
1638	2	0	0	1536	1.43051147460938e-06	11102006	
1639	2	0	0	1536	1.43051147460938e-06	11102012	
1640	2	0	0	1536	1.43051147460938e-06	11102024	
1641	2	0	0	1536	1.43051147460938e-06	11102106	
1642	2	0	0	1536	1.43051147460938e-06	11102112	
1643	2	0	0	1536	1.43051147460938e-06	11102124	
1644	2	0	0	1536	1.43051147460938e-06	11102206	
1645	2	0	0	1536	1.43051147460938e-06	11102212	
1646	2	0	0	1536	1.43051147460938e-06	11102224	
1647	2	0	0	1536	1.43051147460938e-06	11102306	
1648	2	0	0	1536	1.43051147460938e-06	11102312	
1649	2	0	0	1536	1.43051147460938e-06	11102324	
1650	2	0	0	1536	1.43051147460938e-06	11102406	
1651	2	0	0	1536	1.43051147460938e-06	11102412	
1652	2	0	0	1536	1.43051147460938e-06	11102424	
1653	2	0	0	1536	1.43051147460938e-06	11102506	
1654	2	0	0	1536	1.43051147460938e-06	11102512	
1655	2	0	0	1536	1.43051147460938e-06	11102524	
1656	2	0	0	1536	1.43051147460938e-06	11102606	
1657	2	0	0	1536	1.43051147460938e-06	11102612	
1658	2	0	0	1536	1.43051147460938e-06	11102624	
1659	2	0	0	1536	1.43051147460938e-06	11102706	
1660	2	0	0	1536	1.43051147460938e-06	11102712	
1661	2	0	0	1536	1.43051147460938e-06	11102724	
1662	2	0	0	1536	1.43051147460938e-06	11102806	
1663	2	0	0	1536	1.43051147460938e-06	11102812	
1664	2	0	0	1536	1.43051147460938e-06	11102824	
1665	2	0	0	1536	1.43051147460938e-06	11102906	
1666	2	0	0	1536	1.43051147460938e-06	11102912	
1667	2	0	0	1536	1.43051147460938e-06	11102924	
1668	2	0	0	1536	1.43051147460938e-06	11103006	
1669	2	0	0	1536	1.43051147460938e-06	11103012	
1670	2	0	0	1536	1.43051147460938e-06	11103024	
1671	2	0	0	1536	1.43051147460938e-06	11103106	
1672	2	0	0	1536	1.43051147460938e-06	11103112	
1673	2	0	0	1536	1.43051147460938e-06	11103124	
1674	2	0	0	1536	1.43051147460938e-06	11110106	
1675	2	0	0	1536	1.43051147460938e-06	11110112	
1676	2	0	0	1536	1.43051147460938e-06	11110124	
1677	2	0	0	1536	1.43051147460938e-06	11110206	
1678	2	0	0	1536	1.43051147460938e-06	11110212	
1679	2	0	0	1536	1.43051147460938e-06	11110224	
1680	2	0	0	1536	1.43051147460938e-06	11110306	
1681	2	0	0	1536	1.43051147460938e-06	11110312	
1682	2	0	0	1536	1.43051147460938e-06	11110324	
1683	2	0	0	1536	1.43051147460938e-06	11110406	
1684	2	0	0	1536	1.43051147460938e-06	11110412	
1685	2	0	0	1536	1.43051147460938e-06	11110424	
1686	2	0	0	1536	1.43051147460938e-06	11110506	
1687	2	0	0	1536	1.43051147460938e-06	11110512	
1688	2	0	0	1536	1.43051147460938e-06	11110524	
1689	2	0	0	1536	1.43051147460938e-06	11110606	
1690	2	0	0	1536	1.43051147460938e-06	11110612	
1691	2	0	0	1536	1.43051147460938e-06	11110624	
1692	2	0	0	1536	1.43051147460938e-06	11110706	
1693	2	0	0	1536	1.43051147460938e-06	11110712	
1694	2	0	0	1536	1.43051147460938e-06	11110724	
1695	2	0	0	1536	1.43051147460938e-06	11110806	
1696	2	0	0	1536	1.43051147460938e-06	11110812	
1697	2	0	0	1536	1.43051147460938e-06	11110824	
1698	2	0	0	1536	1.43051147460938e-06	11110906	
1699	2	0	0	1536	1.43051147460938e-06	11110912	
1700	2	0	0	1536	1.43051147460938e-06	11110924	
1701	2	0	0	1536	1.43051147460938e-06	11111006	
1702	2	0	0	1536	1.43051147460938e-06	11111012	
1703	2	0	0	1536	1.43051147460938e-06	11111024	
1704	2	0	0	1536	1.43051147460938e-06	11111106	
1705	2	0	0	1536	1.43051147460938e-06	11111112	
1706	2	0	0	1536	1.43051147460938e-06	11111124	
1707	2	0	0	1536	1.43051147460938e-06	11111206	
1708	2	0	0	1536	1.43051147460938e-06	11111212	
1709	2	0	0	1536	1.43051147460938e-06	11111224	
1710	2	0	0	1536	1.43051147460938e-06	11111306	
1711	2	0	0	1536	1.43051147460938e-06	11111312	
1712	2	0	0	1536	1.43051147460938e-06	11111324	
1713	2	0	0	1536	1.43051147460938e-06	11111406	
1714	2	0	0	1536	1.43051147460938e-06	11111412	
1715	2	0	0	1536	1.43051147460938e-06	11111424	
1716	2	0	0	1536	1.43051147460938e-06	11111506	
1717	2	0	0	1536	1.43051147460938e-06	11111512	
1718	2	0	0	1536	1.43051147460938e-06	11111524	
1719	2	0	0	1536	1.43051147460938e-06	11111606	
1720	2	0	0	1536	1.43051147460938e-06	11111612	
1721	2	0	0	1536	1.43051147460938e-06	11111624	
1722	2	0	0	1536	1.43051147460938e-06	11111706	
1723	2	0	0	1536	1.43051147460938e-06	11111712	
1724	2	0	0	1536	1.43051147460938e-06	11111724	
1725	2	0	0	1536	1.43051147460938e-06	11111806	
1726	2	0	0	1536	1.43051147460938e-06	11111812	
1727	2	0	0	1536	1.43051147460938e-06	11111824	
1728	2	0	0	1536	1.43051147460938e-06	11111906	
1729	2	0	0	1536	1.43051147460938e-06	11111912	
1730	2	0	0	1536	1.43051147460938e-06	11111924	
1731	2	0	0	1536	1.43051147460938e-06	11112006	
1732	2	0	0	1536	1.43051147460938e-06	11112012	
1733	2	0	0	1536	1.43051147460938e-06	11112024	
1734	2	0	0	1536	1.43051147460938e-06	11112106	
1735	2	0	0	1536	1.43051147460938e-06	11112112	
1736	2	0	0	1536	1.43051147460938e-06	11112124	
1737	2	0	0	1536	1.43051147460938e-06	11112206	
1738	2	0	0	1536	1.43051147460938e-06	11112212	
1739	2	0	0	1536	1.43051147460938e-06	11112224	
1740	2	0	0	1536	1.43051147460938e-06	11112306	
1741	2	0	0	1536	1.43051147460938e-06	11112312	
1742	2	0	0	1536	1.43051147460938e-06	11112324	
1743	2	0	0	1536	1.43051147460938e-06	11112406	
1744	2	0	0	1536	1.43051147460938e-06	11112412	
1745	2	0	0	1536	1.43051147460938e-06	11112424	
1746	2	0	0	1536	1.43051147460938e-06	11112506	
1747	2	0	0	1536	1.43051147460938e-06	11112512	
1748	2	0	0	1536	1.43051147460938e-06	11112524	
1749	2	0	0	1536	1.43051147460938e-06	11112606	
1750	2	0	0	1536	1.43051147460938e-06	11112612	
1751	2	0	0	1536	1.43051147460938e-06	11112624	
1752	2	0	0	1536	1.43051147460938e-06	11112706	
1753	2	0	0	1536	1.43051147460938e-06	11112712	
1754	2	0	0	1536	1.43051147460938e-06	11112724	
1755	2	0	0	1536	1.43051147460938e-06	11112806	
1756	2	0	0	1536	1.43051147460938e-06	11112812	
1757	2	0	0	1536	1.43051147460938e-06	11112824	
1758	2	0	0	1536	1.43051147460938e-06	11112906	
1759	2	0	0	1536	1.43051147460938e-06	11112912	
1760	2	0	0	1536	1.43051147460938e-06	11112924	
1761	2	0	0	1536	1.43051147460938e-06	11113006	
1762	2	0	0	1536	1.43051147460938e-06	11113012	
1763	2	0	0	1536	1.43051147460938e-06	11113024	
1764	2	0	0	1536	1.43051147460938e-06	11120106	
1765	2	0	0	1536	1.43051147460938e-06	11120112	
1766	2	0	0	1536	1.43051147460938e-06	11120124	
1767	2	0	0	1536	1.43051147460938e-06	11120206	
1768	2	0	0	1536	1.43051147460938e-06	11120212	
1769	2	0	0	1536	1.43051147460938e-06	11120224	
1770	2	0	0	1536	1.43051147460938e-06	11120306	
1771	2	0	0	1536	1.43051147460938e-06	11120312	
1772	2	0	0	1536	1.43051147460938e-06	11120324	
1773	2	0	0	1536	1.43051147460938e-06	11120406	
1774	2	0	0	1536	1.43051147460938e-06	11120412	
1775	2	0	0	1536	1.43051147460938e-06	11120424	
1776	2	0	0	1536	1.43051147460938e-06	11120506	
1777	2	0	0	1536	1.43051147460938e-06	11120512	
1778	2	0	0	1536	1.43051147460938e-06	11120524	
1779	2	0	0	1536	1.43051147460938e-06	11120606	
1780	2	0	0	1536	1.43051147460938e-06	11120612	
1781	2	0	0	1536	1.43051147460938e-06	11120624	
1782	2	0	0	1536	1.43051147460938e-06	11120706	
1783	2	0	0	1536	1.43051147460938e-06	11120712	
1784	2	0	0	1536	1.43051147460938e-06	11120724	
1785	2	0	0	1536	1.43051147460938e-06	11120806	
1786	2	0	0	1536	1.43051147460938e-06	11120812	
1787	2	0	0	1536	1.43051147460938e-06	11120824	
1788	2	0	0	1536	1.43051147460938e-06	11120906	
1789	2	0	0	1536	1.43051147460938e-06	11120912	
1790	2	0	0	1536	1.43051147460938e-06	11120924	
1791	2	0	0	1536	1.43051147460938e-06	11121006	
1792	2	0	0	1536	1.43051147460938e-06	11121012	
1793	2	0	0	1536	1.43051147460938e-06	11121024	
1794	2	0	0	1536	1.43051147460938e-06	11121106	
1795	2	0	0	1536	1.43051147460938e-06	11121112	
1796	2	0	0	1536	1.43051147460938e-06	11121124	
1797	2	0	0	1536	1.43051147460938e-06	11121206	
1798	2	0	0	1536	1.43051147460938e-06	11121212	
1799	2	0	0	1536	1.43051147460938e-06	11121224	
1800	2	0	0	1536	1.43051147460938e-06	11121306	
1801	2	0	0	1536	1.43051147460938e-06	11121312	
1802	2	0	0	1536	1.43051147460938e-06	11121324	
1803	2	0	0	1536	1.43051147460938e-06	11121406	
1804	2	0	0	1536	1.43051147460938e-06	11121412	
1805	2	0	0	1536	1.43051147460938e-06	11121424	
1806	2	0	0	1536	1.43051147460938e-06	11121506	
1807	2	0	0	1536	1.43051147460938e-06	11121512	
1808	2	0	0	1536	1.43051147460938e-06	11121524	
1809	2	0	0	1536	1.43051147460938e-06	11121606	
1810	2	0	0	1536	1.43051147460938e-06	11121612	
1811	2	0	0	1536	1.43051147460938e-06	11121624	
1812	2	0	0	1536	1.43051147460938e-06	11121706	
1813	2	0	0	1536	1.43051147460938e-06	11121712	
1814	2	0	0	1536	1.43051147460938e-06	11121724	
1815	2	0	0	1536	1.43051147460938e-06	11121806	
1816	2	0	0	1536	1.43051147460938e-06	11121812	
1817	2	0	0	1536	1.43051147460938e-06	11121824	
1818	2	0	0	1536	1.43051147460938e-06	11121906	
1819	2	0	0	1536	1.43051147460938e-06	11121912	
1820	2	0	0	1536	1.43051147460938e-06	11121924	
1821	2	0	0	1536	1.43051147460938e-06	11122006	
1822	2	0	0	1536	1.43051147460938e-06	11122012	
1823	2	0	0	1536	1.43051147460938e-06	11122024	
1824	2	0	0	1536	1.43051147460938e-06	11122106	
1825	2	0	0	1536	1.43051147460938e-06	11122112	
1826	2	0	0	1536	1.43051147460938e-06	11122124	
1827	2	0	0	1536	1.43051147460938e-06	11122206	
1828	2	0	0	1536	1.43051147460938e-06	11122212	
1829	2	0	0	1536	1.43051147460938e-06	11122224	
1830	2	0	0	1536	1.43051147460938e-06	11122306	
1831	2	0	0	1536	1.43051147460938e-06	11122312	
1832	2	0	0	1536	1.43051147460938e-06	11122324	
1833	2	0	0	1536	1.43051147460938e-06	11122406	
1834	2	0	0	1536	1.43051147460938e-06	11122412	
1835	2	0	0	1536	1.43051147460938e-06	11122424	
1836	2	0	0	1536	1.43051147460938e-06	11122506	
1837	2	0	0	1536	1.43051147460938e-06	11122512	
1838	2	0	0	1536	1.43051147460938e-06	11122524	
1839	2	0	0	1536	1.43051147460938e-06	11122606	
1840	2	0	0	1536	1.43051147460938e-06	11122612	
1841	2	0	0	1536	1.43051147460938e-06	11122624	
1842	2	0	0	1536	1.43051147460938e-06	11122706	
1843	2	0	0	1536	1.43051147460938e-06	11122712	
1844	2	0	0	1536	1.43051147460938e-06	11122724	
1845	2	0	0	1536	1.43051147460938e-06	11122806	
1846	2	0	0	1536	1.43051147460938e-06	11122812	
1847	2	0	0	1536	1.43051147460938e-06	11122824	
1848	2	0	0	1536	1.43051147460938e-06	11122906	
1849	2	0	0	1536	1.43051147460938e-06	11122912	
1850	2	0	0	1536	1.43051147460938e-06	11122924	
1851	2	0	0	1536	1.43051147460938e-06	11123006	
1852	2	0	0	1536	1.43051147460938e-06	11123012	
1853	2	0	0	1536	1.43051147460938e-06	11123024	
1854	2	0	0	1536	1.43051147460938e-06	11123106	
1855	2	0	0	1536	1.43051147460938e-06	11123112	
1856	2	0	0	1536	1.43051147460938e-06	11123124	
1857	2	0	0	1536	1.43051147460938e-06	12010106	
1858	2	0	0	1536	1.43051147460938e-06	12010112	
1859	2	0	0	1536	1.43051147460938e-06	12010124	
1860	2	0	0	1536	1.43051147460938e-06	12010206	
1861	2	0	0	1536	1.43051147460938e-06	12010212	
1862	2	0	0	1536	1.43051147460938e-06	12010224	
1863	2	0	0	1536	1.43051147460938e-06	12010306	
1864	2	0	0	1536	1.43051147460938e-06	12010312	
1865	2	0	0	1536	1.43051147460938e-06	12010324	
1866	2	0	0	1536	1.43051147460938e-06	12010406	
1867	2	0	0	1536	1.43051147460938e-06	12010412	
1868	2	0	0	1536	1.43051147460938e-06	12010424	
1869	2	0	0	1536	1.43051147460938e-06	12010506	
1870	2	0	0	1536	1.43051147460938e-06	12010512	
1871	2	0	0	1536	1.43051147460938e-06	12010524	
1872	2	0	0	1536	1.43051147460938e-06	12010606	
1873	2	0	0	1536	1.43051147460938e-06	12010612	
1874	2	0	0	1536	1.43051147460938e-06	12010624	
1875	2	0	0	1536	1.43051147460938e-06	12010706	
1876	2	0	0	1536	1.43051147460938e-06	12010712	
1877	2	0	0	1536	1.43051147460938e-06	12010724	
1878	2	0	0	1536	1.43051147460938e-06	12010806	
1879	2	0	0	1536	1.43051147460938e-06	12010812	
1880	2	0	0	1536	1.43051147460938e-06	12010824	
1881	2	0	0	1536	1.43051147460938e-06	12010906	
1882	2	0	0	1536	1.43051147460938e-06	12010912	
1883	2	0	0	1536	1.43051147460938e-06	12010924	
1884	2	0	0	1536	1.43051147460938e-06	12011006	
1885	2	0	0	1536	1.43051147460938e-06	12011012	
1886	2	0	0	1536	1.43051147460938e-06	12011024	
1887	2	0	0	1536	1.43051147460938e-06	12011106	
1888	2	0	0	1536	1.43051147460938e-06	12011112	
1889	2	0	0	1536	1.43051147460938e-06	12011124	
1890	2	0	0	1536	1.43051147460938e-06	12011206	
1891	2	0	0	1536	1.43051147460938e-06	12011212	
1892	2	0	0	1536	1.43051147460938e-06	12011224	
1893	2	0	0	1536	1.43051147460938e-06	12011306	
1894	2	0	0	1536	1.43051147460938e-06	12011312	
1895	2	0	0	1536	1.43051147460938e-06	12011324	
1896	2	0	0	1536	1.43051147460938e-06	12011406	
1897	2	0	0	1536	1.43051147460938e-06	12011412	
1898	2	0	0	1536	1.43051147460938e-06	12011424	
1899	2	0	0	1536	1.43051147460938e-06	12011506	
1900	2	0	0	1536	1.43051147460938e-06	12011512	
1901	2	0	0	1536	1.43051147460938e-06	12011524	
1902	2	0	0	1536	1.43051147460938e-06	12011606	
1903	2	0	0	1536	1.43051147460938e-06	12011612	
1904	2	0	0	1536	1.43051147460938e-06	12011624	
1905	2	0	0	1536	1.43051147460938e-06	12011706	
1906	2	0	0	1536	1.43051147460938e-06	12011712	
1907	2	0	0	1536	1.43051147460938e-06	12011724	
1908	2	0	0	1536	1.43051147460938e-06	12011806	
1909	2	0	0	1536	1.43051147460938e-06	12011812	
1910	2	0	0	1536	1.43051147460938e-06	12011824	
1911	2	0	0	1536	1.43051147460938e-06	12011906	
1912	2	0	0	1536	1.43051147460938e-06	12011912	
1913	2	0	0	1536	1.43051147460938e-06	12011924	
1914	2	0	0	1536	1.43051147460938e-06	12012006	
1915	2	0	0	1536	1.43051147460938e-06	12012012	
1916	2	0	0	1536	1.43051147460938e-06	12012024	
1917	2	0	0	1536	1.43051147460938e-06	12012106	
1918	2	0	0	1536	1.43051147460938e-06	12012112	
1919	2	0	0	1536	1.43051147460938e-06	12012124	
1920	2	0	0	1536	1.43051147460938e-06	12012206	
1921	2	0	0	1536	1.43051147460938e-06	12012212	
1922	2	0	0	1536	1.43051147460938e-06	12012224	
1923	2	0	0	1536	1.43051147460938e-06	12012306	
1924	2	0	0	1536	1.43051147460938e-06	12012312	
1925	2	0	0	1536	1.43051147460938e-06	12012324	
1926	2	0	0	1536	1.43051147460938e-06	12012406	
1927	2	0	0	1536	1.43051147460938e-06	12012412	
1928	2	0	0	1536	1.43051147460938e-06	12012424	
1929	2	0	0	1536	1.43051147460938e-06	12012506	
1930	2	0	0	1536	1.43051147460938e-06	12012512	
1931	2	0	0	1536	1.43051147460938e-06	12012524	
1932	2	0	0	1536	1.43051147460938e-06	12012606	
1933	2	0	0	1536	1.43051147460938e-06	12012612	
1934	2	0	0	1536	1.43051147460938e-06	12012624	
1935	2	0	0	1536	1.43051147460938e-06	12012706	
1936	2	0	0	1536	1.43051147460938e-06	12012712	
1937	2	0	0	1536	1.43051147460938e-06	12012724	
1938	2	0	0	1536	1.43051147460938e-06	12012806	
1939	2	0	0	1536	1.43051147460938e-06	12012812	
1940	2	0	0	1536	1.43051147460938e-06	12012824	
1941	2	0	0	1536	1.43051147460938e-06	12012906	
1942	2	0	0	1536	1.43051147460938e-06	12012912	
1943	2	0	0	1536	1.43051147460938e-06	12012924	
1944	2	0	0	1536	1.43051147460938e-06	12013006	
1945	2	0	0	1536	1.43051147460938e-06	12013012	
1946	2	0	0	1536	1.43051147460938e-06	12013024	
1947	2	0	0	1536	1.43051147460938e-06	12013106	
1948	2	0	0	1536	1.43051147460938e-06	12013112	
1949	2	0	0	1536	1.43051147460938e-06	12013124	
1950	2	0	0	1536	1.43051147460938e-06	12020106	
1951	2	0	0	1536	1.43051147460938e-06	12020112	
1952	2	0	0	1536	1.43051147460938e-06	12020124	
1953	2	0	0	1536	1.43051147460938e-06	12020206	
1954	2	0	0	1536	1.43051147460938e-06	12020212	
1955	2	0	0	1536	1.43051147460938e-06	12020224	
1956	2	0	0	1536	1.43051147460938e-06	12020306	
1957	2	0	0	1536	1.43051147460938e-06	12020312	
1958	2	0	0	1536	1.43051147460938e-06	12020324	
1959	2	0	0	1536	1.43051147460938e-06	12020406	
1960	2	0	0	1536	1.43051147460938e-06	12020412	
1961	2	0	0	1536	1.43051147460938e-06	12020424	
1962	2	0	0	1536	1.43051147460938e-06	12020506	
1963	2	0	0	1536	1.43051147460938e-06	12020512	
1964	2	0	0	1536	1.43051147460938e-06	12020524	
1965	2	0	0	1536	1.43051147460938e-06	12020606	
1966	2	0	0	1536	1.43051147460938e-06	12020612	
1967	2	0	0	1536	1.43051147460938e-06	12020624	
1968	2	0	0	1536	1.43051147460938e-06	12020706	
1969	2	0	0	1536	1.43051147460938e-06	12020712	
1970	2	0	0	1536	1.43051147460938e-06	12020724	
1971	2	0	0	1536	1.43051147460938e-06	12020806	
1972	2	0	0	1536	1.43051147460938e-06	12020812	
1973	2	0	0	1536	1.43051147460938e-06	12020824	
1974	2	0	0	1536	1.43051147460938e-06	12020906	
1975	2	0	0	1536	1.43051147460938e-06	12020912	
1976	2	0	0	1536	1.43051147460938e-06	12020924	
1977	2	0	0	1536	1.43051147460938e-06	12021006	
1978	2	0	0	1536	1.43051147460938e-06	12021012	
1979	2	0	0	1536	1.43051147460938e-06	12021024	
1980	2	0	0	1536	1.43051147460938e-06	12021106	
1981	2	0	0	1536	1.43051147460938e-06	12021112	
1982	2	0	0	1536	1.43051147460938e-06	12021124	
1983	2	0	0	1536	1.43051147460938e-06	12021206	
1984	2	0	0	1536	1.43051147460938e-06	12021212	
1985	2	0	0	1536	1.43051147460938e-06	12021224	
1986	2	0	0	1536	1.43051147460938e-06	12021306	
1987	2	0	0	1536	1.43051147460938e-06	12021312	
1988	2	0	0	1536	1.43051147460938e-06	12021324	
1989	2	0	0	1536	1.43051147460938e-06	12021406	
1990	2	0	0	1536	1.43051147460938e-06	12021412	
1991	2	0	0	1536	1.43051147460938e-06	12021424	
1992	2	0	0	1536	1.43051147460938e-06	12021506	
1993	2	0	0	1536	1.43051147460938e-06	12021512	
1994	2	0	0	1536	1.43051147460938e-06	12021524	
1995	2	0	0	1536	1.43051147460938e-06	12021606	
1996	2	0	0	1536	1.43051147460938e-06	12021612	
1997	2	0	0	1536	1.43051147460938e-06	12021624	
1998	2	0	0	1536	1.43051147460938e-06	12021706	
1999	2	0	0	1536	1.43051147460938e-06	12021712	
2000	2	0	0	1536	1.43051147460938e-06	12021724	
2001	2	0	0	1536	1.43051147460938e-06	12021806	
2002	2	0	0	1536	1.43051147460938e-06	12021812	
2003	2	0	0	1536	1.43051147460938e-06	12021824	
2004	2	0	0	1536	1.43051147460938e-06	12021906	
2005	2	0	0	1536	1.43051147460938e-06	12021912	
2006	2	0	0	1536	1.43051147460938e-06	12021924	
2007	2	0	0	1536	1.43051147460938e-06	12022006	
2008	2	0	0	1536	1.43051147460938e-06	12022012	
2009	2	0	0	1536	1.43051147460938e-06	12022024	
2010	2	0	0	1536	1.43051147460938e-06	12022106	
2011	2	0	0	1536	1.43051147460938e-06	12022112	
2012	2	0	0	1536	1.43051147460938e-06	12022124	
2013	2	0	0	1536	1.43051147460938e-06	12022206	
2014	2	0	0	1536	1.43051147460938e-06	12022212	
2015	2	0	0	1536	1.43051147460938e-06	12022224	
2016	2	0	0	1536	1.43051147460938e-06	12022306	
2017	2	0	0	1536	1.43051147460938e-06	12022312	
2018	2	0	0	1536	1.43051147460938e-06	12022324	
2019	2	0	0	1536	1.43051147460938e-06	12022406	
2020	2	0	0	1536	1.43051147460938e-06	12022412	
2021	2	0	0	1536	1.43051147460938e-06	12022424	
2022	2	0	0	1536	1.43051147460938e-06	12022506	
2023	2	0	0	1536	1.43051147460938e-06	12022512	
2024	2	0	0	1536	1.43051147460938e-06	12022524	
2025	2	0	0	1536	1.43051147460938e-06	12022606	
2026	2	0	0	1536	1.43051147460938e-06	12022612	
2027	2	0	0	1536	1.43051147460938e-06	12022624	
2028	2	0	0	1536	1.43051147460938e-06	12022706	
2029	2	0	0	1536	1.43051147460938e-06	12022712	
2030	2	0	0	1536	1.43051147460938e-06	12022724	
2031	2	0	0	1536	1.43051147460938e-06	12022806	
2032	2	0	0	1536	1.43051147460938e-06	12022812	
2033	2	0	0	1536	1.43051147460938e-06	12022824	
2034	2	0	0	1536	1.43051147460938e-06	12022906	
2035	2	0	0	1536	1.43051147460938e-06	12022912	
2036	2	0	0	1536	1.43051147460938e-06	12022924	
2037	2	0	0	1536	1.43051147460938e-06	12030106	
2038	2	0	0	1536	1.43051147460938e-06	12030112	
2039	2	0	0	1536	1.43051147460938e-06	12030124	
2040	2	0	0	1536	1.43051147460938e-06	12030206	
2041	2	0	0	1536	1.43051147460938e-06	12030212	
2042	2	0	0	1536	1.43051147460938e-06	12030224	
2043	2	0	0	1536	1.43051147460938e-06	12030306	
2044	2	0	0	1536	1.43051147460938e-06	12030312	
2045	2	0	0	1536	1.43051147460938e-06	12030324	
2046	2	0	0	1536	1.43051147460938e-06	12030406	
2047	2	0	0	1536	1.43051147460938e-06	12030412	
2048	2	0	0	1536	1.43051147460938e-06	12030424	
2049	2	0	0	1536	1.43051147460938e-06	12030506	
2050	2	0	0	1536	1.43051147460938e-06	12030512	
2051	2	0	0	1536	1.43051147460938e-06	12030524	
2052	2	0	0	1536	1.43051147460938e-06	12030606	
2053	2	0	0	1536	1.43051147460938e-06	12030612	
2054	2	0	0	1536	1.43051147460938e-06	12030624	
2055	2	0	0	1536	1.43051147460938e-06	12030706	
2056	2	0	0	1536	1.43051147460938e-06	12030712	
2057	2	0	0	1536	1.43051147460938e-06	12030724	
2058	2	0	0	1536	1.43051147460938e-06	12030806	
2059	2	0	0	1536	1.43051147460938e-06	12030812	
2060	2	0	0	1536	1.43051147460938e-06	12030824	
2061	2	0	0	1536	1.43051147460938e-06	12030906	
2062	2	0	0	1536	1.43051147460938e-06	12030912	
2063	2	0	0	1536	1.43051147460938e-06	12030924	
2064	2	0	0	1536	1.43051147460938e-06	12031006	
2065	2	0	0	1536	1.43051147460938e-06	12031012	
2066	2	0	0	1536	1.43051147460938e-06	12031024	
2067	2	0	0	1536	1.43051147460938e-06	12031106	
2068	2	0	0	1536	1.43051147460938e-06	12031112	
2069	2	0	0	1536	1.43051147460938e-06	12031124	
2070	2	0	0	1536	1.43051147460938e-06	12031206	
2071	2	0	0	1536	1.43051147460938e-06	12031212	
2072	2	0	0	1536	1.43051147460938e-06	12031224	
2073	2	0	0	1536	1.43051147460938e-06	12031306	
2074	2	0	0	1536	1.43051147460938e-06	12031312	
2075	2	0	0	1536	1.43051147460938e-06	12031324	
2076	2	0	0	1536	1.43051147460938e-06	12031406	
2077	2	0	0	1536	1.43051147460938e-06	12031412	
2078	2	0	0	1536	1.43051147460938e-06	12031424	
2079	2	0	0	1536	1.43051147460938e-06	12031506	
2080	2	0	0	1536	1.43051147460938e-06	12031512	
2081	2	0	0	1536	1.43051147460938e-06	12031524	
2082	2	0	0	1536	1.43051147460938e-06	12031606	
2083	2	0	0	1536	1.43051147460938e-06	12031612	
2084	2	0	0	1536	1.43051147460938e-06	12031624	
2085	2	0	0	1536	1.43051147460938e-06	12031706	
2086	2	0	0	1536	1.43051147460938e-06	12031712	
2087	2	0	0	1536	1.43051147460938e-06	12031724	
2088	2	0	0	1536	1.43051147460938e-06	12031806	
2089	2	0	0	1536	1.43051147460938e-06	12031812	
2090	2	0	0	1536	1.43051147460938e-06	12031824	
2091	2	0	0	1536	1.43051147460938e-06	12031906	
2092	2	0	0	1536	1.43051147460938e-06	12031912	
2093	2	0	0	1536	1.43051147460938e-06	12031924	
2094	2	0	0	1536	1.43051147460938e-06	12032006	
2095	2	0	0	1536	1.43051147460938e-06	12032012	
2096	2	0	0	1536	1.43051147460938e-06	12032024	
2097	2	0	0	1536	1.43051147460938e-06	12032106	
2098	2	0	0	1536	1.43051147460938e-06	12032112	
2099	2	0	0	1536	1.43051147460938e-06	12032124	
2100	2	0	0	1536	1.43051147460938e-06	12032206	
2101	2	0	0	1536	1.43051147460938e-06	12032212	
2102	2	0	0	1536	1.43051147460938e-06	12032224	
2103	2	0	0	1536	1.43051147460938e-06	12032306	
2104	2	0	0	1536	1.43051147460938e-06	12032312	
2105	2	0	0	1536	1.43051147460938e-06	12032324	
2106	2	0	0	1536	1.43051147460938e-06	12032406	
2107	2	0	0	1536	1.43051147460938e-06	12032412	
2108	2	0	0	1536	1.43051147460938e-06	12032424	
2109	2	0	0	1536	1.43051147460938e-06	12032506	
2110	2	0	0	1536	1.43051147460938e-06	12032512	
2111	2	0	0	1536	1.43051147460938e-06	12032524	
2112	2	0	0	1536	1.43051147460938e-06	12032606	
2113	2	0	0	1536	1.43051147460938e-06	12032612	
2114	2	0	0	1536	1.43051147460938e-06	12032624	
2115	2	0	0	1536	1.43051147460938e-06	12032706	
2116	2	0	0	1536	1.43051147460938e-06	12032712	
2117	2	0	0	1536	1.43051147460938e-06	12032724	
2118	2	0	0	1536	1.43051147460938e-06	12032806	
2119	2	0	0	1536	1.43051147460938e-06	12032812	
2120	2	0	0	1536	1.43051147460938e-06	12032824	
2121	2	0	0	1536	1.43051147460938e-06	12032906	
2122	2	0	0	1536	1.43051147460938e-06	12032912	
2123	2	0	0	1536	1.43051147460938e-06	12032924	
2124	2	0	0	1536	1.43051147460938e-06	12033006	
2125	2	0	0	1536	1.43051147460938e-06	12033012	
2126	2	0	0	1536	1.43051147460938e-06	12033024	
2127	2	0	0	1536	1.43051147460938e-06	12033106	
2128	2	0	0	1536	1.43051147460938e-06	12033112	
2129	2	0	0	1536	1.43051147460938e-06	12033124	
2130	2	0	0	1536	1.43051147460938e-06	12040106	
2131	2	0	0	1536	1.43051147460938e-06	12040112	
2132	2	0	0	1536	1.43051147460938e-06	12040124	
2133	2	0	0	1536	1.43051147460938e-06	12040206	
2134	2	0	0	1536	1.43051147460938e-06	12040212	
2135	2	0	0	1536	1.43051147460938e-06	12040224	
2136	2	0	0	1536	1.43051147460938e-06	12040306	
2137	2	0	0	1536	1.43051147460938e-06	12040312	
2138	2	0	0	1536	1.43051147460938e-06	12040324	
